# Edges (u,v,w)
1 2 5
2 3 8
2 4 5
3 5 7
3 6 9
4 7 7
4 8 7
5 9 6
5 10 7
6 11 10
6 12 5
7 13 6
7 14 7
8 15 9
8 16 8
9 17 5
9 18 5
10 19 6
10 20 8
11 21 5
11 22 9
12 23 5
12 24 6
13 25 8
13 26 7
14 27 6
14 28 9
15 29 6
15 30 5
16 31 8
16 32 5
17 33 7
17 34 10
18 35 10
18 36 8
19 37 7
19 38 8
20 39 6
20 40 7
21 41 10
21 42 10
22 43 7
22 44 6
23 45 6
23 46 10
24 47 7
24 48 10
25 49 6
25 50 8
26 51 9
26 52 7
27 53 8
27 54 9
28 55 5
28 56 5
29 57 6
29 58 10
30 59 7
30 60 7
31 61 7
31 62 7
32 63 8
32 64 6
33 65 10
33 66 10
34 67 7
34 68 5
35 69 5
35 70 8
36 71 6
36 72 6
37 73 10
37 74 10
38 75 5
38 76 8
39 77 6
39 78 7
40 79 8
40 80 5
41 81 10
41 82 7
42 83 9
42 84 7
43 85 10
43 86 5
44 87 5
44 88 8
45 89 6
45 90 9
46 91 5
46 92 10
47 93 7
47 94 8
48 95 9
48 96 8
49 97 9
49 98 5
50 99 7
50 100 8
