# Edges (u,v,w)
1 2 7
2 3 10
2 4 5
3 5 6
3 6 10
4 7 9
4 8 8
5 9 10
5 10 5
6 11 8
6 12 7
7 13 10
7 14 6
8 15 5
8 16 6
9 17 7
9 18 7
10 19 8
10 20 10
11 21 5
11 22 7
12 23 9
12 24 10
13 25 10
13 26 9
14 27 8
14 28 10
15 29 8
15 30 5
16 31 6
16 32 9
17 33 10
17 34 6
18 35 9
18 36 10
19 37 5
19 38 8
20 39 9
20 40 9
21 41 10
21 42 8
22 43 10
22 44 5
23 45 8
23 46 9
24 47 8
24 48 7
25 49 9
25 50 7
26 51 6
26 52 6
27 53 10
27 54 10
28 55 8
28 56 6
29 57 9
29 58 7
30 59 6
30 60 5
31 61 6
31 62 10
32 63 9
32 64 10
33 65 5
33 66 7
34 67 9
34 68 5
35 69 6
35 70 5
36 71 7
36 72 6
37 73 8
37 74 10
38 75 10
38 76 6
39 77 7
39 78 5
40 79 6
40 80 9
41 81 10
41 82 6
42 83 8
42 84 10
43 85 8
43 86 6
44 87 5
44 88 10
45 89 10
45 90 10
46 91 6
46 92 8
47 93 9
47 94 6
48 95 5
48 96 6
49 97 8
49 98 10
50 99 8
50 100 8
51 101 9
51 102 8
52 103 5
52 104 5
53 105 6
53 106 10
54 107 9
54 108 6
55 109 9
55 110 5
56 111 8
56 112 7
57 113 6
57 114 6
58 115 6
58 116 7
59 117 6
59 118 9
60 119 6
60 120 10
61 121 8
61 122 10
62 123 6
62 124 5
63 125 10
63 126 6
64 127 6
64 128 7
65 129 6
65 130 5
66 131 8
66 132 5
67 133 5
67 134 6
68 135 9
68 136 9
69 137 7
69 138 5
70 139 5
70 140 5
71 141 8
71 142 5
72 143 8
72 144 10
73 145 6
73 146 8
74 147 5
74 148 7
75 149 9
75 150 5
76 151 8
76 152 6
77 153 5
77 154 6
78 155 8
78 156 5
79 157 5
79 158 9
80 159 8
80 160 7
81 161 7
81 162 7
82 163 5
82 164 8
83 165 9
83 166 10
84 167 8
84 168 5
85 169 7
85 170 6
86 171 9
86 172 7
87 173 7
87 174 5
88 175 8
88 176 9
89 177 8
89 178 5
90 179 9
90 180 7
91 181 6
91 182 7
92 183 7
92 184 9
93 185 9
93 186 9
94 187 5
94 188 6
95 189 7
95 190 5
96 191 8
96 192 8
97 193 7
97 194 6
98 195 7
98 196 6
99 197 7
99 198 5
100 199 9
100 200 10
