# Edges (u,v,w)
1 2 9
1 3 1
2 4 10
2 5 4
3 6 1
3 7 7
4 8 3
4 9 4
5 10 10
5 11 3
6 12 9
6 13 1
7 14 1
7 15 3
8 16 9
8 17 4
9 18 1
9 19 3
10 20 10
10 21 4
11 22 6
11 23 2
12 24 2
12 25 8
13 26 1
13 27 9
14 28 9
14 29 10
15 30 9
15 31 1
16 32 10
16 33 4
17 34 10
17 35 7
18 36 10
18 37 4
19 38 6
19 39 8
20 40 10
20 41 5
21 42 6
21 43 9
22 44 7
22 45 5
23 46 5
23 47 4
24 48 6
24 49 1
25 50 3
25 51 9
26 52 6
26 53 3
27 54 5
27 55 5
28 56 6
28 57 3
29 58 10
29 59 10
30 60 8
30 61 10
31 62 6
31 63 1
32 64 7
32 65 1
33 66 8
33 67 3
34 68 4
34 69 9
35 70 2
35 71 5
36 72 6
36 73 7
37 74 10
37 75 7
38 76 1
38 77 1
39 78 2
39 79 8
40 80 4
40 81 1
41 82 9
41 83 10
42 84 8
42 85 10
43 86 7
43 87 2
44 88 5
44 89 8
45 90 10
45 91 3
46 92 9
46 93 9
47 94 5
47 95 3
48 96 9
48 97 4
49 98 7
49 99 9
50 100 1
