# Edges (u,v,w)
1 2 0
1 3 0
2 4 0
2 5 1
3 6 0
3 7 1
4 8 0
4 9 0
5 10 0
5 11 1
6 12 1
6 13 0
7 14 1
7 15 0
8 16 0
8 17 0
9 18 0
9 19 0
10 20 0
10 21 0
11 22 1
11 23 1
12 24 0
12 25 0
13 26 0
13 27 0
14 28 1
14 29 0
15 30 1
15 31 0
16 32 0
16 33 1
17 34 0
17 35 1
18 36 1
18 37 1
19 38 1
19 39 1
20 40 1
20 41 1
21 42 1
21 43 1
22 44 0
22 45 1
23 46 1
23 47 1
24 48 0
24 49 0
25 50 0
25 51 1
26 52 1
26 53 0
27 54 1
27 55 1
28 56 1
28 57 0
29 58 0
29 59 1
30 60 0
30 61 0
31 62 1
31 63 1
32 64 1
32 65 0
33 66 1
33 67 1
34 68 0
34 69 0
35 70 0
35 71 0
36 72 0
36 73 1
37 74 0
37 75 0
38 76 1
38 77 0
39 78 1
39 79 0
40 80 1
40 81 0
41 82 0
41 83 0
42 84 1
42 85 0
43 86 1
43 87 1
44 88 1
44 89 0
45 90 1
45 91 1
46 92 0
46 93 1
47 94 1
47 95 0
48 96 1
48 97 1
49 98 1
49 99 0
50 100 1
