# Edges (u,v,w)
1 2 0
1 3 1
2 4 1
2 5 1
3 6 1
3 7 0
4 8 1
4 9 0
5 10 1
5 11 0
6 12 0
6 13 1
7 14 1
7 15 1
8 16 1
8 17 1
9 18 0
9 19 0
10 20 1
10 21 1
11 22 0
11 23 1
12 24 0
12 25 1
13 26 1
13 27 1
14 28 1
14 29 1
15 30 1
15 31 1
16 32 1
16 33 1
17 34 1
17 35 1
18 36 0
18 37 1
19 38 0
19 39 0
20 40 1
20 41 0
21 42 1
21 43 0
22 44 0
22 45 0
23 46 1
23 47 0
24 48 0
24 49 0
25 50 1
25 51 0
26 52 0
26 53 1
27 54 0
27 55 0
28 56 0
28 57 1
29 58 0
29 59 1
30 60 1
30 61 1
31 62 0
31 63 1
32 64 0
32 65 0
33 66 0
33 67 1
34 68 1
34 69 1
35 70 0
35 71 0
36 72 0
36 73 0
37 74 1
37 75 0
38 76 0
38 77 0
39 78 0
39 79 1
40 80 1
40 81 1
41 82 0
41 83 0
42 84 0
42 85 1
43 86 0
43 87 0
44 88 1
44 89 1
45 90 0
45 91 1
46 92 1
46 93 0
47 94 1
47 95 0
48 96 1
48 97 1
49 98 0
49 99 0
50 100 0
