# Edges (u,v,w)
1 2 0
1 3 1
2 4 1
2 5 0
3 6 0
3 7 0
4 8 1
4 9 1
5 10 1
5 11 0
6 12 0
6 13 0
7 14 1
7 15 0
8 16 1
8 17 1
9 18 0
9 19 0
10 20 1
10 21 0
11 22 1
11 23 1
12 24 0
12 25 1
13 26 1
13 27 1
14 28 0
14 29 0
15 30 0
15 31 1
16 32 0
16 33 0
17 34 0
17 35 1
18 36 1
18 37 0
19 38 1
19 39 0
20 40 0
20 41 1
21 42 1
21 43 1
22 44 1
22 45 0
23 46 0
23 47 0
24 48 0
24 49 0
25 50 1
25 51 0
26 52 0
26 53 0
27 54 0
27 55 0
28 56 0
28 57 1
29 58 0
29 59 0
30 60 1
30 61 0
31 62 0
31 63 1
32 64 0
32 65 1
33 66 0
33 67 0
34 68 1
34 69 1
35 70 0
35 71 1
36 72 1
36 73 1
37 74 1
37 75 1
38 76 0
38 77 0
39 78 0
39 79 0
40 80 0
40 81 1
41 82 1
41 83 1
42 84 1
42 85 0
43 86 1
43 87 1
44 88 0
44 89 1
45 90 1
45 91 0
46 92 1
46 93 1
47 94 0
47 95 0
48 96 1
48 97 1
49 98 0
49 99 1
50 100 1
