# Edges (u,v,w)
1 2 1
1 3 1
2 4 0
2 5 0
3 6 1
3 7 1
4 8 1
4 9 1
5 10 1
5 11 1
6 12 0
6 13 1
7 14 1
7 15 0
8 16 1
8 17 1
9 18 0
9 19 1
10 20 0
10 21 0
11 22 0
11 23 1
12 24 1
12 25 0
13 26 1
13 27 0
14 28 0
14 29 0
15 30 1
15 31 1
16 32 0
16 33 0
17 34 0
17 35 1
18 36 1
18 37 0
19 38 0
19 39 1
20 40 1
20 41 0
21 42 0
21 43 0
22 44 1
22 45 0
23 46 0
23 47 0
24 48 0
24 49 0
25 50 0
25 51 1
26 52 0
26 53 0
27 54 0
27 55 0
28 56 0
28 57 1
29 58 1
29 59 1
30 60 1
30 61 1
31 62 0
31 63 1
32 64 0
32 65 0
33 66 0
33 67 1
34 68 0
34 69 1
35 70 0
35 71 0
36 72 0
36 73 1
37 74 0
37 75 0
38 76 1
38 77 0
39 78 1
39 79 1
40 80 0
40 81 1
41 82 1
41 83 1
42 84 0
42 85 0
43 86 1
43 87 0
44 88 0
44 89 0
45 90 1
45 91 0
46 92 0
46 93 0
47 94 1
47 95 1
48 96 1
48 97 1
49 98 1
49 99 0
50 100 0
