# Edges (u,v,w)
1 2 9
1 3 4
2 4 7
2 5 1
3 6 7
3 7 3
4 8 6
4 9 2
5 10 9
5 11 5
6 12 2
6 13 8
7 14 8
7 15 10
8 16 10
8 17 9
9 18 6
9 19 7
10 20 9
10 21 4
11 22 9
11 23 6
12 24 2
12 25 4
13 26 9
13 27 5
14 28 8
14 29 9
15 30 6
15 31 1
16 32 3
16 33 6
17 34 4
17 35 10
18 36 1
18 37 7
19 38 8
19 39 9
20 40 1
20 41 5
21 42 3
21 43 1
22 44 9
22 45 7
23 46 1
23 47 9
24 48 8
24 49 1
25 50 6
25 51 5
26 52 8
26 53 4
27 54 7
27 55 7
28 56 5
28 57 5
29 58 10
29 59 5
30 60 3
30 61 2
31 62 9
31 63 7
32 64 2
32 65 1
33 66 6
33 67 8
34 68 2
34 69 1
35 70 6
35 71 2
36 72 5
36 73 3
37 74 5
37 75 4
38 76 4
38 77 5
39 78 5
39 79 3
40 80 6
40 81 4
41 82 1
41 83 8
42 84 4
42 85 6
43 86 10
43 87 2
44 88 6
44 89 3
45 90 4
45 91 5
46 92 3
46 93 3
47 94 10
47 95 4
48 96 3
48 97 3
49 98 8
49 99 6
50 100 8
