# Edges (u,v,w)
1 2 4
1 3 6
2 4 6
2 5 7
3 6 1
3 7 9
4 8 2
4 9 10
5 10 9
5 11 10
6 12 8
6 13 8
7 14 3
7 15 9
8 16 5
8 17 10
9 18 1
9 19 5
10 20 10
10 21 3
11 22 10
11 23 3
12 24 4
12 25 3
13 26 1
13 27 4
14 28 9
14 29 2
15 30 2
15 31 7
16 32 9
16 33 5
17 34 2
17 35 2
18 36 5
18 37 3
19 38 7
19 39 3
20 40 1
20 41 4
21 42 2
21 43 5
22 44 3
22 45 7
23 46 6
23 47 8
24 48 8
24 49 7
25 50 3
25 51 5
26 52 4
26 53 3
27 54 1
27 55 9
28 56 8
28 57 4
29 58 3
29 59 6
30 60 4
30 61 7
31 62 4
31 63 6
32 64 3
32 65 7
33 66 3
33 67 10
34 68 4
34 69 4
35 70 10
35 71 1
36 72 8
36 73 9
37 74 3
37 75 1
38 76 5
38 77 8
39 78 3
39 79 9
40 80 3
40 81 7
41 82 2
41 83 8
42 84 2
42 85 1
43 86 1
43 87 10
44 88 6
44 89 4
45 90 8
45 91 3
46 92 2
46 93 7
47 94 10
47 95 4
48 96 8
48 97 10
49 98 7
49 99 8
50 100 6
