# Edges (u,v,w)
1 2 0
1 3 1
2 4 0
2 5 0
3 6 1
3 7 1
4 8 1
4 9 1
5 10 0
5 11 0
6 12 0
6 13 1
7 14 0
7 15 1
8 16 0
8 17 1
9 18 0
9 19 1
10 20 0
10 21 0
11 22 1
11 23 1
12 24 0
12 25 1
13 26 0
13 27 0
14 28 1
14 29 0
15 30 1
15 31 0
16 32 1
16 33 0
17 34 0
17 35 1
18 36 1
18 37 0
19 38 0
19 39 0
20 40 1
20 41 0
21 42 0
21 43 1
22 44 0
22 45 0
23 46 1
23 47 1
24 48 1
24 49 0
25 50 1
25 51 0
26 52 0
26 53 0
27 54 0
27 55 1
28 56 1
28 57 0
29 58 1
29 59 0
30 60 0
30 61 0
31 62 0
31 63 0
32 64 0
32 65 1
33 66 0
33 67 0
34 68 1
34 69 0
35 70 1
35 71 1
36 72 0
36 73 1
37 74 1
37 75 1
38 76 0
38 77 1
39 78 1
39 79 1
40 80 1
40 81 1
41 82 0
41 83 0
42 84 0
42 85 0
43 86 0
43 87 0
44 88 1
44 89 1
45 90 1
45 91 1
46 92 1
46 93 0
47 94 0
47 95 1
48 96 0
48 97 1
49 98 1
49 99 0
50 100 0
