# Edges (u,v,w)
1 2 0
1 3 1
2 4 0
2 5 0
3 6 0
3 7 1
4 8 1
4 9 0
5 10 0
5 11 1
6 12 0
6 13 0
7 14 1
7 15 0
8 16 0
8 17 0
9 18 0
9 19 1
10 20 1
10 21 0
11 22 1
11 23 1
12 24 0
12 25 1
13 26 1
13 27 0
14 28 1
14 29 1
15 30 0
15 31 1
16 32 1
16 33 1
17 34 0
17 35 1
18 36 0
18 37 1
19 38 1
19 39 1
20 40 0
20 41 0
21 42 1
21 43 0
22 44 1
22 45 1
23 46 1
23 47 1
24 48 1
24 49 1
25 50 1
25 51 0
26 52 0
26 53 1
27 54 0
27 55 1
28 56 1
28 57 0
29 58 0
29 59 0
30 60 1
30 61 0
31 62 1
31 63 0
32 64 1
32 65 0
33 66 1
33 67 1
34 68 1
34 69 0
35 70 0
35 71 1
36 72 1
36 73 0
37 74 0
37 75 1
38 76 0
38 77 0
39 78 1
39 79 1
40 80 0
40 81 0
41 82 1
41 83 0
42 84 1
42 85 1
43 86 1
43 87 1
44 88 1
44 89 1
45 90 0
45 91 1
46 92 1
46 93 0
47 94 1
47 95 0
48 96 0
48 97 0
49 98 0
49 99 1
50 100 0
