# Edges (u,v,w)
1 2 0
1 3 1
2 4 1
2 5 1
3 6 0
3 7 0
4 8 0
4 9 0
5 10 0
5 11 0
6 12 1
6 13 0
7 14 0
7 15 1
8 16 1
8 17 0
9 18 1
9 19 0
10 20 0
10 21 1
11 22 0
11 23 1
12 24 1
12 25 0
13 26 0
13 27 0
14 28 1
14 29 1
15 30 1
15 31 1
16 32 1
16 33 0
17 34 0
17 35 1
18 36 0
18 37 0
19 38 0
19 39 0
20 40 1
20 41 0
21 42 0
21 43 0
22 44 1
22 45 0
23 46 0
23 47 0
24 48 0
24 49 1
25 50 1
25 51 0
26 52 0
26 53 1
27 54 0
27 55 0
28 56 0
28 57 0
29 58 0
29 59 0
30 60 0
30 61 0
31 62 0
31 63 1
32 64 0
32 65 1
33 66 0
33 67 1
34 68 0
34 69 1
35 70 1
35 71 1
36 72 1
36 73 1
37 74 1
37 75 0
38 76 1
38 77 0
39 78 0
39 79 1
40 80 0
40 81 0
41 82 1
41 83 0
42 84 0
42 85 1
43 86 0
43 87 0
44 88 0
44 89 0
45 90 1
45 91 0
46 92 0
46 93 0
47 94 1
47 95 1
48 96 0
48 97 1
49 98 0
49 99 0
50 100 0
