# Edges (u,v,w)
1 2 2
1 3 1
2 4 10
2 5 3
3 6 2
3 7 5
4 8 9
4 9 5
5 10 4
5 11 10
6 12 3
6 13 1
7 14 5
7 15 6
8 16 4
8 17 5
9 18 8
9 19 9
10 20 10
10 21 3
11 22 2
11 23 4
12 24 2
12 25 8
13 26 6
13 27 1
14 28 1
14 29 5
15 30 3
15 31 7
16 32 9
16 33 4
17 34 7
17 35 6
18 36 4
18 37 6
19 38 6
19 39 8
20 40 5
20 41 9
21 42 9
21 43 8
22 44 6
22 45 9
23 46 9
23 47 7
24 48 7
24 49 7
25 50 7
25 51 8
26 52 5
26 53 2
27 54 6
27 55 6
28 56 5
28 57 6
29 58 8
29 59 4
30 60 2
30 61 9
31 62 2
31 63 5
32 64 2
32 65 4
33 66 4
33 67 7
34 68 9
34 69 8
35 70 4
35 71 10
36 72 8
36 73 1
37 74 7
37 75 2
38 76 7
38 77 3
39 78 8
39 79 2
40 80 3
40 81 1
41 82 7
41 83 7
42 84 8
42 85 3
43 86 6
43 87 10
44 88 10
44 89 6
45 90 6
45 91 4
46 92 4
46 93 8
47 94 10
47 95 10
48 96 4
48 97 10
49 98 4
49 99 5
50 100 5
