# Edges (u,v,w)
1 2 4
1 3 7
2 4 9
2 5 2
3 6 7
3 7 7
4 8 7
4 9 2
5 10 1
5 11 2
6 12 2
6 13 7
7 14 5
7 15 9
8 16 7
8 17 10
9 18 4
9 19 4
10 20 3
10 21 5
11 22 8
11 23 1
12 24 7
12 25 7
13 26 9
13 27 6
14 28 3
14 29 2
15 30 9
15 31 5
16 32 5
16 33 8
17 34 7
17 35 9
18 36 10
18 37 1
19 38 2
19 39 8
20 40 1
20 41 3
21 42 3
21 43 8
22 44 4
22 45 6
23 46 3
23 47 6
24 48 6
24 49 10
25 50 9
25 51 6
26 52 6
26 53 7
27 54 6
27 55 8
28 56 6
28 57 2
29 58 4
29 59 9
30 60 6
30 61 2
31 62 7
31 63 1
32 64 5
32 65 2
33 66 9
33 67 6
34 68 1
34 69 2
35 70 5
35 71 4
36 72 5
36 73 10
37 74 8
37 75 4
38 76 10
38 77 4
39 78 3
39 79 3
40 80 6
40 81 10
41 82 6
41 83 8
42 84 8
42 85 1
43 86 8
43 87 8
44 88 4
44 89 5
45 90 2
45 91 5
46 92 9
46 93 3
47 94 4
47 95 8
48 96 6
48 97 3
49 98 3
49 99 1
50 100 4
