# Edges (u,v,w)
1 2 0
1 3 1
2 4 0
2 5 0
3 6 1
3 7 1
4 8 0
4 9 1
5 10 1
5 11 0
6 12 0
6 13 1
7 14 1
7 15 0
8 16 0
8 17 0
9 18 0
9 19 0
10 20 0
10 21 0
11 22 1
11 23 1
12 24 1
12 25 0
13 26 1
13 27 0
14 28 0
14 29 1
15 30 0
15 31 0
16 32 0
16 33 1
17 34 1
17 35 0
18 36 0
18 37 1
19 38 1
19 39 0
20 40 1
20 41 1
21 42 1
21 43 0
22 44 0
22 45 1
23 46 1
23 47 0
24 48 0
24 49 0
25 50 1
25 51 1
26 52 1
26 53 1
27 54 0
27 55 1
28 56 0
28 57 1
29 58 1
29 59 1
30 60 0
30 61 0
31 62 1
31 63 0
32 64 1
32 65 0
33 66 1
33 67 1
34 68 0
34 69 1
35 70 0
35 71 0
36 72 0
36 73 0
37 74 1
37 75 0
38 76 1
38 77 0
39 78 1
39 79 1
40 80 0
40 81 0
41 82 0
41 83 0
42 84 0
42 85 1
43 86 0
43 87 0
44 88 1
44 89 1
45 90 0
45 91 0
46 92 1
46 93 1
47 94 1
47 95 1
48 96 0
48 97 1
49 98 1
49 99 0
50 100 0
