# Edges (u,v,w)
1 2 7
1 3 4
2 4 3
2 5 5
3 6 5
3 7 5
4 8 10
4 9 1
5 10 6
5 11 8
6 12 3
6 13 10
7 14 3
7 15 7
8 16 1
8 17 4
9 18 1
9 19 5
10 20 4
10 21 10
11 22 4
11 23 10
12 24 4
12 25 6
13 26 3
13 27 7
14 28 5
14 29 1
15 30 7
15 31 10
16 32 3
16 33 6
17 34 2
17 35 7
18 36 5
18 37 2
19 38 5
19 39 6
20 40 8
20 41 3
21 42 5
21 43 3
22 44 3
22 45 4
23 46 5
23 47 9
24 48 3
24 49 9
25 50 6
25 51 8
26 52 8
26 53 6
27 54 4
27 55 2
28 56 1
28 57 4
29 58 5
29 59 3
30 60 4
30 61 10
31 62 1
31 63 9
32 64 10
32 65 10
33 66 2
33 67 1
34 68 2
34 69 7
35 70 1
35 71 3
36 72 9
36 73 3
37 74 5
37 75 6
38 76 5
38 77 8
39 78 8
39 79 7
40 80 3
40 81 2
41 82 8
41 83 3
42 84 9
42 85 5
43 86 2
43 87 1
44 88 2
44 89 1
45 90 6
45 91 10
46 92 4
46 93 6
47 94 10
47 95 3
48 96 2
48 97 7
49 98 9
49 99 10
50 100 10
