# Edges (u,v,w)
1 2 1
1 3 1
2 4 6
2 5 2
3 6 7
3 7 5
4 8 2
4 9 9
5 10 9
5 11 10
6 12 3
6 13 4
7 14 2
7 15 2
8 16 4
8 17 3
9 18 5
9 19 6
10 20 8
10 21 4
11 22 6
11 23 3
12 24 7
12 25 8
13 26 7
13 27 4
14 28 10
14 29 10
15 30 5
15 31 10
16 32 6
16 33 8
17 34 7
17 35 3
18 36 10
18 37 7
19 38 3
19 39 3
20 40 6
20 41 5
21 42 3
21 43 9
22 44 7
22 45 1
23 46 7
23 47 10
24 48 3
24 49 6
25 50 10
25 51 8
26 52 2
26 53 5
27 54 6
27 55 3
28 56 7
28 57 8
29 58 2
29 59 1
30 60 6
30 61 9
31 62 8
31 63 2
32 64 2
32 65 1
33 66 5
33 67 6
34 68 7
34 69 7
35 70 10
35 71 7
36 72 7
36 73 6
37 74 5
37 75 3
38 76 8
38 77 1
39 78 9
39 79 7
40 80 8
40 81 7
41 82 4
41 83 3
42 84 7
42 85 9
43 86 5
43 87 9
44 88 10
44 89 2
45 90 6
45 91 6
46 92 8
46 93 3
47 94 8
47 95 6
48 96 10
48 97 5
49 98 6
49 99 5
50 100 8
