# Edges (u,v,w)
1 2 10
1 3 1
2 4 6
2 5 9
3 6 2
3 7 10
4 8 6
4 9 9
5 10 6
5 11 7
6 12 7
6 13 6
7 14 7
7 15 10
8 16 6
8 17 9
9 18 8
9 19 3
10 20 5
10 21 6
11 22 10
11 23 10
12 24 10
12 25 2
13 26 4
13 27 7
14 28 4
14 29 1
15 30 8
15 31 4
16 32 8
16 33 7
17 34 7
17 35 3
18 36 2
18 37 10
19 38 10
19 39 9
20 40 2
20 41 7
21 42 7
21 43 3
22 44 7
22 45 7
23 46 10
23 47 7
24 48 1
24 49 7
25 50 9
25 51 3
26 52 9
26 53 9
27 54 1
27 55 9
28 56 1
28 57 2
29 58 3
29 59 6
30 60 5
30 61 1
31 62 10
31 63 8
32 64 5
32 65 10
33 66 7
33 67 2
34 68 7
34 69 7
35 70 5
35 71 4
36 72 10
36 73 2
37 74 6
37 75 7
38 76 4
38 77 4
39 78 1
39 79 2
40 80 8
40 81 2
41 82 6
41 83 9
42 84 4
42 85 10
43 86 7
43 87 3
44 88 9
44 89 7
45 90 3
45 91 10
46 92 8
46 93 9
47 94 2
47 95 10
48 96 8
48 97 9
49 98 5
49 99 7
50 100 8
