# Edges (u,v,w)
1 2 1
1 3 1
2 4 0
2 5 0
3 6 1
3 7 1
4 8 1
4 9 0
5 10 1
5 11 0
6 12 1
6 13 0
7 14 0
7 15 0
8 16 0
8 17 1
9 18 1
9 19 0
10 20 0
10 21 0
11 22 0
11 23 1
12 24 0
12 25 1
13 26 1
13 27 0
14 28 0
14 29 0
15 30 1
15 31 1
16 32 1
16 33 0
17 34 1
17 35 1
18 36 0
18 37 0
19 38 0
19 39 0
20 40 0
20 41 1
21 42 0
21 43 0
22 44 1
22 45 0
23 46 0
23 47 0
24 48 1
24 49 0
25 50 0
25 51 1
26 52 1
26 53 0
27 54 1
27 55 0
28 56 0
28 57 1
29 58 1
29 59 1
30 60 0
30 61 0
31 62 0
31 63 1
32 64 1
32 65 0
33 66 1
33 67 1
34 68 1
34 69 0
35 70 0
35 71 1
36 72 0
36 73 1
37 74 0
37 75 1
38 76 1
38 77 0
39 78 0
39 79 0
40 80 0
40 81 0
41 82 0
41 83 0
42 84 1
42 85 0
43 86 1
43 87 0
44 88 0
44 89 1
45 90 0
45 91 1
46 92 0
46 93 0
47 94 0
47 95 0
48 96 0
48 97 0
49 98 0
49 99 0
50 100 0
