# Edges (u,v,w)
1 2 5
1 3 4
2 4 8
2 5 8
3 6 1
3 7 9
4 8 1
4 9 8
5 10 9
5 11 5
6 12 7
6 13 10
7 14 6
7 15 2
8 16 9
8 17 8
9 18 4
9 19 4
10 20 10
10 21 3
11 22 2
11 23 3
12 24 6
12 25 3
13 26 1
13 27 10
14 28 3
14 29 1
15 30 7
15 31 7
16 32 8
16 33 5
17 34 7
17 35 4
18 36 2
18 37 5
19 38 10
19 39 7
20 40 2
20 41 1
21 42 7
21 43 1
22 44 3
22 45 3
23 46 4
23 47 7
24 48 5
24 49 3
25 50 8
25 51 6
26 52 2
26 53 2
27 54 4
27 55 2
28 56 3
28 57 6
29 58 1
29 59 6
30 60 9
30 61 7
31 62 6
31 63 8
32 64 10
32 65 9
33 66 1
33 67 7
34 68 6
34 69 5
35 70 6
35 71 3
36 72 8
36 73 5
37 74 2
37 75 8
38 76 1
38 77 9
39 78 1
39 79 5
40 80 10
40 81 6
41 82 4
41 83 4
42 84 7
42 85 7
43 86 4
43 87 7
44 88 4
44 89 1
45 90 7
45 91 10
46 92 2
46 93 9
47 94 9
47 95 6
48 96 7
48 97 1
49 98 2
49 99 8
50 100 5
