# Edges (u,v,w)
1 2 6
1 3 8
2 4 5
2 5 4
3 6 3
3 7 7
4 8 2
4 9 1
5 10 4
5 11 3
6 12 9
6 13 9
7 14 9
7 15 7
8 16 3
8 17 5
9 18 8
9 19 10
10 20 9
10 21 8
11 22 8
11 23 2
12 24 9
12 25 2
13 26 8
13 27 2
14 28 10
14 29 6
15 30 4
15 31 1
16 32 3
16 33 7
17 34 2
17 35 2
18 36 8
18 37 8
19 38 10
19 39 1
20 40 8
20 41 5
21 42 9
21 43 7
22 44 6
22 45 2
23 46 1
23 47 7
24 48 10
24 49 10
25 50 5
25 51 2
26 52 8
26 53 4
27 54 6
27 55 6
28 56 6
28 57 9
29 58 9
29 59 8
30 60 5
30 61 1
31 62 6
31 63 8
32 64 6
32 65 1
33 66 7
33 67 3
34 68 6
34 69 5
35 70 5
35 71 10
36 72 8
36 73 6
37 74 7
37 75 4
38 76 5
38 77 2
39 78 2
39 79 3
40 80 4
40 81 6
41 82 8
41 83 1
42 84 1
42 85 5
43 86 1
43 87 8
44 88 7
44 89 7
45 90 4
45 91 3
46 92 6
46 93 8
47 94 10
47 95 9
48 96 5
48 97 4
49 98 2
49 99 3
50 100 10
