# Edges (u,v,w)
1 2 0
1 3 0
2 4 0
2 5 0
3 6 0
3 7 1
4 8 1
4 9 1
5 10 1
5 11 1
6 12 0
6 13 0
7 14 0
7 15 1
8 16 0
8 17 0
9 18 0
9 19 1
10 20 0
10 21 1
11 22 1
11 23 1
12 24 1
12 25 0
13 26 0
13 27 1
14 28 1
14 29 0
15 30 0
15 31 1
16 32 1
16 33 1
17 34 0
17 35 1
18 36 0
18 37 0
19 38 1
19 39 1
20 40 0
20 41 1
21 42 0
21 43 1
22 44 1
22 45 1
23 46 0
23 47 1
24 48 0
24 49 0
25 50 1
25 51 1
26 52 0
26 53 0
27 54 0
27 55 0
28 56 0
28 57 0
29 58 1
29 59 0
30 60 0
30 61 0
31 62 1
31 63 0
32 64 1
32 65 1
33 66 0
33 67 0
34 68 0
34 69 0
35 70 1
35 71 0
36 72 1
36 73 0
37 74 1
37 75 1
38 76 1
38 77 0
39 78 0
39 79 1
40 80 1
40 81 1
41 82 0
41 83 0
42 84 1
42 85 1
43 86 0
43 87 0
44 88 0
44 89 0
45 90 1
45 91 1
46 92 0
46 93 1
47 94 1
47 95 0
48 96 0
48 97 1
49 98 0
49 99 0
50 100 0
