# Edges (u,v,w)
1 2 4
1 3 2
2 4 6
2 5 9
3 6 6
3 7 2
4 8 1
4 9 1
5 10 6
5 11 2
6 12 3
6 13 10
7 14 3
7 15 8
8 16 3
8 17 2
9 18 10
9 19 9
10 20 2
10 21 9
11 22 10
11 23 6
12 24 8
12 25 1
13 26 3
13 27 3
14 28 1
14 29 5
15 30 7
15 31 5
16 32 1
16 33 1
17 34 1
17 35 5
18 36 4
18 37 2
19 38 5
19 39 4
20 40 3
20 41 5
21 42 2
21 43 8
22 44 7
22 45 5
23 46 2
23 47 3
24 48 6
24 49 8
25 50 3
25 51 9
26 52 6
26 53 5
27 54 5
27 55 5
28 56 2
28 57 2
29 58 8
29 59 10
30 60 5
30 61 6
31 62 4
31 63 4
32 64 4
32 65 8
33 66 3
33 67 5
34 68 2
34 69 9
35 70 9
35 71 1
36 72 6
36 73 6
37 74 5
37 75 8
38 76 6
38 77 3
39 78 10
39 79 3
40 80 8
40 81 2
41 82 8
41 83 5
42 84 9
42 85 3
43 86 5
43 87 7
44 88 9
44 89 5
45 90 10
45 91 2
46 92 4
46 93 10
47 94 4
47 95 6
48 96 9
48 97 5
49 98 4
49 99 7
50 100 1
