# Edges (u,v,w)
1 2 5
1 3 9
2 4 10
2 5 2
3 6 8
3 7 8
4 8 7
4 9 1
5 10 10
5 11 1
6 12 8
6 13 2
7 14 7
7 15 9
8 16 8
8 17 5
9 18 6
9 19 2
10 20 9
10 21 8
11 22 4
11 23 4
12 24 5
12 25 6
13 26 10
13 27 10
14 28 4
14 29 9
15 30 8
15 31 3
16 32 10
16 33 10
17 34 2
17 35 3
18 36 9
18 37 5
19 38 7
19 39 10
20 40 2
20 41 2
21 42 7
21 43 6
22 44 5
22 45 7
23 46 10
23 47 9
24 48 9
24 49 5
25 50 4
25 51 8
26 52 8
26 53 4
27 54 3
27 55 7
28 56 4
28 57 4
29 58 3
29 59 7
30 60 5
30 61 3
31 62 9
31 63 7
32 64 8
32 65 9
33 66 1
33 67 8
34 68 3
34 69 10
35 70 3
35 71 1
36 72 5
36 73 6
37 74 2
37 75 10
38 76 5
38 77 6
39 78 3
39 79 5
40 80 6
40 81 9
41 82 10
41 83 6
42 84 2
42 85 1
43 86 5
43 87 2
44 88 8
44 89 10
45 90 9
45 91 4
46 92 9
46 93 6
47 94 5
47 95 10
48 96 3
48 97 4
49 98 2
49 99 10
50 100 8
