# Edges (u,v,w)
1 2 5
1 3 9
2 4 7
2 5 3
3 6 9
3 7 6
4 8 10
4 9 6
5 10 8
5 11 10
6 12 3
6 13 2
7 14 1
7 15 5
8 16 9
8 17 2
9 18 3
9 19 8
10 20 2
10 21 8
11 22 9
11 23 4
12 24 9
12 25 10
13 26 7
13 27 6
14 28 3
14 29 5
15 30 5
15 31 10
16 32 5
16 33 4
17 34 10
17 35 3
18 36 2
18 37 3
19 38 5
19 39 2
20 40 7
20 41 3
21 42 8
21 43 3
22 44 6
22 45 3
23 46 3
23 47 5
24 48 4
24 49 3
25 50 9
25 51 1
26 52 3
26 53 1
27 54 10
27 55 3
28 56 6
28 57 8
29 58 2
29 59 6
30 60 3
30 61 2
31 62 5
31 63 8
32 64 3
32 65 9
33 66 3
33 67 6
34 68 2
34 69 5
35 70 7
35 71 8
36 72 2
36 73 4
37 74 3
37 75 9
38 76 9
38 77 1
39 78 10
39 79 8
40 80 8
40 81 1
41 82 6
41 83 9
42 84 7
42 85 1
43 86 6
43 87 10
44 88 6
44 89 5
45 90 10
45 91 4
46 92 4
46 93 6
47 94 8
47 95 9
48 96 9
48 97 8
49 98 2
49 99 8
50 100 3
