# Edges (u,v,w)
1 2 1
1 3 1
2 4 1
2 5 1
3 6 1
3 7 1
4 8 1
4 9 1
5 10 1
5 11 1
6 12 0
6 13 1
7 14 1
7 15 0
8 16 1
8 17 0
9 18 0
9 19 1
10 20 0
10 21 1
11 22 0
11 23 0
12 24 1
12 25 1
13 26 0
13 27 1
14 28 1
14 29 1
15 30 1
15 31 1
16 32 0
16 33 1
17 34 1
17 35 0
18 36 1
18 37 1
19 38 0
19 39 0
20 40 1
20 41 0
21 42 0
21 43 0
22 44 0
22 45 1
23 46 0
23 47 0
24 48 0
24 49 1
25 50 1
25 51 0
26 52 1
26 53 0
27 54 0
27 55 1
28 56 1
28 57 1
29 58 0
29 59 1
30 60 1
30 61 0
31 62 1
31 63 1
32 64 0
32 65 1
33 66 0
33 67 1
34 68 1
34 69 1
35 70 0
35 71 0
36 72 1
36 73 0
37 74 0
37 75 1
38 76 0
38 77 1
39 78 1
39 79 1
40 80 1
40 81 1
41 82 1
41 83 0
42 84 1
42 85 1
43 86 0
43 87 1
44 88 0
44 89 1
45 90 0
45 91 0
46 92 1
46 93 0
47 94 0
47 95 0
48 96 1
48 97 0
49 98 1
49 99 1
50 100 1
