# Edges (u,v,w)
1 2 10
1 3 6
2 4 8
2 5 1
3 6 7
3 7 3
4 8 5
4 9 10
5 10 1
5 11 4
6 12 4
6 13 4
7 14 7
7 15 1
8 16 1
8 17 7
9 18 3
9 19 2
10 20 3
10 21 5
11 22 2
11 23 10
12 24 5
12 25 7
13 26 9
13 27 4
14 28 9
14 29 9
15 30 6
15 31 8
16 32 9
16 33 10
17 34 6
17 35 5
18 36 7
18 37 8
19 38 10
19 39 7
20 40 4
20 41 8
21 42 8
21 43 7
22 44 1
22 45 2
23 46 1
23 47 5
24 48 10
24 49 8
25 50 5
25 51 2
26 52 6
26 53 8
27 54 1
27 55 4
28 56 5
28 57 3
29 58 8
29 59 2
30 60 4
30 61 4
31 62 4
31 63 6
32 64 6
32 65 4
33 66 7
33 67 10
34 68 6
34 69 8
35 70 1
35 71 4
36 72 8
36 73 7
37 74 3
37 75 2
38 76 7
38 77 1
39 78 2
39 79 7
40 80 8
40 81 8
41 82 8
41 83 7
42 84 1
42 85 4
43 86 7
43 87 8
44 88 4
44 89 7
45 90 9
45 91 1
46 92 8
46 93 2
47 94 1
47 95 4
48 96 5
48 97 8
49 98 1
49 99 10
50 100 3
