# Edges (u,v,w)
1 2 0
1 3 1
2 4 1
2 5 1
3 6 1
3 7 1
4 8 0
4 9 0
5 10 1
5 11 0
6 12 1
6 13 0
7 14 0
7 15 0
8 16 1
8 17 1
9 18 1
9 19 0
10 20 0
10 21 0
11 22 0
11 23 1
12 24 1
12 25 0
13 26 0
13 27 1
14 28 1
14 29 0
15 30 0
15 31 0
16 32 1
16 33 1
17 34 1
17 35 1
18 36 0
18 37 1
19 38 0
19 39 0
20 40 0
20 41 0
21 42 1
21 43 0
22 44 1
22 45 1
23 46 0
23 47 1
24 48 0
24 49 0
25 50 0
25 51 0
26 52 1
26 53 0
27 54 0
27 55 1
28 56 1
28 57 1
29 58 0
29 59 0
30 60 0
30 61 0
31 62 1
31 63 1
32 64 0
32 65 0
33 66 0
33 67 1
34 68 1
34 69 1
35 70 1
35 71 0
36 72 0
36 73 1
37 74 1
37 75 0
38 76 0
38 77 1
39 78 0
39 79 0
40 80 0
40 81 1
41 82 0
41 83 0
42 84 0
42 85 1
43 86 1
43 87 1
44 88 1
44 89 1
45 90 0
45 91 1
46 92 0
46 93 1
47 94 0
47 95 1
48 96 0
48 97 0
49 98 1
49 99 1
50 100 0
