# Edges (u,v,w)
1 2 7
1 3 8
2 4 1
2 5 10
3 6 1
3 7 10
4 8 6
4 9 6
5 10 10
5 11 1
6 12 6
6 13 10
7 14 7
7 15 3
8 16 2
8 17 9
9 18 4
9 19 1
10 20 8
10 21 1
11 22 9
11 23 4
12 24 5
12 25 3
13 26 10
13 27 4
14 28 6
14 29 3
15 30 9
15 31 10
16 32 8
16 33 8
17 34 10
17 35 1
18 36 8
18 37 3
19 38 3
19 39 7
20 40 10
20 41 10
21 42 4
21 43 8
22 44 8
22 45 1
23 46 8
23 47 7
24 48 2
24 49 4
25 50 5
25 51 1
26 52 10
26 53 7
27 54 8
27 55 6
28 56 1
28 57 4
29 58 1
29 59 7
30 60 10
30 61 2
31 62 3
31 63 4
32 64 10
32 65 1
33 66 3
33 67 8
34 68 10
34 69 8
35 70 8
35 71 5
36 72 8
36 73 1
37 74 2
37 75 8
38 76 4
38 77 10
39 78 4
39 79 8
40 80 9
40 81 8
41 82 5
41 83 8
42 84 10
42 85 10
43 86 10
43 87 2
44 88 7
44 89 4
45 90 1
45 91 1
46 92 3
46 93 5
47 94 5
47 95 9
48 96 5
48 97 8
49 98 9
49 99 6
50 100 8
