# Edges (u,v,w)
1 2 7
1 3 2
2 4 9
2 5 3
3 6 1
3 7 10
4 8 3
4 9 9
5 10 2
5 11 10
6 12 4
6 13 3
7 14 4
7 15 10
8 16 6
8 17 10
9 18 1
9 19 8
10 20 2
10 21 6
11 22 3
11 23 8
12 24 8
12 25 2
13 26 9
13 27 2
14 28 1
14 29 4
15 30 1
15 31 6
16 32 2
16 33 1
17 34 7
17 35 4
18 36 1
18 37 8
19 38 3
19 39 8
20 40 8
20 41 8
21 42 7
21 43 9
22 44 7
22 45 5
23 46 6
23 47 7
24 48 8
24 49 1
25 50 10
25 51 1
26 52 10
26 53 2
27 54 8
27 55 2
28 56 1
28 57 10
29 58 8
29 59 7
30 60 2
30 61 8
31 62 1
31 63 4
32 64 2
32 65 4
33 66 7
33 67 8
34 68 8
34 69 9
35 70 9
35 71 9
36 72 9
36 73 8
37 74 5
37 75 7
38 76 6
38 77 2
39 78 8
39 79 2
40 80 6
40 81 2
41 82 7
41 83 6
42 84 9
42 85 7
43 86 10
43 87 1
44 88 3
44 89 2
45 90 6
45 91 4
46 92 4
46 93 6
47 94 9
47 95 9
48 96 2
48 97 9
49 98 4
49 99 6
50 100 4
