# Edges (u,v,w)
1 2 5
1 3 8
2 4 3
2 5 5
3 6 7
3 7 6
4 8 10
4 9 5
5 10 2
5 11 2
6 12 10
6 13 9
7 14 9
7 15 1
8 16 7
8 17 1
9 18 3
9 19 3
10 20 3
10 21 3
11 22 5
11 23 1
12 24 3
12 25 7
13 26 4
13 27 2
14 28 3
14 29 9
15 30 2
15 31 1
16 32 1
16 33 10
17 34 7
17 35 10
18 36 7
18 37 10
19 38 6
19 39 6
20 40 1
20 41 6
21 42 2
21 43 8
22 44 9
22 45 6
23 46 6
23 47 8
24 48 3
24 49 7
25 50 4
25 51 7
26 52 9
26 53 10
27 54 5
27 55 7
28 56 9
28 57 10
29 58 7
29 59 4
30 60 6
30 61 9
31 62 10
31 63 1
32 64 9
32 65 7
33 66 8
33 67 9
34 68 3
34 69 5
35 70 7
35 71 5
36 72 2
36 73 7
37 74 4
37 75 4
38 76 10
38 77 7
39 78 1
39 79 3
40 80 7
40 81 9
41 82 6
41 83 6
42 84 2
42 85 9
43 86 1
43 87 9
44 88 1
44 89 6
45 90 3
45 91 3
46 92 9
46 93 9
47 94 8
47 95 9
48 96 6
48 97 6
49 98 8
49 99 9
50 100 3
