# Edges (u,v,w)
1 2 0
1 3 0
2 4 1
2 5 0
3 6 0
3 7 1
4 8 1
4 9 1
5 10 0
5 11 0
6 12 1
6 13 1
7 14 1
7 15 0
8 16 0
8 17 0
9 18 1
9 19 0
10 20 0
10 21 1
11 22 0
11 23 1
12 24 1
12 25 1
13 26 1
13 27 0
14 28 1
14 29 0
15 30 1
15 31 1
16 32 0
16 33 1
17 34 1
17 35 0
18 36 1
18 37 0
19 38 1
19 39 0
20 40 1
20 41 1
21 42 1
21 43 0
22 44 0
22 45 1
23 46 0
23 47 0
24 48 1
24 49 1
25 50 1
25 51 0
26 52 1
26 53 1
27 54 1
27 55 0
28 56 0
28 57 1
29 58 0
29 59 1
30 60 0
30 61 1
31 62 1
31 63 1
32 64 0
32 65 1
33 66 0
33 67 0
34 68 1
34 69 0
35 70 1
35 71 0
36 72 0
36 73 1
37 74 1
37 75 0
38 76 0
38 77 0
39 78 1
39 79 0
40 80 1
40 81 0
41 82 0
41 83 0
42 84 1
42 85 1
43 86 1
43 87 0
44 88 1
44 89 1
45 90 0
45 91 1
46 92 0
46 93 1
47 94 1
47 95 0
48 96 0
48 97 0
49 98 1
49 99 1
50 100 1
