# Edges (u,v,w)
1 2 1
1 3 1
2 4 0
2 5 0
3 6 1
3 7 0
4 8 0
4 9 0
5 10 0
5 11 0
6 12 0
6 13 0
7 14 0
7 15 0
8 16 0
8 17 0
9 18 1
9 19 0
10 20 1
10 21 0
11 22 1
11 23 0
12 24 1
12 25 1
13 26 0
13 27 0
14 28 0
14 29 1
15 30 1
15 31 0
16 32 0
16 33 0
17 34 1
17 35 0
18 36 0
18 37 0
19 38 1
19 39 1
20 40 1
20 41 1
21 42 0
21 43 1
22 44 0
22 45 1
23 46 1
23 47 1
24 48 0
24 49 1
25 50 0
25 51 1
26 52 1
26 53 0
27 54 1
27 55 1
28 56 1
28 57 0
29 58 0
29 59 0
30 60 0
30 61 1
31 62 0
31 63 1
32 64 0
32 65 1
33 66 0
33 67 1
34 68 1
34 69 0
35 70 0
35 71 1
36 72 1
36 73 1
37 74 1
37 75 0
38 76 0
38 77 0
39 78 1
39 79 0
40 80 0
40 81 0
41 82 1
41 83 0
42 84 1
42 85 0
43 86 1
43 87 0
44 88 1
44 89 0
45 90 0
45 91 1
46 92 1
46 93 1
47 94 0
47 95 1
48 96 1
48 97 1
49 98 1
49 99 1
50 100 1
