# Edges (u,v,w)
1 2 5
1 3 4
2 4 6
2 5 7
3 6 5
3 7 3
4 8 8
4 9 10
5 10 4
5 11 5
6 12 4
6 13 4
7 14 3
7 15 1
8 16 8
8 17 6
9 18 5
9 19 7
10 20 9
10 21 10
11 22 6
11 23 10
12 24 7
12 25 10
13 26 1
13 27 8
14 28 2
14 29 4
15 30 10
15 31 8
16 32 3
16 33 4
17 34 9
17 35 8
18 36 8
18 37 6
19 38 7
19 39 2
20 40 1
20 41 6
21 42 5
21 43 10
22 44 6
22 45 6
23 46 6
23 47 7
24 48 9
24 49 4
25 50 2
25 51 5
26 52 10
26 53 7
27 54 8
27 55 2
28 56 8
28 57 10
29 58 5
29 59 10
30 60 8
30 61 6
31 62 3
31 63 2
32 64 10
32 65 4
33 66 7
33 67 8
34 68 5
34 69 6
35 70 2
35 71 2
36 72 2
36 73 2
37 74 10
37 75 2
38 76 9
38 77 7
39 78 5
39 79 5
40 80 4
40 81 3
41 82 9
41 83 8
42 84 5
42 85 4
43 86 7
43 87 5
44 88 10
44 89 10
45 90 2
45 91 9
46 92 7
46 93 8
47 94 3
47 95 3
48 96 2
48 97 7
49 98 10
49 99 2
50 100 2
