# Edges (u,v,w)
1 2 1
1 3 4
2 4 2
2 5 6
3 6 6
3 7 1
4 8 5
4 9 6
5 10 2
5 11 1
6 12 7
6 13 9
7 14 9
7 15 9
8 16 9
8 17 4
9 18 4
9 19 4
10 20 7
10 21 3
11 22 4
11 23 10
12 24 9
12 25 3
13 26 5
13 27 5
14 28 4
14 29 3
15 30 10
15 31 4
16 32 1
16 33 7
17 34 7
17 35 5
18 36 7
18 37 9
19 38 7
19 39 3
20 40 2
20 41 3
21 42 3
21 43 5
22 44 3
22 45 2
23 46 2
23 47 8
24 48 5
24 49 3
25 50 9
25 51 2
26 52 10
26 53 7
27 54 4
27 55 2
28 56 3
28 57 6
29 58 10
29 59 8
30 60 3
30 61 10
31 62 1
31 63 9
32 64 4
32 65 6
33 66 1
33 67 6
34 68 10
34 69 2
35 70 2
35 71 9
36 72 9
36 73 2
37 74 5
37 75 2
38 76 6
38 77 1
39 78 7
39 79 2
40 80 5
40 81 4
41 82 5
41 83 5
42 84 9
42 85 2
43 86 2
43 87 7
44 88 3
44 89 1
45 90 4
45 91 7
46 92 5
46 93 4
47 94 5
47 95 10
48 96 3
48 97 10
49 98 10
49 99 1
50 100 10
