# Edges (u,v,w)
1 2 4
1 3 6
2 4 9
2 5 10
3 6 8
3 7 9
4 8 6
4 9 9
5 10 4
5 11 5
6 12 10
6 13 2
7 14 8
7 15 5
8 16 4
8 17 9
9 18 7
9 19 9
10 20 5
10 21 9
11 22 5
11 23 2
12 24 2
12 25 9
13 26 10
13 27 7
14 28 10
14 29 4
15 30 3
15 31 1
16 32 8
16 33 9
17 34 2
17 35 4
18 36 9
18 37 6
19 38 2
19 39 10
20 40 7
20 41 1
21 42 2
21 43 4
22 44 3
22 45 10
23 46 5
23 47 10
24 48 6
24 49 5
25 50 4
25 51 1
26 52 4
26 53 5
27 54 10
27 55 4
28 56 7
28 57 8
29 58 2
29 59 9
30 60 10
30 61 7
31 62 8
31 63 2
32 64 7
32 65 9
33 66 3
33 67 4
34 68 6
34 69 6
35 70 9
35 71 9
36 72 2
36 73 3
37 74 10
37 75 10
38 76 1
38 77 1
39 78 1
39 79 3
40 80 2
40 81 7
41 82 2
41 83 3
42 84 5
42 85 9
43 86 4
43 87 5
44 88 8
44 89 5
45 90 10
45 91 4
46 92 4
46 93 10
47 94 1
47 95 6
48 96 3
48 97 7
49 98 1
49 99 4
50 100 8
