# Edges (u,v,w)
1 2 0
1 3 1
2 4 0
2 5 1
3 6 0
3 7 0
4 8 1
4 9 0
5 10 0
5 11 0
6 12 1
6 13 1
7 14 0
7 15 0
8 16 0
8 17 1
9 18 0
9 19 0
10 20 1
10 21 0
11 22 0
11 23 0
12 24 1
12 25 1
13 26 0
13 27 0
14 28 0
14 29 0
15 30 1
15 31 1
16 32 1
16 33 0
17 34 0
17 35 1
18 36 0
18 37 1
19 38 0
19 39 1
20 40 0
20 41 1
21 42 0
21 43 1
22 44 1
22 45 1
23 46 1
23 47 0
24 48 1
24 49 0
25 50 0
25 51 0
26 52 0
26 53 1
27 54 1
27 55 1
28 56 0
28 57 0
29 58 0
29 59 0
30 60 1
30 61 1
31 62 0
31 63 0
32 64 0
32 65 0
33 66 1
33 67 1
34 68 0
34 69 1
35 70 0
35 71 0
36 72 1
36 73 0
37 74 1
37 75 1
38 76 1
38 77 1
39 78 1
39 79 0
40 80 0
40 81 1
41 82 0
41 83 0
42 84 0
42 85 0
43 86 1
43 87 1
44 88 1
44 89 0
45 90 0
45 91 0
46 92 1
46 93 0
47 94 1
47 95 0
48 96 0
48 97 0
49 98 0
49 99 0
50 100 1
