# Edges (u,v,w)
1 2 6
1 3 7
2 4 3
2 5 3
3 6 3
3 7 5
4 8 1
4 9 5
5 10 8
5 11 3
6 12 10
6 13 8
7 14 8
7 15 8
8 16 5
8 17 8
9 18 9
9 19 6
10 20 7
10 21 4
11 22 6
11 23 9
12 24 10
12 25 2
13 26 7
13 27 9
14 28 10
14 29 1
15 30 3
15 31 9
16 32 6
16 33 2
17 34 7
17 35 7
18 36 9
18 37 1
19 38 5
19 39 9
20 40 1
20 41 5
21 42 1
21 43 6
22 44 6
22 45 2
23 46 6
23 47 8
24 48 3
24 49 6
25 50 6
25 51 10
26 52 8
26 53 3
27 54 1
27 55 2
28 56 9
28 57 8
29 58 4
29 59 1
30 60 2
30 61 10
31 62 1
31 63 8
32 64 6
32 65 6
33 66 5
33 67 8
34 68 4
34 69 5
35 70 8
35 71 8
36 72 6
36 73 5
37 74 4
37 75 6
38 76 9
38 77 4
39 78 5
39 79 6
40 80 9
40 81 9
41 82 1
41 83 4
42 84 2
42 85 10
43 86 2
43 87 6
44 88 2
44 89 3
45 90 9
45 91 6
46 92 2
46 93 8
47 94 8
47 95 1
48 96 9
48 97 9
49 98 10
49 99 6
50 100 1
