# Edges (u,v,w)
1 2 1
1 3 1
2 4 3
2 5 6
3 6 10
3 7 8
4 8 6
4 9 1
5 10 4
5 11 2
6 12 9
6 13 6
7 14 1
7 15 1
8 16 10
8 17 3
9 18 9
9 19 4
10 20 5
10 21 5
11 22 5
11 23 10
12 24 8
12 25 4
13 26 5
13 27 4
14 28 9
14 29 4
15 30 9
15 31 8
16 32 10
16 33 1
17 34 10
17 35 6
18 36 7
18 37 10
19 38 2
19 39 6
20 40 2
20 41 7
21 42 10
21 43 4
22 44 5
22 45 1
23 46 10
23 47 4
24 48 5
24 49 7
25 50 4
25 51 3
26 52 2
26 53 10
27 54 10
27 55 2
28 56 1
28 57 6
29 58 4
29 59 2
30 60 10
30 61 3
31 62 10
31 63 6
32 64 2
32 65 6
33 66 10
33 67 4
34 68 9
34 69 2
35 70 3
35 71 8
36 72 2
36 73 4
37 74 9
37 75 9
38 76 9
38 77 7
39 78 5
39 79 3
40 80 9
40 81 5
41 82 4
41 83 5
42 84 7
42 85 3
43 86 10
43 87 5
44 88 1
44 89 2
45 90 10
45 91 3
46 92 5
46 93 8
47 94 6
47 95 1
48 96 2
48 97 7
49 98 5
49 99 6
50 100 10
