# Edges (u,v,w)
1 2 5
1 3 5
2 4 1
2 5 3
3 6 3
3 7 9
4 8 10
4 9 10
5 10 4
5 11 4
6 12 5
6 13 8
7 14 4
7 15 10
8 16 9
8 17 5
9 18 6
9 19 1
10 20 2
10 21 3
11 22 3
11 23 1
12 24 5
12 25 6
13 26 2
13 27 4
14 28 5
14 29 9
15 30 3
15 31 6
16 32 2
16 33 5
17 34 9
17 35 2
18 36 4
18 37 5
19 38 1
19 39 3
20 40 3
20 41 2
21 42 2
21 43 1
22 44 1
22 45 5
23 46 2
23 47 1
24 48 3
24 49 5
25 50 8
25 51 10
26 52 10
26 53 5
27 54 5
27 55 2
28 56 10
28 57 8
29 58 10
29 59 2
30 60 2
30 61 4
31 62 1
31 63 8
32 64 2
32 65 1
33 66 2
33 67 4
34 68 1
34 69 10
35 70 5
35 71 10
36 72 7
36 73 7
37 74 1
37 75 6
38 76 7
38 77 4
39 78 3
39 79 7
40 80 2
40 81 2
41 82 9
41 83 5
42 84 10
42 85 4
43 86 1
43 87 1
44 88 8
44 89 7
45 90 9
45 91 8
46 92 2
46 93 7
47 94 6
47 95 2
48 96 1
48 97 2
49 98 10
49 99 7
50 100 6
