# Edges (u,v,w)
1 2 1
1 3 4
2 4 1
2 5 2
3 6 7
3 7 8
4 8 10
4 9 9
5 10 7
5 11 10
6 12 2
6 13 2
7 14 6
7 15 2
8 16 8
8 17 4
9 18 9
9 19 1
10 20 4
10 21 5
11 22 4
11 23 3
12 24 4
12 25 9
13 26 8
13 27 10
14 28 8
14 29 7
15 30 9
15 31 6
16 32 3
16 33 3
17 34 9
17 35 6
18 36 1
18 37 4
19 38 9
19 39 7
20 40 10
20 41 6
21 42 2
21 43 5
22 44 9
22 45 2
23 46 2
23 47 3
24 48 5
24 49 8
25 50 2
25 51 7
26 52 10
26 53 5
27 54 4
27 55 8
28 56 6
28 57 5
29 58 8
29 59 10
30 60 5
30 61 7
31 62 9
31 63 4
32 64 9
32 65 5
33 66 10
33 67 8
34 68 2
34 69 5
35 70 1
35 71 5
36 72 8
36 73 5
37 74 4
37 75 6
38 76 3
38 77 7
39 78 1
39 79 4
40 80 9
40 81 2
41 82 4
41 83 9
42 84 3
42 85 3
43 86 2
43 87 4
44 88 7
44 89 9
45 90 4
45 91 10
46 92 7
46 93 4
47 94 7
47 95 6
48 96 8
48 97 1
49 98 1
49 99 10
50 100 2
