# Edges (u,v,w)
1 2 7
1 3 9
2 4 5
2 5 9
3 6 5
3 7 3
4 8 9
4 9 6
5 10 6
5 11 2
6 12 3
6 13 4
7 14 9
7 15 1
8 16 10
8 17 8
9 18 8
9 19 9
10 20 2
10 21 7
11 22 8
11 23 10
12 24 4
12 25 10
13 26 8
13 27 2
14 28 8
14 29 8
15 30 3
15 31 1
16 32 2
16 33 1
17 34 3
17 35 1
18 36 9
18 37 6
19 38 7
19 39 9
20 40 5
20 41 2
21 42 6
21 43 7
22 44 4
22 45 7
23 46 8
23 47 8
24 48 1
24 49 2
25 50 4
25 51 9
26 52 6
26 53 2
27 54 7
27 55 2
28 56 8
28 57 10
29 58 7
29 59 7
30 60 8
30 61 5
31 62 10
31 63 10
32 64 2
32 65 7
33 66 10
33 67 8
34 68 6
34 69 6
35 70 6
35 71 5
36 72 8
36 73 10
37 74 2
37 75 9
38 76 6
38 77 1
39 78 10
39 79 6
40 80 4
40 81 8
41 82 6
41 83 4
42 84 9
42 85 6
43 86 3
43 87 6
44 88 3
44 89 7
45 90 4
45 91 7
46 92 1
46 93 7
47 94 9
47 95 9
48 96 5
48 97 5
49 98 9
49 99 1
50 100 7
