# Edges (u,v,w)
1 2 4
1 3 3
2 4 4
2 5 8
3 6 1
3 7 5
4 8 10
4 9 6
5 10 4
5 11 5
6 12 5
6 13 4
7 14 8
7 15 7
8 16 5
8 17 4
9 18 10
9 19 5
10 20 5
10 21 7
11 22 1
11 23 2
12 24 5
12 25 2
13 26 9
13 27 10
14 28 8
14 29 3
15 30 3
15 31 7
16 32 3
16 33 9
17 34 10
17 35 3
18 36 2
18 37 8
19 38 6
19 39 4
20 40 7
20 41 2
21 42 9
21 43 1
22 44 3
22 45 6
23 46 6
23 47 2
24 48 7
24 49 2
25 50 10
25 51 7
26 52 6
26 53 10
27 54 9
27 55 6
28 56 1
28 57 5
29 58 3
29 59 5
30 60 4
30 61 6
31 62 6
31 63 10
32 64 9
32 65 9
33 66 9
33 67 3
34 68 3
34 69 5
35 70 9
35 71 8
36 72 7
36 73 10
37 74 5
37 75 3
38 76 1
38 77 9
39 78 10
39 79 4
40 80 5
40 81 5
41 82 5
41 83 1
42 84 7
42 85 5
43 86 3
43 87 6
44 88 5
44 89 5
45 90 5
45 91 1
46 92 1
46 93 6
47 94 10
47 95 2
48 96 7
48 97 4
49 98 10
49 99 7
50 100 4
