# Edges (u,v,w)
1 2 10
1 3 3
2 4 3
2 5 9
3 6 5
3 7 4
4 8 9
4 9 2
5 10 6
5 11 6
6 12 6
6 13 2
7 14 6
7 15 4
8 16 7
8 17 8
9 18 4
9 19 3
10 20 7
10 21 4
11 22 10
11 23 2
12 24 1
12 25 3
13 26 7
13 27 7
14 28 9
14 29 9
15 30 8
15 31 9
16 32 9
16 33 10
17 34 4
17 35 3
18 36 7
18 37 6
19 38 10
19 39 3
20 40 5
20 41 2
21 42 3
21 43 8
22 44 7
22 45 10
23 46 6
23 47 7
24 48 10
24 49 3
25 50 8
25 51 1
26 52 5
26 53 9
27 54 2
27 55 1
28 56 5
28 57 2
29 58 10
29 59 5
30 60 5
30 61 10
31 62 3
31 63 10
32 64 8
32 65 9
33 66 4
33 67 4
34 68 7
34 69 5
35 70 8
35 71 4
36 72 8
36 73 10
37 74 2
37 75 1
38 76 8
38 77 5
39 78 9
39 79 9
40 80 7
40 81 9
41 82 2
41 83 3
42 84 7
42 85 8
43 86 9
43 87 7
44 88 1
44 89 9
45 90 4
45 91 1
46 92 4
46 93 8
47 94 10
47 95 1
48 96 7
48 97 2
49 98 6
49 99 9
50 100 9
