# Edges (u,v,w)
1 2 1
1 3 8
2 4 10
2 5 5
3 6 8
3 7 8
4 8 4
4 9 2
5 10 2
5 11 7
6 12 5
6 13 8
7 14 8
7 15 10
8 16 2
8 17 4
9 18 5
9 19 2
10 20 4
10 21 7
11 22 4
11 23 1
12 24 1
12 25 8
13 26 1
13 27 8
14 28 7
14 29 1
15 30 1
15 31 7
16 32 2
16 33 7
17 34 8
17 35 7
18 36 1
18 37 9
19 38 8
19 39 7
20 40 3
20 41 10
21 42 6
21 43 8
22 44 9
22 45 4
23 46 8
23 47 1
24 48 6
24 49 6
25 50 5
25 51 5
26 52 8
26 53 1
27 54 9
27 55 3
28 56 4
28 57 1
29 58 7
29 59 7
30 60 8
30 61 5
31 62 3
31 63 4
32 64 2
32 65 3
33 66 5
33 67 6
34 68 7
34 69 8
35 70 3
35 71 8
36 72 2
36 73 3
37 74 4
37 75 3
38 76 10
38 77 6
39 78 2
39 79 6
40 80 2
40 81 9
41 82 3
41 83 9
42 84 8
42 85 3
43 86 8
43 87 2
44 88 4
44 89 8
45 90 4
45 91 4
46 92 6
46 93 10
47 94 7
47 95 6
48 96 6
48 97 7
49 98 10
49 99 4
50 100 5
