# Edges (u,v,w)
1 2 5
1 3 3
2 4 2
2 5 6
3 6 4
3 7 6
4 8 3
4 9 1
5 10 10
5 11 9
6 12 7
6 13 7
7 14 7
7 15 4
8 16 2
8 17 10
9 18 8
9 19 10
10 20 2
10 21 7
11 22 7
11 23 5
12 24 4
12 25 10
13 26 2
13 27 9
14 28 4
14 29 2
15 30 1
15 31 5
16 32 4
16 33 2
17 34 7
17 35 6
18 36 1
18 37 5
19 38 8
19 39 7
20 40 2
20 41 8
21 42 8
21 43 2
22 44 10
22 45 7
23 46 1
23 47 9
24 48 6
24 49 7
25 50 4
25 51 9
26 52 8
26 53 4
27 54 8
27 55 5
28 56 2
28 57 6
29 58 8
29 59 3
30 60 8
30 61 3
31 62 1
31 63 7
32 64 2
32 65 8
33 66 6
33 67 5
34 68 3
34 69 2
35 70 9
35 71 3
36 72 3
36 73 3
37 74 4
37 75 7
38 76 2
38 77 7
39 78 5
39 79 2
40 80 4
40 81 9
41 82 9
41 83 3
42 84 9
42 85 2
43 86 5
43 87 10
44 88 10
44 89 2
45 90 8
45 91 6
46 92 5
46 93 4
47 94 10
47 95 1
48 96 2
48 97 10
49 98 1
49 99 10
50 100 6
