# Edges (u,v,w)
1 2 1
1 3 1
2 4 2
2 5 10
3 6 7
3 7 5
4 8 4
4 9 4
5 10 1
5 11 9
6 12 5
6 13 8
7 14 10
7 15 4
8 16 1
8 17 8
9 18 4
9 19 6
10 20 1
10 21 8
11 22 2
11 23 3
12 24 9
12 25 5
13 26 7
13 27 2
14 28 3
14 29 5
15 30 6
15 31 8
16 32 5
16 33 1
17 34 1
17 35 2
18 36 3
18 37 7
19 38 3
19 39 8
20 40 2
20 41 8
21 42 4
21 43 7
22 44 8
22 45 8
23 46 2
23 47 4
24 48 7
24 49 9
25 50 6
25 51 4
26 52 4
26 53 10
27 54 8
27 55 1
28 56 9
28 57 5
29 58 7
29 59 8
30 60 7
30 61 9
31 62 3
31 63 6
32 64 5
32 65 5
33 66 7
33 67 2
34 68 6
34 69 1
35 70 2
35 71 6
36 72 10
36 73 9
37 74 10
37 75 3
38 76 2
38 77 6
39 78 6
39 79 4
40 80 3
40 81 8
41 82 2
41 83 8
42 84 7
42 85 10
43 86 10
43 87 4
44 88 4
44 89 3
45 90 3
45 91 2
46 92 7
46 93 7
47 94 2
47 95 8
48 96 10
48 97 10
49 98 5
49 99 1
50 100 4
