# Edges (u,v,w)
1 2 1
1 3 1
2 4 1
2 5 0
3 6 1
3 7 1
4 8 1
4 9 0
5 10 1
5 11 0
6 12 0
6 13 0
7 14 1
7 15 0
8 16 1
8 17 0
9 18 0
9 19 1
10 20 1
10 21 0
11 22 1
11 23 1
12 24 1
12 25 0
13 26 0
13 27 0
14 28 1
14 29 1
15 30 1
15 31 0
16 32 1
16 33 1
17 34 0
17 35 1
18 36 1
18 37 0
19 38 0
19 39 1
20 40 1
20 41 0
21 42 0
21 43 0
22 44 0
22 45 1
23 46 1
23 47 0
24 48 0
24 49 0
25 50 1
25 51 1
26 52 0
26 53 1
27 54 0
27 55 0
28 56 1
28 57 0
29 58 1
29 59 0
30 60 0
30 61 1
31 62 1
31 63 1
32 64 1
32 65 0
33 66 1
33 67 0
34 68 1
34 69 0
35 70 0
35 71 0
36 72 0
36 73 1
37 74 1
37 75 0
38 76 0
38 77 0
39 78 0
39 79 1
40 80 1
40 81 0
41 82 1
41 83 1
42 84 0
42 85 1
43 86 0
43 87 1
44 88 0
44 89 0
45 90 1
45 91 0
46 92 1
46 93 1
47 94 0
47 95 0
48 96 0
48 97 0
49 98 0
49 99 0
50 100 0
