# Edges (u,v,w)
1 2 8
1 3 2
2 4 10
2 5 1
3 6 8
3 7 5
4 8 8
4 9 7
5 10 6
5 11 7
6 12 8
6 13 2
7 14 4
7 15 10
8 16 5
8 17 6
9 18 2
9 19 1
10 20 1
10 21 6
11 22 6
11 23 2
12 24 7
12 25 7
13 26 4
13 27 10
14 28 10
14 29 7
15 30 1
15 31 9
16 32 6
16 33 10
17 34 9
17 35 6
18 36 7
18 37 9
19 38 8
19 39 8
20 40 1
20 41 9
21 42 1
21 43 2
22 44 1
22 45 1
23 46 3
23 47 4
24 48 2
24 49 1
25 50 9
25 51 9
26 52 4
26 53 6
27 54 3
27 55 3
28 56 4
28 57 3
29 58 2
29 59 2
30 60 5
30 61 8
31 62 6
31 63 6
32 64 8
32 65 6
33 66 10
33 67 3
34 68 8
34 69 9
35 70 9
35 71 2
36 72 6
36 73 1
37 74 7
37 75 7
38 76 7
38 77 4
39 78 9
39 79 10
40 80 7
40 81 8
41 82 4
41 83 9
42 84 8
42 85 9
43 86 7
43 87 5
44 88 7
44 89 5
45 90 2
45 91 1
46 92 6
46 93 7
47 94 10
47 95 10
48 96 7
48 97 9
49 98 9
49 99 7
50 100 4
