# Edges (u,v,w)
1 2 6
1 3 3
2 4 4
2 5 5
3 6 9
3 7 2
4 8 5
4 9 5
5 10 10
5 11 6
6 12 9
6 13 7
7 14 6
7 15 1
8 16 8
8 17 10
9 18 10
9 19 9
10 20 5
10 21 2
11 22 8
11 23 9
12 24 6
12 25 9
13 26 3
13 27 1
14 28 8
14 29 5
15 30 10
15 31 5
16 32 9
16 33 8
17 34 5
17 35 5
18 36 7
18 37 5
19 38 4
19 39 9
20 40 1
20 41 10
21 42 5
21 43 1
22 44 4
22 45 2
23 46 10
23 47 6
24 48 10
24 49 10
25 50 8
25 51 7
26 52 7
26 53 4
27 54 2
27 55 8
28 56 10
28 57 3
29 58 7
29 59 8
30 60 9
30 61 6
31 62 2
31 63 2
32 64 8
32 65 4
33 66 3
33 67 9
34 68 6
34 69 4
35 70 8
35 71 1
36 72 6
36 73 5
37 74 5
37 75 7
38 76 2
38 77 10
39 78 10
39 79 10
40 80 2
40 81 5
41 82 3
41 83 1
42 84 7
42 85 2
43 86 3
43 87 8
44 88 9
44 89 4
45 90 6
45 91 1
46 92 10
46 93 5
47 94 5
47 95 1
48 96 1
48 97 4
49 98 2
49 99 6
50 100 2
