# Edges (u,v,w)
1 2 1
1 3 0
2 4 1
2 5 1
3 6 0
3 7 0
4 8 0
4 9 0
5 10 1
5 11 0
6 12 0
6 13 1
7 14 0
7 15 1
8 16 1
8 17 0
9 18 1
9 19 1
10 20 1
10 21 1
11 22 1
11 23 0
12 24 0
12 25 1
13 26 0
13 27 1
14 28 0
14 29 1
15 30 0
15 31 0
16 32 1
16 33 1
17 34 1
17 35 1
18 36 1
18 37 1
19 38 0
19 39 0
20 40 1
20 41 0
21 42 0
21 43 0
22 44 1
22 45 0
23 46 0
23 47 0
24 48 0
24 49 0
25 50 0
25 51 0
26 52 0
26 53 0
27 54 1
27 55 0
28 56 0
28 57 1
29 58 0
29 59 1
30 60 1
30 61 0
31 62 0
31 63 1
32 64 1
32 65 1
33 66 1
33 67 1
34 68 0
34 69 0
35 70 0
35 71 1
36 72 0
36 73 1
37 74 0
37 75 0
38 76 1
38 77 0
39 78 0
39 79 0
40 80 0
40 81 0
41 82 0
41 83 1
42 84 1
42 85 0
43 86 0
43 87 1
44 88 1
44 89 0
45 90 0
45 91 0
46 92 0
46 93 1
47 94 0
47 95 0
48 96 0
48 97 1
49 98 1
49 99 0
50 100 1
