# Edges (u,v,w)
1 2 9
1 3 10
2 4 8
2 5 3
3 6 6
3 7 10
4 8 3
4 9 2
5 10 10
5 11 10
6 12 9
6 13 9
7 14 6
7 15 2
8 16 6
8 17 7
9 18 10
9 19 6
10 20 3
10 21 9
11 22 9
11 23 2
12 24 9
12 25 8
13 26 3
13 27 10
14 28 3
14 29 2
15 30 5
15 31 6
16 32 5
16 33 10
17 34 1
17 35 7
18 36 8
18 37 8
19 38 3
19 39 10
20 40 6
20 41 4
21 42 4
21 43 1
22 44 6
22 45 3
23 46 6
23 47 2
24 48 2
24 49 5
25 50 10
25 51 1
26 52 10
26 53 1
27 54 3
27 55 9
28 56 7
28 57 3
29 58 7
29 59 1
30 60 1
30 61 2
31 62 10
31 63 7
32 64 10
32 65 1
33 66 1
33 67 6
34 68 8
34 69 8
35 70 1
35 71 2
36 72 1
36 73 7
37 74 3
37 75 10
38 76 8
38 77 4
39 78 5
39 79 6
40 80 5
40 81 8
41 82 10
41 83 9
42 84 7
42 85 10
43 86 1
43 87 9
44 88 9
44 89 8
45 90 3
45 91 8
46 92 1
46 93 2
47 94 6
47 95 3
48 96 2
48 97 3
49 98 1
49 99 2
50 100 8
