# Edges (u,v,w)
1 2 10
1 3 1
2 4 8
2 5 7
3 6 5
3 7 8
4 8 4
4 9 5
5 10 10
5 11 4
6 12 9
6 13 1
7 14 8
7 15 4
8 16 10
8 17 5
9 18 5
9 19 4
10 20 2
10 21 2
11 22 3
11 23 8
12 24 8
12 25 9
13 26 9
13 27 1
14 28 8
14 29 5
15 30 4
15 31 9
16 32 3
16 33 7
17 34 3
17 35 2
18 36 7
18 37 3
19 38 5
19 39 4
20 40 5
20 41 5
21 42 4
21 43 8
22 44 3
22 45 6
23 46 3
23 47 8
24 48 5
24 49 5
25 50 2
25 51 7
26 52 10
26 53 2
27 54 4
27 55 9
28 56 5
28 57 8
29 58 5
29 59 9
30 60 3
30 61 4
31 62 6
31 63 1
32 64 2
32 65 10
33 66 7
33 67 8
34 68 2
34 69 3
35 70 8
35 71 3
36 72 7
36 73 3
37 74 9
37 75 7
38 76 6
38 77 7
39 78 4
39 79 1
40 80 3
40 81 10
41 82 7
41 83 8
42 84 2
42 85 4
43 86 10
43 87 10
44 88 6
44 89 2
45 90 5
45 91 7
46 92 4
46 93 10
47 94 2
47 95 4
48 96 6
48 97 1
49 98 3
49 99 3
50 100 3
