# Edges (u,v,w)
1 2 6
1 3 5
2 4 1
2 5 3
3 6 8
3 7 3
4 8 7
4 9 5
5 10 8
5 11 10
6 12 2
6 13 8
7 14 6
7 15 4
8 16 1
8 17 4
9 18 4
9 19 1
10 20 1
10 21 4
11 22 6
11 23 2
12 24 6
12 25 3
13 26 6
13 27 6
14 28 2
14 29 7
15 30 7
15 31 8
16 32 5
16 33 4
17 34 7
17 35 6
18 36 6
18 37 7
19 38 2
19 39 7
20 40 10
20 41 9
21 42 8
21 43 8
22 44 9
22 45 4
23 46 3
23 47 7
24 48 10
24 49 7
25 50 4
25 51 8
26 52 2
26 53 5
27 54 7
27 55 6
28 56 7
28 57 2
29 58 2
29 59 3
30 60 8
30 61 8
31 62 6
31 63 8
32 64 2
32 65 3
33 66 3
33 67 8
34 68 9
34 69 3
35 70 9
35 71 4
36 72 3
36 73 9
37 74 3
37 75 1
38 76 3
38 77 10
39 78 8
39 79 7
40 80 4
40 81 3
41 82 10
41 83 1
42 84 8
42 85 2
43 86 9
43 87 10
44 88 5
44 89 4
45 90 9
45 91 10
46 92 4
46 93 8
47 94 5
47 95 5
48 96 3
48 97 9
49 98 4
49 99 4
50 100 6
