# Edges (u,v,w)
1 2 9
1 3 7
2 4 2
2 5 10
3 6 1
3 7 9
4 8 2
4 9 6
5 10 4
5 11 8
6 12 5
6 13 1
7 14 5
7 15 8
8 16 6
8 17 4
9 18 1
9 19 1
10 20 2
10 21 1
11 22 1
11 23 4
12 24 7
12 25 6
13 26 7
13 27 6
14 28 4
14 29 3
15 30 2
15 31 7
16 32 10
16 33 2
17 34 10
17 35 2
18 36 3
18 37 10
19 38 6
19 39 5
20 40 8
20 41 9
21 42 7
21 43 6
22 44 4
22 45 6
23 46 3
23 47 5
24 48 10
24 49 6
25 50 3
25 51 10
26 52 1
26 53 7
27 54 8
27 55 4
28 56 6
28 57 10
29 58 5
29 59 7
30 60 10
30 61 2
31 62 1
31 63 4
32 64 1
32 65 7
33 66 10
33 67 6
34 68 7
34 69 10
35 70 5
35 71 6
36 72 5
36 73 4
37 74 7
37 75 6
38 76 3
38 77 6
39 78 3
39 79 8
40 80 4
40 81 8
41 82 4
41 83 5
42 84 2
42 85 4
43 86 8
43 87 2
44 88 6
44 89 7
45 90 5
45 91 6
46 92 9
46 93 6
47 94 7
47 95 6
48 96 1
48 97 9
49 98 5
49 99 4
50 100 3
