# Edges (u,v,w)
1 2 0
1 3 0
2 4 0
2 5 1
3 6 0
3 7 1
4 8 0
4 9 0
5 10 0
5 11 0
6 12 0
6 13 0
7 14 1
7 15 1
8 16 1
8 17 1
9 18 0
9 19 1
10 20 1
10 21 0
11 22 0
11 23 1
12 24 0
12 25 1
13 26 1
13 27 0
14 28 0
14 29 1
15 30 1
15 31 1
16 32 1
16 33 1
17 34 1
17 35 1
18 36 1
18 37 1
19 38 1
19 39 1
20 40 1
20 41 0
21 42 1
21 43 1
22 44 0
22 45 1
23 46 0
23 47 0
24 48 0
24 49 0
25 50 0
25 51 0
26 52 0
26 53 0
27 54 1
27 55 1
28 56 0
28 57 1
29 58 1
29 59 1
30 60 1
30 61 1
31 62 1
31 63 1
32 64 1
32 65 1
33 66 0
33 67 1
34 68 0
34 69 0
35 70 1
35 71 1
36 72 0
36 73 1
37 74 0
37 75 1
38 76 1
38 77 1
39 78 0
39 79 0
40 80 0
40 81 0
41 82 1
41 83 1
42 84 1
42 85 1
43 86 1
43 87 0
44 88 1
44 89 0
45 90 0
45 91 0
46 92 0
46 93 1
47 94 1
47 95 0
48 96 0
48 97 0
49 98 0
49 99 1
50 100 1
