# Edges (u,v,w)
1 2 1
1 3 10
2 4 1
2 5 3
3 6 4
3 7 7
4 8 7
4 9 5
5 10 9
5 11 3
6 12 6
6 13 6
7 14 9
7 15 5
8 16 10
8 17 7
9 18 5
9 19 10
10 20 1
10 21 1
11 22 6
11 23 3
12 24 1
12 25 9
13 26 8
13 27 9
14 28 6
14 29 2
15 30 2
15 31 2
16 32 2
16 33 9
17 34 9
17 35 2
18 36 5
18 37 2
19 38 3
19 39 8
20 40 6
20 41 3
21 42 1
21 43 8
22 44 9
22 45 7
23 46 9
23 47 5
24 48 6
24 49 1
25 50 6
25 51 1
26 52 1
26 53 9
27 54 6
27 55 9
28 56 1
28 57 3
29 58 9
29 59 2
30 60 8
30 61 8
31 62 9
31 63 8
32 64 6
32 65 4
33 66 2
33 67 3
34 68 1
34 69 2
35 70 8
35 71 9
36 72 9
36 73 3
37 74 10
37 75 9
38 76 1
38 77 7
39 78 5
39 79 9
40 80 2
40 81 10
41 82 10
41 83 2
42 84 3
42 85 2
43 86 7
43 87 2
44 88 2
44 89 8
45 90 8
45 91 4
46 92 8
46 93 7
47 94 7
47 95 10
48 96 8
48 97 3
49 98 8
49 99 5
50 100 5
