# Edges (u,v,w)
1 2 0
1 3 0
2 4 1
2 5 1
3 6 0
3 7 0
4 8 1
4 9 0
5 10 0
5 11 1
6 12 1
6 13 1
7 14 0
7 15 1
8 16 1
8 17 0
9 18 1
9 19 1
10 20 1
10 21 1
11 22 0
11 23 1
12 24 1
12 25 0
13 26 1
13 27 0
14 28 1
14 29 1
15 30 1
15 31 0
16 32 1
16 33 0
17 34 0
17 35 1
18 36 1
18 37 1
19 38 1
19 39 1
20 40 1
20 41 1
21 42 0
21 43 0
22 44 0
22 45 1
23 46 0
23 47 0
24 48 1
24 49 1
25 50 1
25 51 1
26 52 1
26 53 1
27 54 0
27 55 1
28 56 1
28 57 0
29 58 0
29 59 0
30 60 1
30 61 0
31 62 1
31 63 0
32 64 1
32 65 1
33 66 1
33 67 0
34 68 0
34 69 1
35 70 1
35 71 1
36 72 0
36 73 1
37 74 1
37 75 1
38 76 0
38 77 1
39 78 0
39 79 1
40 80 0
40 81 1
41 82 0
41 83 0
42 84 1
42 85 1
43 86 1
43 87 0
44 88 1
44 89 0
45 90 0
45 91 1
46 92 0
46 93 0
47 94 1
47 95 0
48 96 1
48 97 0
49 98 0
49 99 1
50 100 0
