# Edges (u,v,w)
1 2 10
1 3 10
2 4 5
2 5 2
3 6 10
3 7 9
4 8 9
4 9 7
5 10 3
5 11 9
6 12 6
6 13 10
7 14 8
7 15 1
8 16 9
8 17 3
9 18 6
9 19 2
10 20 8
10 21 1
11 22 4
11 23 5
12 24 10
12 25 10
13 26 9
13 27 3
14 28 10
14 29 4
15 30 3
15 31 10
16 32 1
16 33 2
17 34 3
17 35 8
18 36 1
18 37 6
19 38 6
19 39 3
20 40 5
20 41 7
21 42 2
21 43 8
22 44 10
22 45 5
23 46 4
23 47 7
24 48 3
24 49 6
25 50 4
25 51 6
26 52 9
26 53 2
27 54 1
27 55 1
28 56 7
28 57 2
29 58 10
29 59 1
30 60 4
30 61 9
31 62 1
31 63 5
32 64 1
32 65 10
33 66 5
33 67 5
34 68 9
34 69 9
35 70 4
35 71 1
36 72 7
36 73 5
37 74 6
37 75 1
38 76 4
38 77 8
39 78 1
39 79 10
40 80 8
40 81 8
41 82 8
41 83 7
42 84 7
42 85 3
43 86 2
43 87 5
44 88 8
44 89 4
45 90 3
45 91 6
46 92 1
46 93 6
47 94 10
47 95 10
48 96 9
48 97 8
49 98 2
49 99 3
50 100 2
