# Edges (u,v,w)
1 2 2
1 3 4
2 4 4
2 5 10
3 6 10
3 7 1
4 8 5
4 9 5
5 10 1
5 11 3
6 12 3
6 13 1
7 14 6
7 15 5
8 16 2
8 17 1
9 18 1
9 19 5
10 20 1
10 21 6
11 22 1
11 23 9
12 24 7
12 25 1
13 26 8
13 27 2
14 28 7
14 29 4
15 30 7
15 31 6
16 32 7
16 33 10
17 34 9
17 35 2
18 36 2
18 37 9
19 38 6
19 39 6
20 40 1
20 41 10
21 42 8
21 43 8
22 44 2
22 45 3
23 46 10
23 47 9
24 48 3
24 49 9
25 50 9
25 51 7
26 52 10
26 53 9
27 54 4
27 55 3
28 56 8
28 57 7
29 58 5
29 59 2
30 60 10
30 61 9
31 62 8
31 63 8
32 64 10
32 65 4
33 66 5
33 67 7
34 68 5
34 69 10
35 70 7
35 71 4
36 72 5
36 73 4
37 74 10
37 75 10
38 76 4
38 77 5
39 78 8
39 79 8
40 80 8
40 81 4
41 82 6
41 83 1
42 84 2
42 85 8
43 86 2
43 87 1
44 88 1
44 89 7
45 90 1
45 91 8
46 92 4
46 93 4
47 94 3
47 95 8
48 96 6
48 97 9
49 98 3
49 99 3
50 100 4
