# Edges (u,v,w)
1 2 0
1 3 0
2 4 0
2 5 1
3 6 1
3 7 1
4 8 1
4 9 1
5 10 1
5 11 0
6 12 1
6 13 1
7 14 1
7 15 0
8 16 1
8 17 0
9 18 0
9 19 0
10 20 0
10 21 1
11 22 0
11 23 0
12 24 0
12 25 0
13 26 0
13 27 1
14 28 1
14 29 0
15 30 0
15 31 1
16 32 1
16 33 0
17 34 0
17 35 1
18 36 0
18 37 0
19 38 0
19 39 1
20 40 0
20 41 1
21 42 1
21 43 1
22 44 0
22 45 1
23 46 0
23 47 0
24 48 0
24 49 0
25 50 1
25 51 1
26 52 0
26 53 0
27 54 1
27 55 1
28 56 0
28 57 0
29 58 0
29 59 1
30 60 1
30 61 0
31 62 0
31 63 1
32 64 1
32 65 1
33 66 1
33 67 0
34 68 1
34 69 1
35 70 0
35 71 0
36 72 1
36 73 0
37 74 1
37 75 0
38 76 0
38 77 0
39 78 1
39 79 0
40 80 1
40 81 0
41 82 0
41 83 1
42 84 0
42 85 1
43 86 0
43 87 1
44 88 0
44 89 0
45 90 0
45 91 0
46 92 1
46 93 1
47 94 0
47 95 0
48 96 1
48 97 0
49 98 1
49 99 1
50 100 0
