# Edges (u,v,w)
1 2 1
1 3 0
2 4 1
2 5 0
3 6 0
3 7 0
4 8 0
4 9 0
5 10 0
5 11 1
6 12 1
6 13 1
7 14 1
7 15 1
8 16 0
8 17 1
9 18 0
9 19 1
10 20 1
10 21 0
11 22 1
11 23 1
12 24 1
12 25 1
13 26 1
13 27 1
14 28 1
14 29 0
15 30 0
15 31 1
16 32 1
16 33 1
17 34 1
17 35 0
18 36 1
18 37 0
19 38 0
19 39 0
20 40 1
20 41 1
21 42 1
21 43 1
22 44 0
22 45 0
23 46 0
23 47 0
24 48 1
24 49 0
25 50 1
25 51 1
26 52 1
26 53 0
27 54 0
27 55 0
28 56 1
28 57 1
29 58 0
29 59 1
30 60 0
30 61 1
31 62 1
31 63 0
32 64 1
32 65 0
33 66 1
33 67 0
34 68 0
34 69 0
35 70 0
35 71 0
36 72 0
36 73 1
37 74 0
37 75 0
38 76 0
38 77 0
39 78 0
39 79 1
40 80 1
40 81 0
41 82 0
41 83 0
42 84 0
42 85 1
43 86 0
43 87 0
44 88 0
44 89 1
45 90 1
45 91 1
46 92 1
46 93 1
47 94 0
47 95 1
48 96 1
48 97 1
49 98 0
49 99 0
50 100 1
