# Edges (u,v,w)
1 2 5
1 3 6
2 4 1
2 5 3
3 6 2
3 7 8
4 8 1
4 9 3
5 10 9
5 11 6
6 12 9
6 13 9
7 14 7
7 15 2
8 16 9
8 17 3
9 18 6
9 19 8
10 20 4
10 21 7
11 22 9
11 23 2
12 24 3
12 25 10
13 26 6
13 27 5
14 28 6
14 29 9
15 30 7
15 31 3
16 32 5
16 33 10
17 34 8
17 35 5
18 36 2
18 37 8
19 38 7
19 39 3
20 40 7
20 41 9
21 42 2
21 43 4
22 44 4
22 45 4
23 46 10
23 47 2
24 48 1
24 49 8
25 50 1
25 51 5
26 52 6
26 53 10
27 54 7
27 55 1
28 56 3
28 57 10
29 58 10
29 59 5
30 60 10
30 61 4
31 62 1
31 63 4
32 64 7
32 65 4
33 66 4
33 67 7
34 68 1
34 69 2
35 70 4
35 71 5
36 72 2
36 73 7
37 74 6
37 75 7
38 76 5
38 77 4
39 78 6
39 79 9
40 80 7
40 81 9
41 82 9
41 83 2
42 84 10
42 85 8
43 86 7
43 87 10
44 88 5
44 89 10
45 90 4
45 91 2
46 92 1
46 93 9
47 94 5
47 95 2
48 96 1
48 97 5
49 98 9
49 99 4
50 100 10
