# Edges (u,v,w)
1 2 7
1 3 1
2 4 4
2 5 5
3 6 5
3 7 10
4 8 10
4 9 5
5 10 4
5 11 1
6 12 6
6 13 7
7 14 5
7 15 2
8 16 7
8 17 4
9 18 4
9 19 7
10 20 2
10 21 8
11 22 5
11 23 5
12 24 4
12 25 6
13 26 2
13 27 10
14 28 2
14 29 4
15 30 5
15 31 1
16 32 1
16 33 10
17 34 4
17 35 9
18 36 7
18 37 8
19 38 7
19 39 9
20 40 1
20 41 8
21 42 2
21 43 1
22 44 8
22 45 2
23 46 10
23 47 5
24 48 2
24 49 3
25 50 6
25 51 10
26 52 7
26 53 8
27 54 8
27 55 3
28 56 3
28 57 1
29 58 9
29 59 3
30 60 4
30 61 1
31 62 3
31 63 5
32 64 5
32 65 8
33 66 5
33 67 8
34 68 3
34 69 9
35 70 4
35 71 5
36 72 9
36 73 6
37 74 9
37 75 3
38 76 5
38 77 6
39 78 10
39 79 6
40 80 8
40 81 4
41 82 2
41 83 10
42 84 8
42 85 10
43 86 5
43 87 10
44 88 5
44 89 9
45 90 4
45 91 7
46 92 7
46 93 5
47 94 6
47 95 1
48 96 3
48 97 3
49 98 6
49 99 8
50 100 7
