# Edges (u,v,w)
1 2 4
1 3 9
2 4 5
2 5 4
3 6 7
3 7 6
4 8 9
4 9 8
5 10 10
5 11 7
6 12 7
6 13 3
7 14 2
7 15 1
8 16 8
8 17 9
9 18 3
9 19 6
10 20 3
10 21 3
11 22 10
11 23 3
12 24 10
12 25 10
13 26 2
13 27 8
14 28 9
14 29 9
15 30 1
15 31 1
16 32 8
16 33 8
17 34 10
17 35 6
18 36 8
18 37 9
19 38 5
19 39 3
20 40 5
20 41 5
21 42 5
21 43 4
22 44 8
22 45 4
23 46 5
23 47 2
24 48 4
24 49 3
25 50 8
25 51 8
26 52 3
26 53 3
27 54 10
27 55 3
28 56 8
28 57 10
29 58 8
29 59 10
30 60 1
30 61 2
31 62 7
31 63 4
32 64 5
32 65 10
33 66 10
33 67 2
34 68 6
34 69 9
35 70 6
35 71 1
36 72 6
36 73 5
37 74 1
37 75 10
38 76 3
38 77 5
39 78 9
39 79 10
40 80 9
40 81 7
41 82 3
41 83 9
42 84 7
42 85 3
43 86 6
43 87 5
44 88 9
44 89 10
45 90 7
45 91 7
46 92 9
46 93 3
47 94 5
47 95 10
48 96 5
48 97 9
49 98 2
49 99 2
50 100 9
