# Edges (u,v,w)
1 2 0
1 3 1
2 4 1
2 5 0
3 6 1
3 7 0
4 8 1
4 9 0
5 10 0
5 11 1
6 12 1
6 13 1
7 14 0
7 15 0
8 16 1
8 17 0
9 18 1
9 19 0
10 20 1
10 21 1
11 22 0
11 23 1
12 24 0
12 25 1
13 26 0
13 27 0
14 28 0
14 29 0
15 30 0
15 31 0
16 32 1
16 33 0
17 34 1
17 35 0
18 36 1
18 37 0
19 38 1
19 39 1
20 40 0
20 41 0
21 42 0
21 43 1
22 44 0
22 45 0
23 46 1
23 47 1
24 48 0
24 49 1
25 50 0
25 51 1
26 52 1
26 53 0
27 54 0
27 55 0
28 56 1
28 57 1
29 58 0
29 59 1
30 60 1
30 61 1
31 62 0
31 63 1
32 64 1
32 65 0
33 66 0
33 67 0
34 68 0
34 69 0
35 70 0
35 71 1
36 72 1
36 73 1
37 74 0
37 75 1
38 76 0
38 77 0
39 78 1
39 79 1
40 80 1
40 81 0
41 82 1
41 83 0
42 84 0
42 85 0
43 86 0
43 87 0
44 88 1
44 89 0
45 90 0
45 91 0
46 92 1
46 93 0
47 94 1
47 95 1
48 96 1
48 97 0
49 98 1
49 99 1
50 100 0
