# Edges (u,v,w)
1 2 9
1 3 10
2 4 3
2 5 4
3 6 10
3 7 7
4 8 10
4 9 6
5 10 10
5 11 5
6 12 2
6 13 1
7 14 1
7 15 10
8 16 3
8 17 10
9 18 2
9 19 8
10 20 4
10 21 6
11 22 1
11 23 2
12 24 8
12 25 9
13 26 7
13 27 2
14 28 2
14 29 1
15 30 4
15 31 6
16 32 2
16 33 3
17 34 5
17 35 4
18 36 1
18 37 1
19 38 9
19 39 6
20 40 1
20 41 8
21 42 8
21 43 9
22 44 5
22 45 7
23 46 7
23 47 4
24 48 3
24 49 3
25 50 7
25 51 3
26 52 2
26 53 3
27 54 4
27 55 4
28 56 1
28 57 9
29 58 10
29 59 7
30 60 9
30 61 1
31 62 3
31 63 6
32 64 2
32 65 5
33 66 2
33 67 7
34 68 7
34 69 10
35 70 5
35 71 7
36 72 7
36 73 3
37 74 4
37 75 5
38 76 3
38 77 1
39 78 8
39 79 3
40 80 4
40 81 2
41 82 4
41 83 9
42 84 9
42 85 1
43 86 10
43 87 10
44 88 1
44 89 9
45 90 10
45 91 2
46 92 8
46 93 2
47 94 1
47 95 2
48 96 8
48 97 1
49 98 5
49 99 3
50 100 10
