# Edges (u,v,w)
1 2 1
1 3 7
2 4 2
2 5 7
3 6 8
3 7 6
4 8 7
4 9 10
5 10 4
5 11 10
6 12 4
6 13 2
7 14 8
7 15 4
8 16 10
8 17 9
9 18 6
9 19 3
10 20 3
10 21 4
11 22 10
11 23 3
12 24 5
12 25 5
13 26 6
13 27 5
14 28 5
14 29 2
15 30 3
15 31 10
16 32 6
16 33 8
17 34 3
17 35 10
18 36 9
18 37 7
19 38 4
19 39 1
20 40 1
20 41 4
21 42 9
21 43 5
22 44 8
22 45 7
23 46 8
23 47 4
24 48 4
24 49 7
25 50 10
25 51 4
26 52 9
26 53 10
27 54 10
27 55 3
28 56 6
28 57 8
29 58 9
29 59 9
30 60 4
30 61 5
31 62 2
31 63 1
32 64 5
32 65 2
33 66 7
33 67 2
34 68 8
34 69 7
35 70 8
35 71 3
36 72 1
36 73 8
37 74 5
37 75 10
38 76 8
38 77 5
39 78 6
39 79 4
40 80 10
40 81 7
41 82 9
41 83 4
42 84 2
42 85 8
43 86 1
43 87 8
44 88 2
44 89 7
45 90 8
45 91 8
46 92 2
46 93 4
47 94 7
47 95 4
48 96 8
48 97 3
49 98 3
49 99 2
50 100 2
