# Edges (u,v,w)
1 2 4
1 3 2
2 4 8
2 5 8
3 6 4
3 7 8
4 8 5
4 9 7
5 10 7
5 11 10
6 12 1
6 13 9
7 14 4
7 15 1
8 16 3
8 17 4
9 18 5
9 19 5
10 20 8
10 21 1
11 22 8
11 23 9
12 24 1
12 25 10
13 26 10
13 27 10
14 28 3
14 29 7
15 30 7
15 31 7
16 32 9
16 33 3
17 34 5
17 35 3
18 36 2
18 37 10
19 38 6
19 39 5
20 40 6
20 41 6
21 42 6
21 43 4
22 44 6
22 45 3
23 46 7
23 47 10
24 48 10
24 49 7
25 50 8
25 51 8
26 52 7
26 53 3
27 54 4
27 55 10
28 56 5
28 57 7
29 58 7
29 59 4
30 60 4
30 61 7
31 62 3
31 63 6
32 64 2
32 65 6
33 66 9
33 67 5
34 68 3
34 69 1
35 70 2
35 71 6
36 72 3
36 73 8
37 74 10
37 75 7
38 76 8
38 77 5
39 78 6
39 79 8
40 80 1
40 81 3
41 82 8
41 83 8
42 84 5
42 85 6
43 86 4
43 87 6
44 88 9
44 89 5
45 90 2
45 91 8
46 92 9
46 93 5
47 94 4
47 95 7
48 96 2
48 97 6
49 98 3
49 99 7
50 100 4
