# Edges (u,v,w)
1 2 1
1 3 1
2 4 1
2 5 2
3 6 4
3 7 8
4 8 9
4 9 8
5 10 7
5 11 4
6 12 2
6 13 8
7 14 7
7 15 6
8 16 4
8 17 6
9 18 6
9 19 1
10 20 2
10 21 7
11 22 5
11 23 3
12 24 9
12 25 7
13 26 5
13 27 7
14 28 4
14 29 4
15 30 5
15 31 1
16 32 8
16 33 1
17 34 9
17 35 4
18 36 5
18 37 4
19 38 8
19 39 1
20 40 7
20 41 5
21 42 9
21 43 7
22 44 7
22 45 1
23 46 5
23 47 3
24 48 3
24 49 4
25 50 3
25 51 2
26 52 7
26 53 9
27 54 6
27 55 9
28 56 4
28 57 4
29 58 4
29 59 10
30 60 1
30 61 9
31 62 9
31 63 3
32 64 3
32 65 9
33 66 10
33 67 3
34 68 6
34 69 7
35 70 2
35 71 7
36 72 2
36 73 8
37 74 6
37 75 9
38 76 7
38 77 3
39 78 8
39 79 6
40 80 9
40 81 1
41 82 2
41 83 2
42 84 8
42 85 6
43 86 2
43 87 6
44 88 7
44 89 4
45 90 9
45 91 10
46 92 10
46 93 5
47 94 2
47 95 9
48 96 8
48 97 1
49 98 8
49 99 2
50 100 1
