# Edges (u,v,w)
1 2 10
1 3 2
2 4 6
2 5 1
3 6 7
3 7 6
4 8 9
4 9 10
5 10 7
5 11 3
6 12 3
6 13 8
7 14 9
7 15 5
8 16 7
8 17 2
9 18 10
9 19 7
10 20 7
10 21 3
11 22 5
11 23 2
12 24 2
12 25 3
13 26 2
13 27 8
14 28 8
14 29 8
15 30 3
15 31 9
16 32 1
16 33 4
17 34 4
17 35 5
18 36 4
18 37 8
19 38 3
19 39 6
20 40 2
20 41 3
21 42 8
21 43 2
22 44 9
22 45 1
23 46 2
23 47 5
24 48 7
24 49 8
25 50 10
25 51 8
26 52 1
26 53 6
27 54 2
27 55 9
28 56 10
28 57 4
29 58 1
29 59 9
30 60 9
30 61 8
31 62 8
31 63 6
32 64 8
32 65 3
33 66 9
33 67 8
34 68 6
34 69 7
35 70 4
35 71 4
36 72 1
36 73 4
37 74 4
37 75 7
38 76 4
38 77 10
39 78 8
39 79 10
40 80 4
40 81 9
41 82 10
41 83 7
42 84 1
42 85 7
43 86 9
43 87 4
44 88 4
44 89 4
45 90 8
45 91 4
46 92 5
46 93 6
47 94 10
47 95 6
48 96 7
48 97 3
49 98 1
49 99 8
50 100 3
