# Edges (u,v,w)
1 2 9
1 3 2
2 4 8
2 5 3
3 6 8
3 7 10
4 8 9
4 9 2
5 10 1
5 11 9
6 12 3
6 13 9
7 14 1
7 15 5
8 16 5
8 17 7
9 18 9
9 19 3
10 20 3
10 21 7
11 22 8
11 23 9
12 24 8
12 25 8
13 26 9
13 27 1
14 28 1
14 29 10
15 30 9
15 31 8
16 32 3
16 33 4
17 34 8
17 35 4
18 36 8
18 37 9
19 38 1
19 39 6
20 40 6
20 41 10
21 42 8
21 43 3
22 44 1
22 45 10
23 46 6
23 47 10
24 48 9
24 49 5
25 50 7
25 51 4
26 52 6
26 53 1
27 54 4
27 55 7
28 56 2
28 57 1
29 58 3
29 59 1
30 60 4
30 61 6
31 62 5
31 63 5
32 64 6
32 65 7
33 66 8
33 67 1
34 68 3
34 69 10
35 70 7
35 71 9
36 72 10
36 73 5
37 74 9
37 75 9
38 76 9
38 77 4
39 78 5
39 79 8
40 80 7
40 81 7
41 82 8
41 83 9
42 84 2
42 85 2
43 86 4
43 87 7
44 88 4
44 89 8
45 90 4
45 91 9
46 92 2
46 93 9
47 94 4
47 95 10
48 96 10
48 97 1
49 98 3
49 99 9
50 100 5
