# Edges (u,v,w)
1 2 6
1 3 7
2 4 6
2 5 9
3 6 10
3 7 2
4 8 2
4 9 1
5 10 5
5 11 3
6 12 4
6 13 10
7 14 3
7 15 6
8 16 5
8 17 9
9 18 9
9 19 2
10 20 8
10 21 1
11 22 5
11 23 6
12 24 6
12 25 8
13 26 6
13 27 10
14 28 5
14 29 9
15 30 1
15 31 3
16 32 6
16 33 1
17 34 6
17 35 3
18 36 8
18 37 7
19 38 8
19 39 4
20 40 6
20 41 1
21 42 10
21 43 6
22 44 10
22 45 6
23 46 5
23 47 2
24 48 4
24 49 7
25 50 5
25 51 10
26 52 5
26 53 4
27 54 2
27 55 2
28 56 8
28 57 8
29 58 2
29 59 8
30 60 4
30 61 2
31 62 5
31 63 9
32 64 8
32 65 7
33 66 4
33 67 7
34 68 7
34 69 10
35 70 5
35 71 1
36 72 2
36 73 6
37 74 8
37 75 4
38 76 1
38 77 8
39 78 1
39 79 8
40 80 6
40 81 4
41 82 8
41 83 5
42 84 9
42 85 7
43 86 4
43 87 4
44 88 9
44 89 10
45 90 4
45 91 5
46 92 9
46 93 9
47 94 9
47 95 8
48 96 7
48 97 2
49 98 7
49 99 5
50 100 1
