# Edges (u,v,w)
1 2 1
1 3 1
2 4 0
2 5 1
3 6 1
3 7 0
4 8 1
4 9 1
5 10 1
5 11 1
6 12 1
6 13 1
7 14 0
7 15 1
8 16 0
8 17 0
9 18 0
9 19 1
10 20 1
10 21 1
11 22 1
11 23 0
12 24 0
12 25 0
13 26 0
13 27 0
14 28 1
14 29 1
15 30 0
15 31 0
16 32 1
16 33 0
17 34 0
17 35 0
18 36 1
18 37 1
19 38 1
19 39 1
20 40 1
20 41 0
21 42 0
21 43 1
22 44 1
22 45 1
23 46 0
23 47 1
24 48 1
24 49 1
25 50 1
25 51 0
26 52 1
26 53 1
27 54 1
27 55 0
28 56 1
28 57 1
29 58 0
29 59 1
30 60 1
30 61 1
31 62 1
31 63 1
32 64 1
32 65 1
33 66 1
33 67 1
34 68 1
34 69 1
35 70 1
35 71 1
36 72 0
36 73 1
37 74 1
37 75 1
38 76 0
38 77 0
39 78 0
39 79 1
40 80 0
40 81 0
41 82 0
41 83 0
42 84 0
42 85 1
43 86 0
43 87 1
44 88 0
44 89 1
45 90 1
45 91 0
46 92 0
46 93 1
47 94 1
47 95 1
48 96 1
48 97 1
49 98 0
49 99 1
50 100 1
