# Edges (u,v,w)
1 2 10
1 3 1
2 4 10
2 5 4
3 6 5
3 7 8
4 8 7
4 9 1
5 10 4
5 11 10
6 12 3
6 13 8
7 14 1
7 15 9
8 16 6
8 17 5
9 18 10
9 19 8
10 20 2
10 21 10
11 22 8
11 23 3
12 24 10
12 25 2
13 26 10
13 27 4
14 28 7
14 29 2
15 30 2
15 31 8
16 32 6
16 33 10
17 34 6
17 35 4
18 36 7
18 37 6
19 38 10
19 39 1
20 40 10
20 41 3
21 42 4
21 43 7
22 44 7
22 45 1
23 46 9
23 47 10
24 48 5
24 49 2
25 50 3
25 51 9
26 52 1
26 53 3
27 54 10
27 55 4
28 56 4
28 57 4
29 58 9
29 59 3
30 60 8
30 61 6
31 62 7
31 63 6
32 64 9
32 65 5
33 66 2
33 67 10
34 68 6
34 69 8
35 70 7
35 71 8
36 72 6
36 73 10
37 74 5
37 75 4
38 76 1
38 77 2
39 78 3
39 79 9
40 80 3
40 81 8
41 82 4
41 83 6
42 84 4
42 85 4
43 86 3
43 87 4
44 88 7
44 89 4
45 90 10
45 91 2
46 92 5
46 93 7
47 94 6
47 95 4
48 96 9
48 97 4
49 98 10
49 99 5
50 100 6
