# Edges (u,v,w)
1 2 1
1 3 5
2 4 8
2 5 9
3 6 5
3 7 8
4 8 10
4 9 6
5 10 7
5 11 6
6 12 4
6 13 9
7 14 2
7 15 5
8 16 5
8 17 10
9 18 10
9 19 5
10 20 1
10 21 8
11 22 5
11 23 5
12 24 9
12 25 3
13 26 5
13 27 4
14 28 4
14 29 8
15 30 3
15 31 2
16 32 6
16 33 1
17 34 4
17 35 4
18 36 7
18 37 2
19 38 9
19 39 7
20 40 10
20 41 9
21 42 2
21 43 5
22 44 2
22 45 6
23 46 8
23 47 2
24 48 3
24 49 5
25 50 3
25 51 2
26 52 1
26 53 7
27 54 8
27 55 4
28 56 2
28 57 5
29 58 3
29 59 9
30 60 6
30 61 5
31 62 4
31 63 10
32 64 9
32 65 7
33 66 10
33 67 10
34 68 1
34 69 7
35 70 3
35 71 9
36 72 4
36 73 5
37 74 8
37 75 5
38 76 4
38 77 3
39 78 3
39 79 10
40 80 1
40 81 4
41 82 9
41 83 2
42 84 2
42 85 8
43 86 7
43 87 6
44 88 10
44 89 7
45 90 9
45 91 6
46 92 3
46 93 10
47 94 1
47 95 9
48 96 9
48 97 9
49 98 6
49 99 7
50 100 1
