# Edges (u,v,w)
1 2 0
1 3 0
2 4 0
2 5 1
3 6 0
3 7 1
4 8 1
4 9 1
5 10 0
5 11 0
6 12 1
6 13 0
7 14 1
7 15 0
8 16 1
8 17 0
9 18 0
9 19 0
10 20 0
10 21 1
11 22 0
11 23 0
12 24 1
12 25 0
13 26 0
13 27 1
14 28 1
14 29 1
15 30 1
15 31 1
16 32 0
16 33 1
17 34 1
17 35 1
18 36 1
18 37 1
19 38 0
19 39 1
20 40 0
20 41 0
21 42 0
21 43 1
22 44 1
22 45 1
23 46 1
23 47 1
24 48 1
24 49 0
25 50 0
25 51 0
26 52 0
26 53 0
27 54 0
27 55 0
28 56 1
28 57 0
29 58 0
29 59 1
30 60 1
30 61 0
31 62 1
31 63 1
32 64 1
32 65 0
33 66 1
33 67 0
34 68 1
34 69 1
35 70 0
35 71 1
36 72 0
36 73 0
37 74 1
37 75 0
38 76 1
38 77 1
39 78 0
39 79 1
40 80 0
40 81 0
41 82 1
41 83 1
42 84 1
42 85 1
43 86 1
43 87 1
44 88 0
44 89 0
45 90 1
45 91 1
46 92 0
46 93 0
47 94 1
47 95 1
48 96 1
48 97 0
49 98 1
49 99 0
50 100 0
