# Edges (u,v,w)
1 2 9
1 3 6
2 4 10
2 5 7
3 6 10
3 7 1
4 8 5
4 9 2
5 10 10
5 11 7
6 12 6
6 13 3
7 14 5
7 15 3
8 16 6
8 17 2
9 18 4
9 19 7
10 20 6
10 21 4
11 22 9
11 23 6
12 24 2
12 25 10
13 26 9
13 27 8
14 28 4
14 29 1
15 30 1
15 31 4
16 32 4
16 33 5
17 34 8
17 35 4
18 36 1
18 37 5
19 38 1
19 39 8
20 40 2
20 41 6
21 42 10
21 43 5
22 44 3
22 45 8
23 46 9
23 47 1
24 48 10
24 49 10
25 50 1
25 51 2
26 52 4
26 53 9
27 54 3
27 55 4
28 56 9
28 57 3
29 58 10
29 59 3
30 60 1
30 61 2
31 62 4
31 63 8
32 64 3
32 65 9
33 66 2
33 67 4
34 68 3
34 69 5
35 70 1
35 71 9
36 72 5
36 73 7
37 74 2
37 75 10
38 76 9
38 77 3
39 78 6
39 79 2
40 80 3
40 81 9
41 82 8
41 83 2
42 84 8
42 85 2
43 86 9
43 87 9
44 88 7
44 89 4
45 90 4
45 91 7
46 92 4
46 93 1
47 94 9
47 95 6
48 96 2
48 97 1
49 98 8
49 99 6
50 100 10
