# Edges (u,v,w)
1 2 8
1 3 7
2 4 2
2 5 7
3 6 1
3 7 6
4 8 7
4 9 3
5 10 10
5 11 4
6 12 10
6 13 8
7 14 2
7 15 3
8 16 10
8 17 10
9 18 3
9 19 10
10 20 4
10 21 3
11 22 7
11 23 8
12 24 9
12 25 10
13 26 5
13 27 4
14 28 1
14 29 1
15 30 3
15 31 3
16 32 10
16 33 2
17 34 2
17 35 7
18 36 7
18 37 7
19 38 2
19 39 1
20 40 7
20 41 9
21 42 10
21 43 7
22 44 9
22 45 4
23 46 2
23 47 10
24 48 1
24 49 10
25 50 10
25 51 3
26 52 4
26 53 6
27 54 10
27 55 6
28 56 3
28 57 9
29 58 9
29 59 5
30 60 3
30 61 9
31 62 6
31 63 1
32 64 5
32 65 6
33 66 3
33 67 5
34 68 1
34 69 3
35 70 6
35 71 4
36 72 8
36 73 8
37 74 3
37 75 6
38 76 2
38 77 1
39 78 4
39 79 6
40 80 6
40 81 5
41 82 3
41 83 10
42 84 3
42 85 4
43 86 9
43 87 7
44 88 6
44 89 9
45 90 3
45 91 5
46 92 7
46 93 7
47 94 5
47 95 5
48 96 1
48 97 5
49 98 9
49 99 9
50 100 7
