# Edges (u,v,w)
1 2 4
1 3 4
2 4 2
2 5 5
3 6 9
3 7 7
4 8 5
4 9 7
5 10 3
5 11 7
6 12 5
6 13 3
7 14 7
7 15 6
8 16 6
8 17 5
9 18 3
9 19 9
10 20 1
10 21 2
11 22 3
11 23 3
12 24 2
12 25 5
13 26 8
13 27 10
14 28 1
14 29 8
15 30 7
15 31 3
16 32 7
16 33 6
17 34 8
17 35 3
18 36 7
18 37 8
19 38 10
19 39 1
20 40 7
20 41 9
21 42 1
21 43 8
22 44 10
22 45 2
23 46 10
23 47 5
24 48 3
24 49 4
25 50 3
25 51 3
26 52 7
26 53 4
27 54 2
27 55 4
28 56 4
28 57 9
29 58 4
29 59 1
30 60 2
30 61 1
31 62 6
31 63 8
32 64 6
32 65 4
33 66 1
33 67 4
34 68 7
34 69 3
35 70 5
35 71 7
36 72 10
36 73 2
37 74 3
37 75 8
38 76 5
38 77 10
39 78 5
39 79 3
40 80 1
40 81 2
41 82 1
41 83 7
42 84 8
42 85 9
43 86 7
43 87 8
44 88 10
44 89 1
45 90 10
45 91 3
46 92 8
46 93 6
47 94 5
47 95 3
48 96 4
48 97 6
49 98 9
49 99 3
50 100 6
