# Edges (u,v,w)
1 2 1
1 3 0
2 4 0
2 5 0
3 6 0
3 7 0
4 8 1
4 9 1
5 10 1
5 11 0
6 12 1
6 13 1
7 14 1
7 15 1
8 16 0
8 17 0
9 18 1
9 19 1
10 20 0
10 21 1
11 22 0
11 23 1
12 24 0
12 25 1
13 26 0
13 27 0
14 28 0
14 29 1
15 30 1
15 31 0
16 32 1
16 33 1
17 34 0
17 35 1
18 36 0
18 37 0
19 38 1
19 39 0
20 40 1
20 41 0
21 42 0
21 43 1
22 44 0
22 45 0
23 46 0
23 47 0
24 48 1
24 49 1
25 50 0
25 51 0
26 52 1
26 53 0
27 54 1
27 55 0
28 56 1
28 57 1
29 58 0
29 59 0
30 60 0
30 61 0
31 62 0
31 63 0
32 64 1
32 65 0
33 66 1
33 67 0
34 68 0
34 69 0
35 70 0
35 71 0
36 72 1
36 73 0
37 74 0
37 75 1
38 76 0
38 77 1
39 78 1
39 79 0
40 80 1
40 81 0
41 82 0
41 83 1
42 84 1
42 85 1
43 86 0
43 87 0
44 88 0
44 89 1
45 90 1
45 91 1
46 92 0
46 93 0
47 94 1
47 95 0
48 96 1
48 97 0
49 98 0
49 99 1
50 100 1
