# Edges (u,v,w)
1 2 4
1 3 2
2 4 5
2 5 1
3 6 10
3 7 8
4 8 8
4 9 6
5 10 9
5 11 1
6 12 10
6 13 3
7 14 7
7 15 1
8 16 3
8 17 6
9 18 5
9 19 4
10 20 4
10 21 3
11 22 7
11 23 3
12 24 3
12 25 8
13 26 2
13 27 1
14 28 8
14 29 4
15 30 9
15 31 2
16 32 8
16 33 2
17 34 4
17 35 8
18 36 4
18 37 5
19 38 9
19 39 3
20 40 2
20 41 4
21 42 4
21 43 1
22 44 9
22 45 5
23 46 6
23 47 4
24 48 6
24 49 2
25 50 10
25 51 5
26 52 4
26 53 4
27 54 9
27 55 4
28 56 9
28 57 2
29 58 10
29 59 9
30 60 8
30 61 1
31 62 9
31 63 7
32 64 4
32 65 1
33 66 3
33 67 10
34 68 7
34 69 1
35 70 8
35 71 6
36 72 4
36 73 5
37 74 10
37 75 4
38 76 9
38 77 9
39 78 4
39 79 7
40 80 3
40 81 7
41 82 3
41 83 9
42 84 2
42 85 8
43 86 3
43 87 1
44 88 6
44 89 1
45 90 2
45 91 9
46 92 2
46 93 1
47 94 8
47 95 3
48 96 7
48 97 8
49 98 7
49 99 2
50 100 1
