# Edges (u,v,w)
1 2 1
1 3 4
2 4 1
2 5 2
3 6 5
3 7 8
4 8 2
4 9 6
5 10 9
5 11 4
6 12 9
6 13 1
7 14 5
7 15 7
8 16 4
8 17 10
9 18 2
9 19 1
10 20 1
10 21 6
11 22 6
11 23 6
12 24 5
12 25 10
13 26 7
13 27 5
14 28 9
14 29 5
15 30 2
15 31 5
16 32 5
16 33 4
17 34 10
17 35 6
18 36 3
18 37 8
19 38 3
19 39 5
20 40 4
20 41 4
21 42 3
21 43 8
22 44 4
22 45 1
23 46 10
23 47 9
24 48 6
24 49 3
25 50 8
25 51 3
26 52 6
26 53 7
27 54 1
27 55 6
28 56 8
28 57 10
29 58 10
29 59 1
30 60 5
30 61 3
31 62 2
31 63 9
32 64 7
32 65 9
33 66 10
33 67 7
34 68 10
34 69 7
35 70 3
35 71 9
36 72 6
36 73 2
37 74 5
37 75 1
38 76 4
38 77 7
39 78 3
39 79 2
40 80 10
40 81 7
41 82 10
41 83 4
42 84 8
42 85 9
43 86 7
43 87 10
44 88 8
44 89 1
45 90 6
45 91 4
46 92 1
46 93 4
47 94 4
47 95 3
48 96 5
48 97 8
49 98 2
49 99 3
50 100 6
