# Edges (u,v,w)
1 2 4
1 3 9
2 4 4
2 5 9
3 6 6
3 7 4
4 8 8
4 9 6
5 10 8
5 11 5
6 12 1
6 13 8
7 14 4
7 15 8
8 16 7
8 17 1
9 18 3
9 19 3
10 20 10
10 21 1
11 22 9
11 23 5
12 24 4
12 25 10
13 26 3
13 27 1
14 28 10
14 29 6
15 30 10
15 31 7
16 32 8
16 33 5
17 34 3
17 35 9
18 36 1
18 37 4
19 38 2
19 39 8
20 40 10
20 41 9
21 42 3
21 43 8
22 44 7
22 45 4
23 46 6
23 47 7
24 48 3
24 49 1
25 50 7
25 51 3
26 52 1
26 53 6
27 54 2
27 55 5
28 56 5
28 57 7
29 58 6
29 59 6
30 60 9
30 61 1
31 62 2
31 63 4
32 64 10
32 65 5
33 66 1
33 67 2
34 68 2
34 69 8
35 70 9
35 71 8
36 72 9
36 73 9
37 74 3
37 75 7
38 76 10
38 77 9
39 78 10
39 79 5
40 80 5
40 81 3
41 82 1
41 83 8
42 84 6
42 85 5
43 86 6
43 87 6
44 88 2
44 89 1
45 90 2
45 91 6
46 92 1
46 93 2
47 94 2
47 95 6
48 96 10
48 97 6
49 98 3
49 99 1
50 100 5
