# Edges (u,v,w)
1 2 4
2 3 9
2 4 10
3 5 6
3 6 7
4 7 2
4 8 9
5 9 7
5 10 3
6 11 1
6 12 6
7 13 10
7 14 8
8 15 10
8 16 6
9 17 2
9 18 1
10 19 9
10 20 9
11 21 5
11 22 10
12 23 1
12 24 6
13 25 7
13 26 6
14 27 2
14 28 1
15 29 4
15 30 9
16 31 5
16 32 3
17 33 1
17 34 2
18 35 3
18 36 5
19 37 8
19 38 3
20 39 5
20 40 5
21 41 9
21 42 7
22 43 10
22 44 8
23 45 10
23 46 8
24 47 3
24 48 8
25 49 6
25 50 10
26 51 8
26 52 8
27 53 5
27 54 6
28 55 5
28 56 4
29 57 4
29 58 1
30 59 2
30 60 9
31 61 10
31 62 5
32 63 5
32 64 8
33 65 9
33 66 9
34 67 3
34 68 4
35 69 8
35 70 9
36 71 3
36 72 7
37 73 7
37 74 1
38 75 6
38 76 1
39 77 8
39 78 4
40 79 4
40 80 8
41 81 6
41 82 4
42 83 8
42 84 4
43 85 6
43 86 1
44 87 8
44 88 8
45 89 4
45 90 7
46 91 7
46 92 10
47 93 4
47 94 4
48 95 7
48 96 10
49 97 8
49 98 6
50 99 9
50 100 9
51 101 1
51 102 7
52 103 4
52 104 10
53 105 1
53 106 9
54 107 3
54 108 8
55 109 6
55 110 8
56 111 9
56 112 3
57 113 2
57 114 9
58 115 2
58 116 4
59 117 4
59 118 6
60 119 2
60 120 10
61 121 9
61 122 8
62 123 7
62 124 1
63 125 2
63 126 10
64 127 7
64 128 8
65 129 3
65 130 5
66 131 3
66 132 8
67 133 3
67 134 3
68 135 7
68 136 1
69 137 8
69 138 6
70 139 7
70 140 2
71 141 10
71 142 6
72 143 10
72 144 4
73 145 3
73 146 2
74 147 10
74 148 1
75 149 3
75 150 5
76 151 4
76 152 5
77 153 5
77 154 2
78 155 2
78 156 3
79 157 4
79 158 8
80 159 10
80 160 8
81 161 6
81 162 4
82 163 8
82 164 8
83 165 10
83 166 2
84 167 9
84 168 9
85 169 9
85 170 7
86 171 4
86 172 10
87 173 4
87 174 5
88 175 8
88 176 3
89 177 5
89 178 3
90 179 9
90 180 3
91 181 10
91 182 3
92 183 7
92 184 3
93 185 10
93 186 3
94 187 9
94 188 8
95 189 2
95 190 1
96 191 8
96 192 9
97 193 9
97 194 10
98 195 1
98 196 2
99 197 4
99 198 2
100 199 1
100 200 8
