# Edges (u,v,w)
1 2 1
2 3 2
2 4 7
3 5 8
3 6 3
4 7 4
4 8 4
5 9 7
5 10 1
6 11 5
6 12 1
7 13 5
7 14 9
8 15 3
8 16 9
9 17 3
9 18 1
10 19 2
10 20 1
11 21 5
11 22 8
12 23 5
12 24 7
13 25 8
13 26 10
14 27 3
14 28 7
15 29 8
15 30 2
16 31 8
16 32 8
17 33 2
17 34 6
18 35 4
18 36 1
19 37 1
19 38 5
20 39 10
20 40 6
21 41 2
21 42 6
22 43 9
22 44 8
23 45 8
23 46 5
24 47 8
24 48 6
25 49 3
25 50 4
26 51 2
26 52 3
27 53 4
27 54 5
28 55 2
28 56 6
29 57 4
29 58 1
30 59 5
30 60 1
31 61 3
31 62 10
32 63 3
32 64 3
33 65 1
33 66 4
34 67 1
34 68 7
35 69 5
35 70 6
36 71 5
36 72 10
37 73 9
37 74 7
38 75 3
38 76 5
39 77 5
39 78 10
40 79 7
40 80 2
41 81 5
41 82 1
42 83 8
42 84 3
43 85 8
43 86 6
44 87 1
44 88 3
45 89 10
45 90 7
46 91 1
46 92 8
47 93 10
47 94 10
48 95 4
48 96 3
49 97 2
49 98 4
50 99 6
50 100 4
51 101 8
51 102 4
52 103 9
52 104 2
53 105 2
53 106 2
54 107 9
54 108 1
55 109 3
55 110 9
56 111 3
56 112 6
57 113 8
57 114 2
58 115 10
58 116 6
59 117 10
59 118 1
60 119 6
60 120 9
61 121 6
61 122 1
62 123 3
62 124 4
63 125 5
63 126 9
64 127 10
64 128 1
65 129 5
65 130 6
66 131 9
66 132 7
67 133 8
67 134 8
68 135 10
68 136 6
69 137 7
69 138 1
70 139 5
70 140 7
71 141 4
71 142 1
72 143 10
72 144 9
73 145 2
73 146 8
74 147 9
74 148 7
75 149 3
75 150 10
76 151 10
76 152 9
77 153 2
77 154 4
78 155 6
78 156 10
79 157 2
79 158 8
80 159 5
80 160 6
81 161 2
81 162 5
82 163 1
82 164 6
83 165 4
83 166 4
84 167 7
84 168 3
85 169 9
85 170 9
86 171 3
86 172 10
87 173 5
87 174 3
88 175 10
88 176 7
89 177 5
89 178 5
90 179 5
90 180 7
91 181 10
91 182 8
92 183 2
92 184 4
93 185 3
93 186 6
94 187 4
94 188 2
95 189 1
95 190 9
96 191 4
96 192 3
97 193 7
97 194 4
98 195 7
98 196 4
99 197 9
99 198 2
100 199 4
100 200 5
