# Edges (u,v,w)
1 2 6
2 3 5
2 4 10
3 5 6
3 6 5
4 7 10
4 8 9
5 9 9
5 10 4
6 11 3
6 12 8
7 13 1
7 14 6
8 15 9
8 16 2
9 17 9
9 18 2
10 19 6
10 20 5
11 21 8
11 22 9
12 23 10
12 24 1
13 25 1
13 26 10
14 27 5
14 28 8
15 29 1
15 30 5
16 31 6
16 32 1
17 33 1
17 34 10
18 35 4
18 36 2
19 37 1
19 38 1
20 39 4
20 40 8
21 41 7
21 42 7
22 43 2
22 44 9
23 45 4
23 46 3
24 47 10
24 48 2
25 49 7
25 50 6
26 51 7
26 52 2
27 53 1
27 54 1
28 55 1
28 56 2
29 57 2
29 58 9
30 59 4
30 60 3
31 61 1
31 62 7
32 63 6
32 64 4
33 65 9
33 66 5
34 67 3
34 68 10
35 69 1
35 70 1
36 71 6
36 72 4
37 73 6
37 74 5
38 75 5
38 76 7
39 77 9
39 78 3
40 79 9
40 80 1
41 81 7
41 82 8
42 83 4
42 84 3
43 85 1
43 86 10
44 87 9
44 88 3
45 89 3
45 90 9
46 91 7
46 92 4
47 93 9
47 94 10
48 95 10
48 96 10
49 97 7
49 98 4
50 99 5
50 100 5
51 101 9
51 102 9
52 103 1
52 104 1
53 105 6
53 106 6
54 107 1
54 108 9
55 109 1
55 110 2
56 111 1
56 112 6
57 113 6
57 114 3
58 115 1
58 116 8
59 117 7
59 118 9
60 119 3
60 120 7
61 121 1
61 122 2
62 123 8
62 124 2
63 125 1
63 126 2
64 127 5
64 128 8
65 129 1
65 130 1
66 131 6
66 132 1
67 133 6
67 134 8
68 135 4
68 136 2
69 137 1
69 138 3
70 139 8
70 140 10
71 141 10
71 142 5
72 143 2
72 144 7
73 145 1
73 146 8
74 147 3
74 148 8
75 149 2
75 150 9
76 151 4
76 152 2
77 153 6
77 154 4
78 155 8
78 156 7
79 157 9
79 158 7
80 159 3
80 160 6
81 161 6
81 162 7
82 163 10
82 164 3
83 165 2
83 166 7
84 167 8
84 168 9
85 169 8
85 170 3
86 171 1
86 172 7
87 173 3
87 174 5
88 175 4
88 176 8
89 177 7
89 178 1
90 179 10
90 180 4
91 181 10
91 182 3
92 183 10
92 184 7
93 185 10
93 186 4
94 187 7
94 188 5
95 189 8
95 190 10
96 191 8
96 192 8
97 193 1
97 194 9
98 195 7
98 196 4
99 197 4
99 198 6
100 199 6
100 200 2
