# Edges (u,v,w)
1 2 8
2 3 10
2 4 8
3 5 5
3 6 3
4 7 3
4 8 7
5 9 9
5 10 1
6 11 3
6 12 7
7 13 9
7 14 9
8 15 7
8 16 8
9 17 8
9 18 2
10 19 10
10 20 8
11 21 8
11 22 4
12 23 2
12 24 9
13 25 8
13 26 7
14 27 2
14 28 8
15 29 8
15 30 2
16 31 9
16 32 1
17 33 8
17 34 4
18 35 5
18 36 5
19 37 2
19 38 2
20 39 8
20 40 1
21 41 4
21 42 3
22 43 8
22 44 9
23 45 7
23 46 1
24 47 8
24 48 8
25 49 8
25 50 9
26 51 6
26 52 10
27 53 9
27 54 8
28 55 5
28 56 6
29 57 1
29 58 2
30 59 2
30 60 4
31 61 3
31 62 6
32 63 8
32 64 2
33 65 10
33 66 5
34 67 8
34 68 8
35 69 3
35 70 1
36 71 10
36 72 9
37 73 9
37 74 7
38 75 4
38 76 8
39 77 7
39 78 1
40 79 8
40 80 10
41 81 10
41 82 3
42 83 9
42 84 5
43 85 3
43 86 5
44 87 5
44 88 9
45 89 9
45 90 7
46 91 2
46 92 5
47 93 9
47 94 4
48 95 3
48 96 4
49 97 4
49 98 4
50 99 8
50 100 9
51 101 9
51 102 2
52 103 4
52 104 2
53 105 5
53 106 2
54 107 2
54 108 3
55 109 2
55 110 2
56 111 4
56 112 2
57 113 9
57 114 6
58 115 1
58 116 5
59 117 6
59 118 9
60 119 5
60 120 3
61 121 6
61 122 6
62 123 10
62 124 5
63 125 4
63 126 1
64 127 10
64 128 4
65 129 7
65 130 8
66 131 8
66 132 8
67 133 7
67 134 10
68 135 7
68 136 6
69 137 1
69 138 5
70 139 10
70 140 9
71 141 8
71 142 7
72 143 4
72 144 3
73 145 4
73 146 5
74 147 10
74 148 5
75 149 3
75 150 4
76 151 4
76 152 1
77 153 9
77 154 5
78 155 7
78 156 9
79 157 3
79 158 6
80 159 7
80 160 10
81 161 5
81 162 1
82 163 6
82 164 3
83 165 10
83 166 4
84 167 6
84 168 5
85 169 4
85 170 6
86 171 1
86 172 10
87 173 6
87 174 4
88 175 8
88 176 5
89 177 5
89 178 4
90 179 9
90 180 9
91 181 10
91 182 10
92 183 3
92 184 1
93 185 5
93 186 10
94 187 2
94 188 10
95 189 1
95 190 4
96 191 6
96 192 1
97 193 4
97 194 6
98 195 5
98 196 3
99 197 7
99 198 3
100 199 4
100 200 2
