# Edges (u,v,w)
1 2 10
2 3 2
2 4 8
3 5 6
3 6 4
4 7 6
4 8 5
5 9 7
5 10 3
6 11 3
6 12 9
7 13 7
7 14 5
8 15 1
8 16 8
9 17 7
9 18 9
10 19 5
10 20 4
11 21 2
11 22 4
12 23 6
12 24 8
13 25 4
13 26 7
14 27 3
14 28 5
15 29 7
15 30 4
16 31 3
16 32 6
17 33 8
17 34 3
18 35 10
18 36 2
19 37 4
19 38 4
20 39 10
20 40 2
21 41 10
21 42 2
22 43 7
22 44 7
23 45 2
23 46 2
24 47 8
24 48 5
25 49 9
25 50 5
26 51 7
26 52 9
27 53 2
27 54 4
28 55 8
28 56 9
29 57 7
29 58 3
30 59 1
30 60 1
31 61 2
31 62 8
32 63 7
32 64 3
33 65 9
33 66 2
34 67 3
34 68 2
35 69 8
35 70 9
36 71 7
36 72 3
37 73 9
37 74 3
38 75 10
38 76 1
39 77 7
39 78 4
40 79 9
40 80 6
41 81 3
41 82 5
42 83 3
42 84 2
43 85 7
43 86 2
44 87 1
44 88 3
45 89 1
45 90 10
46 91 4
46 92 9
47 93 7
47 94 1
48 95 10
48 96 6
49 97 7
49 98 8
50 99 6
50 100 4
51 101 10
51 102 1
52 103 3
52 104 10
53 105 5
53 106 9
54 107 9
54 108 3
55 109 9
55 110 2
56 111 1
56 112 2
57 113 6
57 114 10
58 115 7
58 116 7
59 117 1
59 118 7
60 119 9
60 120 6
61 121 4
61 122 8
62 123 10
62 124 7
63 125 3
63 126 9
64 127 9
64 128 10
65 129 2
65 130 4
66 131 3
66 132 4
67 133 3
67 134 4
68 135 9
68 136 6
69 137 3
69 138 1
70 139 5
70 140 7
71 141 6
71 142 4
72 143 9
72 144 5
73 145 7
73 146 8
74 147 10
74 148 8
75 149 3
75 150 9
76 151 10
76 152 9
77 153 10
77 154 5
78 155 2
78 156 7
79 157 9
79 158 7
80 159 9
80 160 1
81 161 8
81 162 5
82 163 3
82 164 1
83 165 5
83 166 1
84 167 10
84 168 7
85 169 1
85 170 4
86 171 1
86 172 4
87 173 4
87 174 5
88 175 5
88 176 5
89 177 2
89 178 1
90 179 10
90 180 5
91 181 5
91 182 1
92 183 9
92 184 6
93 185 7
93 186 10
94 187 3
94 188 6
95 189 8
95 190 5
96 191 1
96 192 6
97 193 10
97 194 1
98 195 2
98 196 8
99 197 1
99 198 7
100 199 6
100 200 10
