# Edges (u,v,w)
1 2 7
2 3 8
2 4 8
3 5 2
3 6 10
4 7 1
4 8 1
5 9 7
5 10 6
6 11 5
6 12 9
7 13 6
7 14 1
8 15 1
8 16 5
9 17 6
9 18 6
10 19 4
10 20 5
11 21 7
11 22 3
12 23 2
12 24 4
13 25 7
13 26 8
14 27 9
14 28 3
15 29 6
15 30 4
16 31 2
16 32 5
17 33 9
17 34 3
18 35 9
18 36 8
19 37 7
19 38 3
20 39 9
20 40 7
21 41 10
21 42 9
22 43 10
22 44 6
23 45 6
23 46 9
24 47 7
24 48 1
25 49 6
25 50 4
26 51 7
26 52 5
27 53 10
27 54 5
28 55 9
28 56 4
29 57 7
29 58 5
30 59 3
30 60 9
31 61 3
31 62 4
32 63 9
32 64 10
33 65 3
33 66 1
34 67 6
34 68 8
35 69 2
35 70 6
36 71 7
36 72 8
37 73 4
37 74 4
38 75 1
38 76 2
39 77 7
39 78 2
40 79 5
40 80 8
41 81 7
41 82 7
42 83 10
42 84 1
43 85 6
43 86 3
44 87 7
44 88 9
45 89 1
45 90 8
46 91 7
46 92 6
47 93 3
47 94 5
48 95 2
48 96 3
49 97 9
49 98 5
50 99 9
50 100 7
51 101 7
51 102 6
52 103 10
52 104 2
53 105 7
53 106 8
54 107 4
54 108 1
55 109 10
55 110 1
56 111 6
56 112 1
57 113 9
57 114 8
58 115 10
58 116 6
59 117 8
59 118 2
60 119 8
60 120 1
61 121 1
61 122 2
62 123 1
62 124 1
63 125 7
63 126 8
64 127 3
64 128 8
65 129 9
65 130 7
66 131 3
66 132 2
67 133 2
67 134 1
68 135 10
68 136 7
69 137 6
69 138 7
70 139 9
70 140 1
71 141 7
71 142 5
72 143 9
72 144 10
73 145 3
73 146 8
74 147 1
74 148 1
75 149 2
75 150 9
76 151 8
76 152 10
77 153 8
77 154 6
78 155 5
78 156 6
79 157 4
79 158 2
80 159 6
80 160 7
81 161 8
81 162 6
82 163 3
82 164 4
83 165 7
83 166 4
84 167 6
84 168 10
85 169 3
85 170 2
86 171 3
86 172 5
87 173 6
87 174 5
88 175 6
88 176 10
89 177 4
89 178 8
90 179 9
90 180 1
91 181 3
91 182 3
92 183 6
92 184 6
93 185 6
93 186 2
94 187 1
94 188 8
95 189 8
95 190 1
96 191 8
96 192 2
97 193 5
97 194 9
98 195 8
98 196 7
99 197 3
99 198 6
100 199 1
100 200 1
