# Edges (u,v,w)
1 2 9
2 3 3
2 4 8
3 5 2
3 6 7
4 7 2
4 8 4
5 9 9
5 10 5
6 11 3
6 12 5
7 13 2
7 14 3
8 15 4
8 16 7
9 17 6
9 18 9
10 19 4
10 20 1
11 21 3
11 22 10
12 23 9
12 24 2
13 25 2
13 26 10
14 27 8
14 28 7
15 29 9
15 30 5
16 31 3
16 32 4
17 33 10
17 34 1
18 35 7
18 36 9
19 37 9
19 38 2
20 39 8
20 40 10
21 41 9
21 42 2
22 43 5
22 44 3
23 45 5
23 46 4
24 47 1
24 48 1
25 49 1
25 50 1
26 51 5
26 52 9
27 53 7
27 54 9
28 55 7
28 56 7
29 57 10
29 58 4
30 59 7
30 60 10
31 61 7
31 62 6
32 63 2
32 64 4
33 65 8
33 66 8
34 67 1
34 68 6
35 69 6
35 70 9
36 71 10
36 72 1
37 73 5
37 74 8
38 75 2
38 76 4
39 77 6
39 78 10
40 79 10
40 80 5
41 81 1
41 82 3
42 83 10
42 84 7
43 85 6
43 86 7
44 87 10
44 88 9
45 89 1
45 90 4
46 91 6
46 92 10
47 93 9
47 94 10
48 95 7
48 96 1
49 97 9
49 98 1
50 99 2
50 100 10
51 101 8
51 102 6
52 103 10
52 104 10
53 105 6
53 106 10
54 107 5
54 108 3
55 109 10
55 110 10
56 111 8
56 112 5
57 113 8
57 114 10
58 115 4
58 116 8
59 117 2
59 118 9
60 119 4
60 120 2
61 121 2
61 122 5
62 123 7
62 124 1
63 125 9
63 126 3
64 127 1
64 128 3
65 129 5
65 130 6
66 131 7
66 132 7
67 133 7
67 134 9
68 135 8
68 136 2
69 137 9
69 138 7
70 139 4
70 140 4
71 141 1
71 142 6
72 143 8
72 144 10
73 145 1
73 146 9
74 147 10
74 148 4
75 149 2
75 150 3
76 151 3
76 152 2
77 153 6
77 154 1
78 155 4
78 156 4
79 157 1
79 158 3
80 159 1
80 160 7
81 161 8
81 162 4
82 163 3
82 164 4
83 165 3
83 166 10
84 167 6
84 168 4
85 169 1
85 170 5
86 171 3
86 172 10
87 173 1
87 174 6
88 175 6
88 176 9
89 177 3
89 178 4
90 179 4
90 180 3
91 181 4
91 182 8
92 183 5
92 184 4
93 185 6
93 186 4
94 187 4
94 188 2
95 189 7
95 190 8
96 191 6
96 192 5
97 193 2
97 194 10
98 195 2
98 196 1
99 197 5
99 198 1
100 199 7
100 200 5
