# Edges (u,v,w)
1 2 1
2 3 2
2 4 6
3 5 4
3 6 6
4 7 1
4 8 5
5 9 8
5 10 3
6 11 2
6 12 6
7 13 10
7 14 3
8 15 3
8 16 9
9 17 6
9 18 6
10 19 2
10 20 7
11 21 6
11 22 8
12 23 4
12 24 2
13 25 2
13 26 8
14 27 8
14 28 3
15 29 6
15 30 8
16 31 7
16 32 10
17 33 6
17 34 8
18 35 4
18 36 5
19 37 7
19 38 5
20 39 7
20 40 6
21 41 4
21 42 6
22 43 2
22 44 6
23 45 4
23 46 3
24 47 3
24 48 7
25 49 4
25 50 3
26 51 7
26 52 7
27 53 7
27 54 7
28 55 9
28 56 6
29 57 2
29 58 1
30 59 5
30 60 5
31 61 9
31 62 2
32 63 2
32 64 5
33 65 8
33 66 8
34 67 9
34 68 1
35 69 9
35 70 9
36 71 1
36 72 7
37 73 3
37 74 8
38 75 3
38 76 7
39 77 6
39 78 5
40 79 10
40 80 6
41 81 2
41 82 4
42 83 9
42 84 5
43 85 1
43 86 1
44 87 5
44 88 1
45 89 2
45 90 6
46 91 9
46 92 9
47 93 5
47 94 1
48 95 5
48 96 8
49 97 10
49 98 5
50 99 8
50 100 5
51 101 9
51 102 9
52 103 9
52 104 7
53 105 1
53 106 7
54 107 10
54 108 1
55 109 5
55 110 9
56 111 10
56 112 7
57 113 2
57 114 8
58 115 3
58 116 10
59 117 3
59 118 10
60 119 7
60 120 5
61 121 6
61 122 6
62 123 9
62 124 8
63 125 2
63 126 8
64 127 9
64 128 8
65 129 5
65 130 5
66 131 9
66 132 9
67 133 2
67 134 10
68 135 8
68 136 3
69 137 8
69 138 9
70 139 3
70 140 6
71 141 5
71 142 8
72 143 10
72 144 8
73 145 5
73 146 6
74 147 6
74 148 4
75 149 2
75 150 4
76 151 8
76 152 4
77 153 9
77 154 2
78 155 9
78 156 2
79 157 7
79 158 7
80 159 3
80 160 9
81 161 10
81 162 9
82 163 5
82 164 3
83 165 10
83 166 1
84 167 7
84 168 6
85 169 10
85 170 1
86 171 9
86 172 6
87 173 1
87 174 6
88 175 7
88 176 8
89 177 7
89 178 4
90 179 7
90 180 4
91 181 5
91 182 9
92 183 3
92 184 4
93 185 5
93 186 1
94 187 9
94 188 2
95 189 3
95 190 9
96 191 6
96 192 3
97 193 10
97 194 6
98 195 7
98 196 4
99 197 10
99 198 2
100 199 4
100 200 9
