# Edges (u,v,w)
1 2 7
2 3 4
2 4 9
3 5 2
3 6 5
4 7 7
4 8 3
5 9 5
5 10 10
6 11 5
6 12 3
7 13 5
7 14 5
8 15 4
8 16 1
9 17 7
9 18 1
10 19 3
10 20 8
11 21 9
11 22 5
12 23 7
12 24 4
13 25 3
13 26 3
14 27 4
14 28 8
15 29 6
15 30 7
16 31 9
16 32 1
17 33 2
17 34 3
18 35 4
18 36 1
19 37 8
19 38 1
20 39 5
20 40 3
21 41 9
21 42 9
22 43 5
22 44 1
23 45 8
23 46 9
24 47 6
24 48 10
25 49 8
25 50 1
26 51 10
26 52 1
27 53 8
27 54 8
28 55 9
28 56 3
29 57 7
29 58 6
30 59 2
30 60 8
31 61 7
31 62 1
32 63 1
32 64 10
33 65 9
33 66 3
34 67 4
34 68 8
35 69 1
35 70 7
36 71 6
36 72 9
37 73 10
37 74 10
38 75 5
38 76 8
39 77 1
39 78 8
40 79 9
40 80 6
41 81 10
41 82 5
42 83 2
42 84 10
43 85 4
43 86 6
44 87 8
44 88 4
45 89 2
45 90 4
46 91 7
46 92 6
47 93 3
47 94 9
48 95 1
48 96 8
49 97 5
49 98 2
50 99 1
50 100 5
51 101 7
51 102 7
52 103 2
52 104 8
53 105 5
53 106 1
54 107 6
54 108 6
55 109 1
55 110 9
56 111 9
56 112 5
57 113 9
57 114 6
58 115 8
58 116 10
59 117 8
59 118 2
60 119 7
60 120 7
61 121 4
61 122 9
62 123 7
62 124 8
63 125 2
63 126 8
64 127 1
64 128 2
65 129 4
65 130 9
66 131 9
66 132 7
67 133 9
67 134 7
68 135 10
68 136 5
69 137 8
69 138 4
70 139 10
70 140 10
71 141 8
71 142 6
72 143 2
72 144 1
73 145 9
73 146 2
74 147 2
74 148 2
75 149 2
75 150 5
76 151 1
76 152 8
77 153 10
77 154 8
78 155 3
78 156 1
79 157 9
79 158 3
80 159 2
80 160 8
81 161 2
81 162 10
82 163 4
82 164 5
83 165 4
83 166 10
84 167 3
84 168 8
85 169 2
85 170 2
86 171 3
86 172 6
87 173 2
87 174 5
88 175 4
88 176 8
89 177 7
89 178 2
90 179 7
90 180 5
91 181 4
91 182 7
92 183 7
92 184 6
93 185 1
93 186 9
94 187 6
94 188 4
95 189 9
95 190 2
96 191 5
96 192 10
97 193 9
97 194 6
98 195 5
98 196 6
99 197 10
99 198 6
100 199 7
100 200 2
