# Edges (u,v,w)
1 2 1
2 3 1
2 4 4
3 5 7
3 6 4
4 7 3
4 8 6
5 9 6
5 10 4
6 11 1
6 12 7
7 13 2
7 14 6
8 15 9
8 16 3
9 17 5
9 18 8
10 19 7
10 20 9
11 21 7
11 22 10
12 23 9
12 24 1
13 25 2
13 26 2
14 27 10
14 28 1
15 29 1
15 30 1
16 31 9
16 32 2
17 33 1
17 34 8
18 35 4
18 36 4
19 37 2
19 38 4
20 39 6
20 40 7
21 41 9
21 42 8
22 43 8
22 44 3
23 45 7
23 46 5
24 47 5
24 48 7
25 49 6
25 50 8
26 51 6
26 52 3
27 53 6
27 54 2
28 55 8
28 56 6
29 57 4
29 58 7
30 59 8
30 60 5
31 61 3
31 62 7
32 63 2
32 64 1
33 65 4
33 66 9
34 67 4
34 68 6
35 69 9
35 70 10
36 71 4
36 72 2
37 73 6
37 74 7
38 75 9
38 76 3
39 77 3
39 78 3
40 79 6
40 80 4
41 81 10
41 82 8
42 83 10
42 84 7
43 85 6
43 86 2
44 87 8
44 88 10
45 89 2
45 90 10
46 91 2
46 92 1
47 93 10
47 94 3
48 95 6
48 96 4
49 97 10
49 98 10
50 99 6
50 100 6
51 101 8
51 102 10
52 103 6
52 104 3
53 105 7
53 106 8
54 107 10
54 108 2
55 109 10
55 110 10
56 111 2
56 112 8
57 113 4
57 114 1
58 115 8
58 116 7
59 117 3
59 118 4
60 119 4
60 120 5
61 121 9
61 122 2
62 123 3
62 124 7
63 125 1
63 126 6
64 127 10
64 128 8
65 129 7
65 130 6
66 131 2
66 132 5
67 133 3
67 134 7
68 135 4
68 136 4
69 137 6
69 138 2
70 139 3
70 140 7
71 141 4
71 142 8
72 143 4
72 144 2
73 145 10
73 146 4
74 147 2
74 148 8
75 149 6
75 150 5
76 151 4
76 152 7
77 153 8
77 154 7
78 155 7
78 156 5
79 157 7
79 158 2
80 159 6
80 160 10
81 161 7
81 162 3
82 163 5
82 164 2
83 165 9
83 166 1
84 167 9
84 168 5
85 169 9
85 170 1
86 171 2
86 172 3
87 173 8
87 174 3
88 175 8
88 176 2
89 177 7
89 178 2
90 179 7
90 180 7
91 181 10
91 182 6
92 183 5
92 184 7
93 185 3
93 186 10
94 187 4
94 188 2
95 189 4
95 190 4
96 191 4
96 192 9
97 193 9
97 194 2
98 195 6
98 196 6
99 197 6
99 198 3
100 199 5
100 200 8
