# Edges (u,v,w)
1 2 4
2 3 9
2 4 9
3 5 9
3 6 4
4 7 3
4 8 5
5 9 1
5 10 5
6 11 1
6 12 7
7 13 8
7 14 7
8 15 6
8 16 3
9 17 4
9 18 4
10 19 1
10 20 9
11 21 2
11 22 10
12 23 10
12 24 5
13 25 9
13 26 8
14 27 3
14 28 3
15 29 4
15 30 1
16 31 3
16 32 5
17 33 9
17 34 1
18 35 10
18 36 1
19 37 2
19 38 4
20 39 9
20 40 7
21 41 5
21 42 3
22 43 2
22 44 9
23 45 9
23 46 1
24 47 3
24 48 3
25 49 9
25 50 3
26 51 6
26 52 4
27 53 1
27 54 5
28 55 8
28 56 9
29 57 4
29 58 1
30 59 5
30 60 7
31 61 6
31 62 1
32 63 9
32 64 6
33 65 3
33 66 6
34 67 3
34 68 1
35 69 8
35 70 3
36 71 1
36 72 10
37 73 4
37 74 7
38 75 10
38 76 10
39 77 3
39 78 4
40 79 2
40 80 10
41 81 2
41 82 3
42 83 2
42 84 5
43 85 6
43 86 4
44 87 1
44 88 8
45 89 7
45 90 4
46 91 4
46 92 4
47 93 10
47 94 8
48 95 10
48 96 6
49 97 6
49 98 8
50 99 4
50 100 1
51 101 3
51 102 9
52 103 5
52 104 2
53 105 10
53 106 2
54 107 1
54 108 2
55 109 10
55 110 1
56 111 4
56 112 4
57 113 4
57 114 5
58 115 5
58 116 10
59 117 4
59 118 5
60 119 7
60 120 1
61 121 7
61 122 1
62 123 1
62 124 7
63 125 6
63 126 1
64 127 4
64 128 7
65 129 10
65 130 9
66 131 5
66 132 3
67 133 1
67 134 6
68 135 4
68 136 8
69 137 4
69 138 3
70 139 1
70 140 9
71 141 2
71 142 9
72 143 1
72 144 1
73 145 2
73 146 10
74 147 3
74 148 9
75 149 6
75 150 8
76 151 2
76 152 8
77 153 4
77 154 3
78 155 7
78 156 9
79 157 1
79 158 3
80 159 10
80 160 5
81 161 8
81 162 3
82 163 10
82 164 9
83 165 6
83 166 4
84 167 3
84 168 7
85 169 6
85 170 7
86 171 7
86 172 1
87 173 1
87 174 2
88 175 4
88 176 10
89 177 9
89 178 6
90 179 5
90 180 7
91 181 8
91 182 4
92 183 9
92 184 3
93 185 5
93 186 1
94 187 5
94 188 10
95 189 9
95 190 10
96 191 1
96 192 2
97 193 1
97 194 1
98 195 6
98 196 5
99 197 1
99 198 10
100 199 3
100 200 4
