# Edges (u,v,w)
1 2 9
2 3 8
2 4 8
3 5 4
3 6 2
4 7 5
4 8 4
5 9 2
5 10 6
6 11 5
6 12 9
7 13 8
7 14 6
8 15 4
8 16 3
9 17 9
9 18 8
10 19 6
10 20 9
11 21 3
11 22 5
12 23 4
12 24 3
13 25 5
13 26 3
14 27 5
14 28 10
15 29 8
15 30 4
16 31 8
16 32 6
17 33 4
17 34 7
18 35 8
18 36 1
19 37 5
19 38 2
20 39 8
20 40 4
21 41 4
21 42 4
22 43 4
22 44 3
23 45 5
23 46 9
24 47 1
24 48 6
25 49 7
25 50 10
26 51 4
26 52 5
27 53 4
27 54 5
28 55 4
28 56 10
29 57 3
29 58 9
30 59 8
30 60 6
31 61 3
31 62 1
32 63 1
32 64 1
33 65 1
33 66 7
34 67 1
34 68 5
35 69 6
35 70 3
36 71 2
36 72 7
37 73 5
37 74 4
38 75 3
38 76 4
39 77 10
39 78 1
40 79 1
40 80 3
41 81 6
41 82 8
42 83 8
42 84 3
43 85 8
43 86 9
44 87 5
44 88 6
45 89 4
45 90 9
46 91 6
46 92 6
47 93 1
47 94 4
48 95 3
48 96 2
49 97 7
49 98 2
50 99 1
50 100 9
51 101 6
51 102 4
52 103 2
52 104 1
53 105 2
53 106 1
54 107 1
54 108 10
55 109 6
55 110 4
56 111 2
56 112 4
57 113 6
57 114 7
58 115 2
58 116 8
59 117 5
59 118 1
60 119 9
60 120 2
61 121 5
61 122 9
62 123 5
62 124 5
63 125 7
63 126 3
64 127 1
64 128 2
65 129 7
65 130 9
66 131 9
66 132 6
67 133 7
67 134 10
68 135 5
68 136 8
69 137 5
69 138 8
70 139 3
70 140 7
71 141 3
71 142 10
72 143 6
72 144 2
73 145 7
73 146 3
74 147 9
74 148 4
75 149 8
75 150 5
76 151 10
76 152 4
77 153 3
77 154 6
78 155 2
78 156 5
79 157 10
79 158 1
80 159 9
80 160 4
81 161 5
81 162 9
82 163 5
82 164 10
83 165 1
83 166 4
84 167 1
84 168 9
85 169 1
85 170 5
86 171 6
86 172 1
87 173 7
87 174 5
88 175 6
88 176 1
89 177 9
89 178 10
90 179 1
90 180 8
91 181 4
91 182 5
92 183 8
92 184 1
93 185 7
93 186 1
94 187 10
94 188 4
95 189 4
95 190 9
96 191 9
96 192 2
97 193 5
97 194 7
98 195 9
98 196 2
99 197 4
99 198 1
100 199 4
100 200 4
