# Edges (u,v,w)
1 2 7
2 3 2
2 4 4
3 5 7
3 6 7
4 7 7
4 8 7
5 9 6
5 10 7
6 11 8
6 12 9
7 13 5
7 14 2
8 15 5
8 16 7
9 17 9
9 18 2
10 19 1
10 20 8
11 21 7
11 22 8
12 23 7
12 24 2
13 25 7
13 26 9
14 27 10
14 28 2
15 29 10
15 30 7
16 31 7
16 32 2
17 33 6
17 34 9
18 35 4
18 36 8
19 37 1
19 38 2
20 39 7
20 40 7
21 41 1
21 42 8
22 43 8
22 44 3
23 45 5
23 46 5
24 47 9
24 48 2
25 49 4
25 50 9
26 51 4
26 52 4
27 53 8
27 54 2
28 55 6
28 56 1
29 57 1
29 58 9
30 59 8
30 60 9
31 61 9
31 62 7
32 63 8
32 64 4
33 65 3
33 66 6
34 67 1
34 68 7
35 69 7
35 70 10
36 71 2
36 72 1
37 73 1
37 74 10
38 75 4
38 76 5
39 77 3
39 78 8
40 79 4
40 80 2
41 81 7
41 82 2
42 83 2
42 84 4
43 85 4
43 86 2
44 87 8
44 88 6
45 89 7
45 90 8
46 91 10
46 92 10
47 93 4
47 94 6
48 95 8
48 96 8
49 97 6
49 98 3
50 99 4
50 100 2
51 101 3
51 102 9
52 103 4
52 104 9
53 105 8
53 106 4
54 107 7
54 108 4
55 109 9
55 110 7
56 111 7
56 112 4
57 113 8
57 114 6
58 115 8
58 116 2
59 117 9
59 118 2
60 119 4
60 120 3
61 121 6
61 122 5
62 123 1
62 124 9
63 125 7
63 126 4
64 127 6
64 128 5
65 129 1
65 130 9
66 131 7
66 132 9
67 133 1
67 134 10
68 135 6
68 136 9
69 137 3
69 138 9
70 139 9
70 140 10
71 141 2
71 142 9
72 143 9
72 144 4
73 145 8
73 146 10
74 147 3
74 148 10
75 149 3
75 150 9
76 151 2
76 152 6
77 153 10
77 154 1
78 155 9
78 156 10
79 157 6
79 158 3
80 159 2
80 160 8
81 161 2
81 162 4
82 163 6
82 164 4
83 165 10
83 166 8
84 167 10
84 168 3
85 169 6
85 170 10
86 171 1
86 172 8
87 173 6
87 174 6
88 175 10
88 176 10
89 177 7
89 178 10
90 179 1
90 180 7
91 181 5
91 182 10
92 183 7
92 184 3
93 185 5
93 186 7
94 187 6
94 188 1
95 189 4
95 190 8
96 191 10
96 192 1
97 193 4
97 194 7
98 195 10
98 196 2
99 197 8
99 198 8
100 199 8
100 200 3
