# Edges (u,v,w)
1 2 1
2 3 4
2 4 9
3 5 8
3 6 4
4 7 6
4 8 3
5 9 10
5 10 3
6 11 5
6 12 7
7 13 5
7 14 1
8 15 5
8 16 7
9 17 7
9 18 9
10 19 9
10 20 10
11 21 5
11 22 5
12 23 2
12 24 9
13 25 1
13 26 6
14 27 5
14 28 10
15 29 9
15 30 9
16 31 10
16 32 10
17 33 4
17 34 5
18 35 9
18 36 5
19 37 10
19 38 5
20 39 8
20 40 6
21 41 4
21 42 3
22 43 9
22 44 6
23 45 6
23 46 10
24 47 8
24 48 5
25 49 9
25 50 6
26 51 7
26 52 7
27 53 6
27 54 3
28 55 5
28 56 6
29 57 4
29 58 4
30 59 3
30 60 3
31 61 8
31 62 8
32 63 1
32 64 6
33 65 3
33 66 9
34 67 2
34 68 3
35 69 5
35 70 2
36 71 6
36 72 4
37 73 8
37 74 4
38 75 10
38 76 3
39 77 1
39 78 6
40 79 7
40 80 6
41 81 4
41 82 3
42 83 4
42 84 1
43 85 9
43 86 5
44 87 2
44 88 5
45 89 3
45 90 9
46 91 3
46 92 4
47 93 3
47 94 5
48 95 6
48 96 8
49 97 7
49 98 4
50 99 5
50 100 5
51 101 6
51 102 3
52 103 2
52 104 4
53 105 1
53 106 10
54 107 10
54 108 6
55 109 3
55 110 6
56 111 3
56 112 8
57 113 10
57 114 1
58 115 1
58 116 7
59 117 1
59 118 5
60 119 1
60 120 2
61 121 5
61 122 8
62 123 10
62 124 6
63 125 4
63 126 2
64 127 6
64 128 5
65 129 5
65 130 2
66 131 10
66 132 2
67 133 10
67 134 10
68 135 6
68 136 7
69 137 8
69 138 5
70 139 9
70 140 4
71 141 3
71 142 1
72 143 4
72 144 7
73 145 8
73 146 5
74 147 1
74 148 4
75 149 9
75 150 9
76 151 5
76 152 1
77 153 5
77 154 5
78 155 9
78 156 1
79 157 2
79 158 10
80 159 10
80 160 4
81 161 1
81 162 7
82 163 10
82 164 8
83 165 8
83 166 4
84 167 2
84 168 10
85 169 7
85 170 3
86 171 3
86 172 7
87 173 3
87 174 1
88 175 5
88 176 1
89 177 3
89 178 1
90 179 6
90 180 7
91 181 8
91 182 3
92 183 3
92 184 1
93 185 2
93 186 1
94 187 2
94 188 4
95 189 8
95 190 8
96 191 9
96 192 2
97 193 3
97 194 7
98 195 4
98 196 10
99 197 3
99 198 2
100 199 3
100 200 3
