# Edges (u,v,w)
1 2 6
2 3 2
2 4 7
3 5 7
3 6 4
4 7 1
4 8 2
5 9 8
5 10 5
6 11 8
6 12 5
7 13 2
7 14 1
8 15 9
8 16 4
9 17 1
9 18 5
10 19 2
10 20 6
11 21 3
11 22 1
12 23 2
12 24 2
13 25 2
13 26 6
14 27 6
14 28 1
15 29 7
15 30 5
16 31 8
16 32 2
17 33 2
17 34 6
18 35 1
18 36 1
19 37 10
19 38 6
20 39 7
20 40 1
21 41 4
21 42 3
22 43 7
22 44 3
23 45 6
23 46 7
24 47 1
24 48 6
25 49 8
25 50 8
26 51 6
26 52 1
27 53 10
27 54 2
28 55 5
28 56 4
29 57 4
29 58 7
30 59 3
30 60 3
31 61 2
31 62 3
32 63 10
32 64 8
33 65 9
33 66 5
34 67 4
34 68 6
35 69 7
35 70 2
36 71 1
36 72 6
37 73 2
37 74 6
38 75 3
38 76 3
39 77 6
39 78 1
40 79 6
40 80 10
41 81 2
41 82 3
42 83 5
42 84 3
43 85 10
43 86 1
44 87 7
44 88 7
45 89 9
45 90 1
46 91 5
46 92 1
47 93 9
47 94 1
48 95 1
48 96 2
49 97 5
49 98 3
50 99 6
50 100 8
51 101 2
51 102 6
52 103 9
52 104 6
53 105 7
53 106 9
54 107 6
54 108 2
55 109 8
55 110 9
56 111 10
56 112 7
57 113 1
57 114 9
58 115 3
58 116 1
59 117 9
59 118 2
60 119 5
60 120 1
61 121 9
61 122 10
62 123 4
62 124 10
63 125 3
63 126 6
64 127 8
64 128 3
65 129 2
65 130 3
66 131 6
66 132 5
67 133 8
67 134 10
68 135 10
68 136 7
69 137 3
69 138 4
70 139 3
70 140 9
71 141 8
71 142 1
72 143 3
72 144 6
73 145 8
73 146 5
74 147 7
74 148 1
75 149 9
75 150 5
76 151 10
76 152 8
77 153 10
77 154 10
78 155 10
78 156 2
79 157 9
79 158 6
80 159 3
80 160 9
81 161 9
81 162 7
82 163 1
82 164 4
83 165 5
83 166 6
84 167 8
84 168 10
85 169 5
85 170 2
86 171 4
86 172 10
87 173 6
87 174 3
88 175 8
88 176 4
89 177 5
89 178 4
90 179 9
90 180 3
91 181 6
91 182 6
92 183 2
92 184 5
93 185 6
93 186 10
94 187 5
94 188 8
95 189 9
95 190 2
96 191 10
96 192 5
97 193 3
97 194 1
98 195 9
98 196 6
99 197 7
99 198 5
100 199 9
100 200 3
