# Edges (u,v,w)
1 2 8
2 3 8
2 4 6
3 5 5
3 6 7
4 7 4
4 8 2
5 9 7
5 10 3
6 11 3
6 12 5
7 13 4
7 14 7
8 15 7
8 16 8
9 17 2
9 18 10
10 19 5
10 20 9
11 21 3
11 22 6
12 23 2
12 24 2
13 25 7
13 26 4
14 27 9
14 28 4
15 29 5
15 30 8
16 31 4
16 32 8
17 33 10
17 34 6
18 35 4
18 36 1
19 37 3
19 38 5
20 39 1
20 40 8
21 41 9
21 42 1
22 43 4
22 44 10
23 45 10
23 46 9
24 47 3
24 48 10
25 49 8
25 50 7
26 51 8
26 52 7
27 53 1
27 54 10
28 55 3
28 56 5
29 57 7
29 58 7
30 59 1
30 60 4
31 61 5
31 62 2
32 63 9
32 64 10
33 65 7
33 66 2
34 67 3
34 68 8
35 69 10
35 70 7
36 71 10
36 72 8
37 73 6
37 74 7
38 75 4
38 76 3
39 77 9
39 78 4
40 79 7
40 80 8
41 81 3
41 82 6
42 83 8
42 84 6
43 85 10
43 86 5
44 87 6
44 88 8
45 89 6
45 90 2
46 91 7
46 92 10
47 93 9
47 94 3
48 95 1
48 96 7
49 97 9
49 98 7
50 99 10
50 100 10
51 101 3
51 102 1
52 103 1
52 104 6
53 105 10
53 106 10
54 107 3
54 108 3
55 109 4
55 110 1
56 111 4
56 112 6
57 113 4
57 114 3
58 115 10
58 116 6
59 117 7
59 118 6
60 119 10
60 120 10
61 121 7
61 122 6
62 123 7
62 124 8
63 125 1
63 126 4
64 127 3
64 128 3
65 129 9
65 130 8
66 131 9
66 132 6
67 133 10
67 134 8
68 135 5
68 136 2
69 137 9
69 138 8
70 139 9
70 140 5
71 141 2
71 142 5
72 143 9
72 144 7
73 145 9
73 146 9
74 147 7
74 148 4
75 149 8
75 150 6
76 151 7
76 152 3
77 153 9
77 154 1
78 155 10
78 156 3
79 157 6
79 158 3
80 159 7
80 160 4
81 161 3
81 162 10
82 163 5
82 164 2
83 165 5
83 166 1
84 167 7
84 168 8
85 169 3
85 170 9
86 171 4
86 172 6
87 173 10
87 174 1
88 175 10
88 176 1
89 177 5
89 178 4
90 179 3
90 180 7
91 181 1
91 182 5
92 183 10
92 184 10
93 185 8
93 186 10
94 187 1
94 188 4
95 189 7
95 190 6
96 191 10
96 192 8
97 193 10
97 194 9
98 195 1
98 196 10
99 197 3
99 198 2
100 199 9
100 200 7
