# Edges (u,v,w)
1 2 1
2 3 5
2 4 9
3 5 6
3 6 2
4 7 4
4 8 10
5 9 6
5 10 10
6 11 8
6 12 6
7 13 3
7 14 2
8 15 1
8 16 3
9 17 4
9 18 10
10 19 6
10 20 9
11 21 3
11 22 7
12 23 4
12 24 9
13 25 4
13 26 2
14 27 3
14 28 4
15 29 5
15 30 5
16 31 9
16 32 3
17 33 9
17 34 7
18 35 4
18 36 3
19 37 3
19 38 6
20 39 9
20 40 2
21 41 1
21 42 4
22 43 10
22 44 3
23 45 4
23 46 8
24 47 9
24 48 2
25 49 4
25 50 9
26 51 7
26 52 1
27 53 10
27 54 1
28 55 5
28 56 2
29 57 8
29 58 5
30 59 7
30 60 9
31 61 3
31 62 8
32 63 6
32 64 2
33 65 5
33 66 4
34 67 1
34 68 3
35 69 1
35 70 8
36 71 10
36 72 2
37 73 5
37 74 2
38 75 6
38 76 4
39 77 7
39 78 6
40 79 4
40 80 7
41 81 1
41 82 2
42 83 3
42 84 5
43 85 7
43 86 6
44 87 7
44 88 7
45 89 5
45 90 8
46 91 6
46 92 1
47 93 3
47 94 9
48 95 3
48 96 10
49 97 2
49 98 1
50 99 6
50 100 10
51 101 5
51 102 5
52 103 1
52 104 9
53 105 3
53 106 2
54 107 10
54 108 3
55 109 8
55 110 10
56 111 6
56 112 2
57 113 2
57 114 8
58 115 8
58 116 3
59 117 2
59 118 6
60 119 4
60 120 5
61 121 1
61 122 7
62 123 4
62 124 3
63 125 10
63 126 9
64 127 1
64 128 9
65 129 1
65 130 9
66 131 7
66 132 10
67 133 6
67 134 1
68 135 5
68 136 4
69 137 4
69 138 10
70 139 4
70 140 2
71 141 5
71 142 5
72 143 10
72 144 2
73 145 7
73 146 10
74 147 6
74 148 6
75 149 8
75 150 2
76 151 6
76 152 4
77 153 6
77 154 6
78 155 9
78 156 7
79 157 10
79 158 8
80 159 1
80 160 3
81 161 4
81 162 2
82 163 9
82 164 10
83 165 4
83 166 9
84 167 9
84 168 1
85 169 6
85 170 5
86 171 5
86 172 8
87 173 4
87 174 8
88 175 9
88 176 9
89 177 5
89 178 2
90 179 9
90 180 3
91 181 2
91 182 5
92 183 1
92 184 9
93 185 8
93 186 10
94 187 5
94 188 3
95 189 5
95 190 1
96 191 1
96 192 4
97 193 9
97 194 6
98 195 9
98 196 2
99 197 4
99 198 4
100 199 9
100 200 9
