# Edges (u,v,w)
1 2 8
2 3 6
2 4 4
3 5 8
3 6 9
4 7 3
4 8 4
5 9 4
5 10 2
6 11 6
6 12 2
7 13 3
7 14 8
8 15 1
8 16 4
9 17 1
9 18 5
10 19 10
10 20 3
11 21 2
11 22 4
12 23 4
12 24 10
13 25 1
13 26 1
14 27 1
14 28 3
15 29 1
15 30 2
16 31 1
16 32 6
17 33 2
17 34 6
18 35 8
18 36 9
19 37 2
19 38 4
20 39 2
20 40 10
21 41 10
21 42 1
22 43 5
22 44 10
23 45 3
23 46 7
24 47 1
24 48 1
25 49 7
25 50 3
26 51 3
26 52 6
27 53 3
27 54 6
28 55 5
28 56 8
29 57 3
29 58 5
30 59 3
30 60 8
31 61 1
31 62 10
32 63 8
32 64 3
33 65 6
33 66 10
34 67 1
34 68 10
35 69 4
35 70 3
36 71 1
36 72 9
37 73 1
37 74 4
38 75 9
38 76 8
39 77 4
39 78 7
40 79 6
40 80 6
41 81 9
41 82 1
42 83 9
42 84 7
43 85 5
43 86 10
44 87 3
44 88 8
45 89 10
45 90 6
46 91 9
46 92 8
47 93 5
47 94 2
48 95 5
48 96 4
49 97 9
49 98 6
50 99 6
50 100 2
51 101 1
51 102 8
52 103 2
52 104 8
53 105 1
53 106 6
54 107 3
54 108 10
55 109 6
55 110 5
56 111 7
56 112 3
57 113 4
57 114 6
58 115 5
58 116 5
59 117 9
59 118 4
60 119 2
60 120 2
61 121 7
61 122 6
62 123 5
62 124 6
63 125 5
63 126 9
64 127 1
64 128 6
65 129 10
65 130 5
66 131 4
66 132 4
67 133 4
67 134 7
68 135 4
68 136 8
69 137 1
69 138 7
70 139 7
70 140 5
71 141 9
71 142 9
72 143 1
72 144 6
73 145 6
73 146 5
74 147 4
74 148 6
75 149 10
75 150 10
76 151 5
76 152 7
77 153 2
77 154 2
78 155 7
78 156 3
79 157 9
79 158 4
80 159 5
80 160 9
81 161 5
81 162 3
82 163 7
82 164 7
83 165 6
83 166 7
84 167 8
84 168 5
85 169 10
85 170 4
86 171 3
86 172 3
87 173 2
87 174 4
88 175 9
88 176 6
89 177 3
89 178 3
90 179 1
90 180 9
91 181 5
91 182 9
92 183 8
92 184 6
93 185 10
93 186 9
94 187 1
94 188 8
95 189 1
95 190 4
96 191 8
96 192 8
97 193 7
97 194 8
98 195 4
98 196 5
99 197 8
99 198 5
100 199 10
100 200 5
