# Edges (u,v,w)
1 2 5
2 3 4
2 4 3
3 5 5
3 6 10
4 7 9
4 8 9
5 9 4
5 10 3
6 11 9
6 12 7
7 13 6
7 14 2
8 15 1
8 16 2
9 17 8
9 18 6
10 19 5
10 20 3
11 21 1
11 22 4
12 23 2
12 24 7
13 25 8
13 26 3
14 27 4
14 28 9
15 29 7
15 30 6
16 31 3
16 32 8
17 33 9
17 34 7
18 35 9
18 36 6
19 37 9
19 38 1
20 39 4
20 40 8
21 41 3
21 42 1
22 43 2
22 44 4
23 45 3
23 46 10
24 47 9
24 48 9
25 49 5
25 50 8
26 51 9
26 52 8
27 53 3
27 54 8
28 55 1
28 56 7
29 57 2
29 58 5
30 59 1
30 60 9
31 61 2
31 62 7
32 63 10
32 64 10
33 65 5
33 66 5
34 67 10
34 68 3
35 69 2
35 70 8
36 71 3
36 72 8
37 73 2
37 74 10
38 75 1
38 76 5
39 77 8
39 78 7
40 79 3
40 80 1
41 81 4
41 82 6
42 83 7
42 84 7
43 85 1
43 86 10
44 87 9
44 88 4
45 89 6
45 90 8
46 91 10
46 92 8
47 93 8
47 94 4
48 95 8
48 96 4
49 97 9
49 98 5
50 99 10
50 100 5
51 101 5
51 102 10
52 103 4
52 104 10
53 105 9
53 106 10
54 107 8
54 108 3
55 109 9
55 110 7
56 111 7
56 112 3
57 113 5
57 114 4
58 115 1
58 116 10
59 117 1
59 118 7
60 119 6
60 120 6
61 121 6
61 122 2
62 123 9
62 124 4
63 125 4
63 126 7
64 127 5
64 128 10
65 129 9
65 130 7
66 131 10
66 132 4
67 133 5
67 134 8
68 135 4
68 136 4
69 137 3
69 138 3
70 139 5
70 140 5
71 141 10
71 142 1
72 143 1
72 144 9
73 145 2
73 146 3
74 147 6
74 148 3
75 149 10
75 150 6
76 151 4
76 152 3
77 153 10
77 154 10
78 155 7
78 156 4
79 157 1
79 158 9
80 159 6
80 160 7
81 161 8
81 162 1
82 163 5
82 164 1
83 165 2
83 166 5
84 167 8
84 168 10
85 169 6
85 170 7
86 171 8
86 172 4
87 173 5
87 174 10
88 175 5
88 176 10
89 177 1
89 178 3
90 179 6
90 180 2
91 181 4
91 182 1
92 183 1
92 184 7
93 185 8
93 186 5
94 187 5
94 188 9
95 189 9
95 190 8
96 191 8
96 192 6
97 193 8
97 194 10
98 195 8
98 196 10
99 197 3
99 198 9
100 199 9
100 200 2
