# Edges (u,v,w)
1 2 1
2 3 5
2 4 5
3 5 7
3 6 9
4 7 6
4 8 10
5 9 3
5 10 5
6 11 6
6 12 6
7 13 8
7 14 9
8 15 10
8 16 9
9 17 9
9 18 6
10 19 10
10 20 6
11 21 3
11 22 8
12 23 1
12 24 3
13 25 7
13 26 6
14 27 5
14 28 1
15 29 10
15 30 4
16 31 9
16 32 9
17 33 4
17 34 8
18 35 5
18 36 10
19 37 10
19 38 10
20 39 8
20 40 7
21 41 9
21 42 5
22 43 9
22 44 5
23 45 7
23 46 5
24 47 2
24 48 6
25 49 9
25 50 5
26 51 6
26 52 2
27 53 5
27 54 8
28 55 2
28 56 10
29 57 2
29 58 9
30 59 2
30 60 6
31 61 9
31 62 7
32 63 2
32 64 7
33 65 4
33 66 10
34 67 10
34 68 7
35 69 2
35 70 10
36 71 9
36 72 7
37 73 1
37 74 10
38 75 3
38 76 2
39 77 5
39 78 5
40 79 2
40 80 9
41 81 8
41 82 9
42 83 7
42 84 7
43 85 5
43 86 7
44 87 8
44 88 5
45 89 8
45 90 10
46 91 5
46 92 5
47 93 5
47 94 4
48 95 1
48 96 8
49 97 7
49 98 9
50 99 10
50 100 3
51 101 1
51 102 5
52 103 2
52 104 9
53 105 1
53 106 9
54 107 5
54 108 5
55 109 6
55 110 2
56 111 9
56 112 10
57 113 1
57 114 6
58 115 1
58 116 5
59 117 8
59 118 2
60 119 1
60 120 2
61 121 5
61 122 10
62 123 10
62 124 4
63 125 2
63 126 5
64 127 8
64 128 3
65 129 10
65 130 5
66 131 2
66 132 2
67 133 1
67 134 1
68 135 9
68 136 1
69 137 6
69 138 7
70 139 5
70 140 5
71 141 6
71 142 6
72 143 10
72 144 2
73 145 10
73 146 2
74 147 5
74 148 6
75 149 3
75 150 7
76 151 9
76 152 9
77 153 8
77 154 1
78 155 3
78 156 6
79 157 3
79 158 1
80 159 2
80 160 7
81 161 7
81 162 2
82 163 7
82 164 9
83 165 9
83 166 2
84 167 6
84 168 8
85 169 5
85 170 5
86 171 3
86 172 1
87 173 3
87 174 4
88 175 8
88 176 2
89 177 2
89 178 2
90 179 1
90 180 9
91 181 4
91 182 6
92 183 6
92 184 7
93 185 3
93 186 8
94 187 3
94 188 9
95 189 4
95 190 1
96 191 5
96 192 3
97 193 2
97 194 2
98 195 5
98 196 1
99 197 2
99 198 4
100 199 2
100 200 3
