# Edges (u,v,w)
1 2 2
2 3 1
2 4 7
3 5 3
3 6 1
4 7 2
4 8 5
5 9 9
5 10 10
6 11 1
6 12 10
7 13 3
7 14 7
8 15 9
8 16 7
9 17 5
9 18 2
10 19 7
10 20 6
11 21 3
11 22 6
12 23 2
12 24 4
13 25 5
13 26 4
14 27 3
14 28 9
15 29 10
15 30 6
16 31 9
16 32 3
17 33 4
17 34 3
18 35 3
18 36 4
19 37 10
19 38 10
20 39 8
20 40 8
21 41 1
21 42 10
22 43 8
22 44 8
23 45 4
23 46 8
24 47 9
24 48 7
25 49 4
25 50 4
26 51 10
26 52 4
27 53 1
27 54 5
28 55 9
28 56 3
29 57 3
29 58 9
30 59 1
30 60 9
31 61 7
31 62 4
32 63 9
32 64 10
33 65 1
33 66 7
34 67 7
34 68 9
35 69 6
35 70 6
36 71 5
36 72 6
37 73 2
37 74 8
38 75 6
38 76 2
39 77 4
39 78 4
40 79 5
40 80 9
41 81 1
41 82 4
42 83 4
42 84 2
43 85 3
43 86 3
44 87 6
44 88 5
45 89 6
45 90 10
46 91 3
46 92 6
47 93 3
47 94 6
48 95 8
48 96 1
49 97 4
49 98 4
50 99 10
50 100 8
51 101 4
51 102 7
52 103 8
52 104 1
53 105 4
53 106 8
54 107 10
54 108 7
55 109 1
55 110 8
56 111 2
56 112 2
57 113 5
57 114 7
58 115 4
58 116 2
59 117 1
59 118 8
60 119 8
60 120 2
61 121 10
61 122 4
62 123 4
62 124 2
63 125 9
63 126 7
64 127 6
64 128 1
65 129 3
65 130 2
66 131 9
66 132 6
67 133 7
67 134 9
68 135 2
68 136 4
69 137 10
69 138 1
70 139 10
70 140 1
71 141 6
71 142 10
72 143 8
72 144 9
73 145 7
73 146 7
74 147 8
74 148 9
75 149 9
75 150 6
76 151 3
76 152 2
77 153 2
77 154 3
78 155 2
78 156 4
79 157 1
79 158 7
80 159 6
80 160 5
81 161 6
81 162 3
82 163 9
82 164 10
83 165 10
83 166 5
84 167 9
84 168 1
85 169 4
85 170 1
86 171 5
86 172 8
87 173 1
87 174 2
88 175 4
88 176 6
89 177 10
89 178 4
90 179 10
90 180 7
91 181 2
91 182 10
92 183 6
92 184 2
93 185 10
93 186 6
94 187 1
94 188 10
95 189 9
95 190 2
96 191 10
96 192 7
97 193 7
97 194 10
98 195 10
98 196 2
99 197 4
99 198 10
100 199 5
100 200 8
