# Edges (u,v,w)
1 2 9
2 3 1
2 4 6
3 5 9
3 6 8
4 7 5
4 8 3
5 9 5
5 10 1
6 11 6
6 12 9
7 13 9
7 14 10
8 15 10
8 16 4
9 17 7
9 18 6
10 19 4
10 20 9
11 21 5
11 22 4
12 23 4
12 24 9
13 25 8
13 26 7
14 27 5
14 28 7
15 29 1
15 30 4
16 31 8
16 32 1
17 33 8
17 34 8
18 35 2
18 36 8
19 37 10
19 38 3
20 39 9
20 40 2
21 41 8
21 42 1
22 43 2
22 44 2
23 45 2
23 46 9
24 47 3
24 48 4
25 49 9
25 50 10
26 51 1
26 52 10
27 53 10
27 54 1
28 55 5
28 56 3
29 57 5
29 58 8
30 59 1
30 60 5
31 61 4
31 62 8
32 63 2
32 64 6
33 65 6
33 66 5
34 67 8
34 68 6
35 69 5
35 70 9
36 71 2
36 72 5
37 73 1
37 74 6
38 75 5
38 76 7
39 77 8
39 78 2
40 79 10
40 80 2
41 81 4
41 82 6
42 83 3
42 84 4
43 85 6
43 86 3
44 87 6
44 88 8
45 89 9
45 90 8
46 91 6
46 92 4
47 93 10
47 94 9
48 95 1
48 96 5
49 97 1
49 98 4
50 99 5
50 100 1
51 101 8
51 102 10
52 103 3
52 104 10
53 105 8
53 106 3
54 107 10
54 108 5
55 109 7
55 110 10
56 111 8
56 112 5
57 113 6
57 114 6
58 115 9
58 116 6
59 117 6
59 118 2
60 119 10
60 120 5
61 121 1
61 122 3
62 123 1
62 124 10
63 125 6
63 126 1
64 127 10
64 128 8
65 129 5
65 130 9
66 131 1
66 132 10
67 133 10
67 134 10
68 135 3
68 136 3
69 137 4
69 138 10
70 139 10
70 140 10
71 141 6
71 142 10
72 143 7
72 144 3
73 145 6
73 146 10
74 147 9
74 148 3
75 149 6
75 150 1
76 151 10
76 152 2
77 153 10
77 154 3
78 155 4
78 156 6
79 157 7
79 158 7
80 159 6
80 160 9
81 161 5
81 162 4
82 163 4
82 164 4
83 165 8
83 166 6
84 167 10
84 168 10
85 169 5
85 170 9
86 171 1
86 172 2
87 173 10
87 174 5
88 175 1
88 176 2
89 177 10
89 178 2
90 179 9
90 180 6
91 181 10
91 182 3
92 183 4
92 184 8
93 185 8
93 186 2
94 187 9
94 188 7
95 189 9
95 190 1
96 191 1
96 192 5
97 193 10
97 194 6
98 195 3
98 196 4
99 197 2
99 198 6
100 199 5
100 200 9
