# Edges (u,v,w)
1 2 9
2 3 8
2 4 9
3 5 1
3 6 7
4 7 6
4 8 1
5 9 9
5 10 4
6 11 5
6 12 10
7 13 2
7 14 4
8 15 4
8 16 10
9 17 2
9 18 7
10 19 7
10 20 8
11 21 8
11 22 1
12 23 6
12 24 2
13 25 9
13 26 10
14 27 9
14 28 8
15 29 9
15 30 2
16 31 3
16 32 3
17 33 4
17 34 1
18 35 9
18 36 9
19 37 7
19 38 7
20 39 10
20 40 8
21 41 4
21 42 2
22 43 4
22 44 10
23 45 1
23 46 9
24 47 5
24 48 6
25 49 8
25 50 3
26 51 8
26 52 1
27 53 4
27 54 10
28 55 1
28 56 2
29 57 2
29 58 7
30 59 7
30 60 2
31 61 5
31 62 6
32 63 1
32 64 8
33 65 8
33 66 8
34 67 10
34 68 6
35 69 8
35 70 9
36 71 7
36 72 4
37 73 3
37 74 6
38 75 10
38 76 3
39 77 10
39 78 1
40 79 5
40 80 9
41 81 6
41 82 3
42 83 7
42 84 3
43 85 6
43 86 2
44 87 2
44 88 6
45 89 6
45 90 4
46 91 9
46 92 9
47 93 1
47 94 2
48 95 1
48 96 8
49 97 3
49 98 10
50 99 4
50 100 6
51 101 6
51 102 2
52 103 2
52 104 9
53 105 2
53 106 1
54 107 1
54 108 5
55 109 6
55 110 9
56 111 3
56 112 1
57 113 10
57 114 5
58 115 9
58 116 8
59 117 9
59 118 5
60 119 4
60 120 5
61 121 9
61 122 8
62 123 2
62 124 10
63 125 5
63 126 9
64 127 4
64 128 3
65 129 7
65 130 7
66 131 3
66 132 1
67 133 5
67 134 8
68 135 7
68 136 2
69 137 7
69 138 6
70 139 1
70 140 2
71 141 4
71 142 3
72 143 9
72 144 9
73 145 1
73 146 9
74 147 4
74 148 2
75 149 6
75 150 6
76 151 9
76 152 8
77 153 8
77 154 8
78 155 1
78 156 8
79 157 7
79 158 8
80 159 8
80 160 6
81 161 3
81 162 9
82 163 2
82 164 1
83 165 10
83 166 2
84 167 2
84 168 7
85 169 5
85 170 4
86 171 10
86 172 1
87 173 3
87 174 6
88 175 4
88 176 10
89 177 1
89 178 6
90 179 6
90 180 10
91 181 5
91 182 2
92 183 5
92 184 3
93 185 1
93 186 7
94 187 9
94 188 8
95 189 9
95 190 3
96 191 4
96 192 4
97 193 6
97 194 1
98 195 3
98 196 6
99 197 4
99 198 4
100 199 7
100 200 10
