# Edges (u,v,w)
1 2 10
2 3 7
2 4 6
3 5 4
3 6 9
4 7 1
4 8 6
5 9 7
5 10 3
6 11 10
6 12 10
7 13 1
7 14 5
8 15 6
8 16 6
9 17 2
9 18 4
10 19 2
10 20 9
11 21 3
11 22 1
12 23 7
12 24 3
13 25 10
13 26 7
14 27 10
14 28 7
15 29 7
15 30 10
16 31 2
16 32 8
17 33 2
17 34 6
18 35 3
18 36 10
19 37 9
19 38 6
20 39 6
20 40 1
21 41 2
21 42 6
22 43 2
22 44 3
23 45 3
23 46 7
24 47 5
24 48 6
25 49 10
25 50 6
26 51 4
26 52 3
27 53 2
27 54 8
28 55 2
28 56 9
29 57 4
29 58 3
30 59 10
30 60 1
31 61 9
31 62 2
32 63 3
32 64 5
33 65 5
33 66 8
34 67 7
34 68 6
35 69 4
35 70 1
36 71 5
36 72 3
37 73 7
37 74 7
38 75 9
38 76 10
39 77 8
39 78 4
40 79 5
40 80 9
41 81 8
41 82 2
42 83 7
42 84 7
43 85 7
43 86 8
44 87 2
44 88 7
45 89 1
45 90 7
46 91 3
46 92 1
47 93 7
47 94 3
48 95 2
48 96 3
49 97 4
49 98 5
50 99 8
50 100 1
51 101 9
51 102 3
52 103 7
52 104 3
53 105 10
53 106 3
54 107 3
54 108 1
55 109 9
55 110 3
56 111 1
56 112 1
57 113 3
57 114 8
58 115 3
58 116 7
59 117 4
59 118 1
60 119 9
60 120 3
61 121 5
61 122 5
62 123 5
62 124 6
63 125 4
63 126 1
64 127 2
64 128 7
65 129 5
65 130 6
66 131 10
66 132 1
67 133 1
67 134 1
68 135 9
68 136 9
69 137 2
69 138 4
70 139 6
70 140 1
71 141 6
71 142 10
72 143 6
72 144 4
73 145 9
73 146 3
74 147 9
74 148 8
75 149 10
75 150 2
76 151 6
76 152 2
77 153 9
77 154 5
78 155 10
78 156 3
79 157 6
79 158 10
80 159 2
80 160 9
81 161 7
81 162 2
82 163 3
82 164 10
83 165 9
83 166 8
84 167 2
84 168 5
85 169 7
85 170 10
86 171 5
86 172 5
87 173 3
87 174 8
88 175 10
88 176 8
89 177 7
89 178 4
90 179 9
90 180 2
91 181 3
91 182 6
92 183 7
92 184 1
93 185 8
93 186 9
94 187 8
94 188 4
95 189 7
95 190 6
96 191 10
96 192 3
97 193 4
97 194 5
98 195 3
98 196 1
99 197 8
99 198 8
100 199 5
100 200 8
