# Edges (u,v,w)
1 2 1
2 3 8
2 4 4
3 5 3
3 6 5
4 7 4
4 8 4
5 9 3
5 10 4
6 11 2
6 12 10
7 13 4
7 14 3
8 15 3
8 16 10
9 17 10
9 18 8
10 19 1
10 20 4
11 21 8
11 22 4
12 23 2
12 24 7
13 25 7
13 26 4
14 27 2
14 28 2
15 29 6
15 30 8
16 31 3
16 32 10
17 33 10
17 34 3
18 35 6
18 36 4
19 37 5
19 38 1
20 39 8
20 40 1
21 41 7
21 42 10
22 43 7
22 44 10
23 45 7
23 46 1
24 47 8
24 48 6
25 49 3
25 50 5
26 51 8
26 52 10
27 53 9
27 54 9
28 55 6
28 56 5
29 57 6
29 58 3
30 59 6
30 60 5
31 61 9
31 62 3
32 63 9
32 64 1
33 65 6
33 66 8
34 67 4
34 68 9
35 69 2
35 70 8
36 71 6
36 72 10
37 73 6
37 74 1
38 75 3
38 76 1
39 77 1
39 78 6
40 79 9
40 80 7
41 81 5
41 82 1
42 83 10
42 84 6
43 85 9
43 86 2
44 87 4
44 88 9
45 89 5
45 90 9
46 91 1
46 92 3
47 93 10
47 94 2
48 95 3
48 96 1
49 97 7
49 98 8
50 99 8
50 100 3
51 101 4
51 102 6
52 103 8
52 104 8
53 105 7
53 106 5
54 107 3
54 108 1
55 109 6
55 110 10
56 111 3
56 112 6
57 113 7
57 114 2
58 115 9
58 116 3
59 117 3
59 118 5
60 119 8
60 120 8
61 121 10
61 122 9
62 123 7
62 124 4
63 125 6
63 126 7
64 127 1
64 128 2
65 129 8
65 130 1
66 131 1
66 132 5
67 133 2
67 134 6
68 135 4
68 136 1
69 137 6
69 138 6
70 139 9
70 140 9
71 141 9
71 142 5
72 143 4
72 144 4
73 145 3
73 146 5
74 147 9
74 148 4
75 149 4
75 150 4
76 151 10
76 152 9
77 153 4
77 154 4
78 155 3
78 156 6
79 157 4
79 158 8
80 159 3
80 160 3
81 161 4
81 162 3
82 163 1
82 164 7
83 165 3
83 166 3
84 167 3
84 168 8
85 169 3
85 170 6
86 171 8
86 172 3
87 173 6
87 174 9
88 175 5
88 176 2
89 177 5
89 178 8
90 179 6
90 180 9
91 181 4
91 182 3
92 183 3
92 184 1
93 185 3
93 186 5
94 187 10
94 188 10
95 189 3
95 190 6
96 191 3
96 192 10
97 193 8
97 194 6
98 195 1
98 196 6
99 197 3
99 198 1
100 199 1
100 200 10
