# Edges (u,v,w)
1 2 8
2 3 7
2 4 4
3 5 5
3 6 1
4 7 4
4 8 1
5 9 2
5 10 3
6 11 8
6 12 2
7 13 8
7 14 2
8 15 9
8 16 7
9 17 3
9 18 3
10 19 8
10 20 2
11 21 1
11 22 7
12 23 6
12 24 2
13 25 5
13 26 1
14 27 6
14 28 2
15 29 4
15 30 6
16 31 9
16 32 2
17 33 6
17 34 10
18 35 10
18 36 8
19 37 7
19 38 1
20 39 1
20 40 4
21 41 8
21 42 3
22 43 8
22 44 10
23 45 4
23 46 4
24 47 1
24 48 6
25 49 10
25 50 5
26 51 10
26 52 4
27 53 9
27 54 4
28 55 6
28 56 8
29 57 3
29 58 3
30 59 10
30 60 7
31 61 7
31 62 1
32 63 2
32 64 3
33 65 6
33 66 9
34 67 2
34 68 2
35 69 6
35 70 5
36 71 8
36 72 6
37 73 6
37 74 3
38 75 3
38 76 5
39 77 8
39 78 9
40 79 5
40 80 10
41 81 1
41 82 3
42 83 2
42 84 1
43 85 7
43 86 8
44 87 7
44 88 6
45 89 8
45 90 9
46 91 2
46 92 4
47 93 6
47 94 7
48 95 5
48 96 8
49 97 2
49 98 2
50 99 5
50 100 2
51 101 8
51 102 3
52 103 3
52 104 4
53 105 2
53 106 9
54 107 4
54 108 7
55 109 7
55 110 8
56 111 3
56 112 6
57 113 4
57 114 7
58 115 7
58 116 1
59 117 4
59 118 6
60 119 1
60 120 6
61 121 9
61 122 5
62 123 10
62 124 5
63 125 9
63 126 5
64 127 1
64 128 6
65 129 9
65 130 1
66 131 1
66 132 8
67 133 2
67 134 4
68 135 8
68 136 6
69 137 2
69 138 1
70 139 7
70 140 8
71 141 7
71 142 10
72 143 8
72 144 9
73 145 6
73 146 3
74 147 10
74 148 1
75 149 2
75 150 9
76 151 2
76 152 7
77 153 4
77 154 1
78 155 10
78 156 7
79 157 4
79 158 3
80 159 7
80 160 1
81 161 5
81 162 2
82 163 9
82 164 7
83 165 9
83 166 3
84 167 9
84 168 2
85 169 2
85 170 6
86 171 2
86 172 9
87 173 7
87 174 3
88 175 8
88 176 1
89 177 10
89 178 2
90 179 3
90 180 5
91 181 4
91 182 3
92 183 2
92 184 1
93 185 7
93 186 3
94 187 4
94 188 7
95 189 9
95 190 7
96 191 10
96 192 9
97 193 7
97 194 5
98 195 9
98 196 3
99 197 8
99 198 10
100 199 10
100 200 2
