# Edges (u,v,w)
1 2 6
2 3 10
2 4 9
3 5 6
3 6 3
4 7 7
4 8 1
5 9 4
5 10 8
6 11 10
6 12 6
7 13 6
7 14 10
8 15 6
8 16 4
9 17 7
9 18 3
10 19 10
10 20 10
11 21 8
11 22 2
12 23 1
12 24 3
13 25 8
13 26 3
14 27 9
14 28 4
15 29 2
15 30 5
16 31 6
16 32 4
17 33 2
17 34 6
18 35 3
18 36 6
19 37 7
19 38 10
20 39 7
20 40 9
21 41 4
21 42 8
22 43 2
22 44 7
23 45 6
23 46 5
24 47 10
24 48 3
25 49 7
25 50 7
26 51 9
26 52 6
27 53 2
27 54 5
28 55 6
28 56 8
29 57 7
29 58 4
30 59 1
30 60 4
31 61 9
31 62 6
32 63 6
32 64 3
33 65 4
33 66 10
34 67 10
34 68 5
35 69 3
35 70 4
36 71 6
36 72 3
37 73 3
37 74 10
38 75 10
38 76 5
39 77 5
39 78 7
40 79 1
40 80 5
41 81 6
41 82 8
42 83 4
42 84 4
43 85 2
43 86 7
44 87 8
44 88 9
45 89 4
45 90 9
46 91 10
46 92 10
47 93 8
47 94 3
48 95 7
48 96 7
49 97 2
49 98 5
50 99 2
50 100 2
51 101 10
51 102 6
52 103 5
52 104 6
53 105 3
53 106 7
54 107 3
54 108 4
55 109 9
55 110 2
56 111 7
56 112 8
57 113 5
57 114 9
58 115 8
58 116 5
59 117 2
59 118 7
60 119 4
60 120 2
61 121 2
61 122 9
62 123 8
62 124 10
63 125 6
63 126 2
64 127 4
64 128 9
65 129 3
65 130 9
66 131 8
66 132 1
67 133 8
67 134 3
68 135 4
68 136 10
69 137 10
69 138 6
70 139 6
70 140 6
71 141 2
71 142 5
72 143 10
72 144 9
73 145 9
73 146 10
74 147 7
74 148 6
75 149 8
75 150 6
76 151 8
76 152 9
77 153 7
77 154 3
78 155 3
78 156 8
79 157 3
79 158 7
80 159 7
80 160 9
81 161 2
81 162 7
82 163 1
82 164 1
83 165 4
83 166 10
84 167 6
84 168 4
85 169 8
85 170 2
86 171 7
86 172 2
87 173 2
87 174 7
88 175 5
88 176 2
89 177 1
89 178 8
90 179 1
90 180 2
91 181 1
91 182 4
92 183 4
92 184 4
93 185 3
93 186 4
94 187 1
94 188 6
95 189 5
95 190 10
96 191 9
96 192 10
97 193 5
97 194 8
98 195 5
98 196 10
99 197 9
99 198 3
100 199 5
100 200 5
