# Edges (u,v,w)
1 2 1
2 3 3
2 4 3
3 5 4
3 6 8
4 7 1
4 8 9
5 9 7
5 10 2
6 11 3
6 12 3
7 13 5
7 14 9
8 15 5
8 16 4
9 17 6
9 18 10
10 19 10
10 20 1
11 21 2
11 22 4
12 23 7
12 24 10
13 25 9
13 26 6
14 27 6
14 28 2
15 29 1
15 30 7
16 31 5
16 32 3
17 33 3
17 34 2
18 35 6
18 36 9
19 37 10
19 38 3
20 39 8
20 40 10
21 41 3
21 42 3
22 43 1
22 44 1
23 45 2
23 46 10
24 47 6
24 48 4
25 49 9
25 50 10
26 51 5
26 52 8
27 53 4
27 54 6
28 55 10
28 56 4
29 57 4
29 58 4
30 59 7
30 60 2
31 61 1
31 62 1
32 63 7
32 64 2
33 65 1
33 66 7
34 67 2
34 68 8
35 69 5
35 70 7
36 71 6
36 72 4
37 73 9
37 74 2
38 75 8
38 76 4
39 77 3
39 78 7
40 79 1
40 80 1
41 81 8
41 82 6
42 83 4
42 84 3
43 85 1
43 86 7
44 87 6
44 88 3
45 89 8
45 90 9
46 91 2
46 92 4
47 93 7
47 94 9
48 95 8
48 96 1
49 97 2
49 98 6
50 99 4
50 100 1
51 101 7
51 102 2
52 103 4
52 104 6
53 105 5
53 106 5
54 107 4
54 108 8
55 109 8
55 110 2
56 111 7
56 112 2
57 113 2
57 114 6
58 115 9
58 116 5
59 117 3
59 118 7
60 119 4
60 120 10
61 121 5
61 122 4
62 123 2
62 124 6
63 125 9
63 126 2
64 127 3
64 128 2
65 129 1
65 130 7
66 131 2
66 132 6
67 133 6
67 134 10
68 135 5
68 136 10
69 137 9
69 138 9
70 139 4
70 140 7
71 141 5
71 142 6
72 143 4
72 144 3
73 145 3
73 146 7
74 147 4
74 148 7
75 149 6
75 150 9
76 151 10
76 152 7
77 153 8
77 154 2
78 155 7
78 156 6
79 157 5
79 158 3
80 159 3
80 160 3
81 161 9
81 162 1
82 163 3
82 164 2
83 165 8
83 166 10
84 167 4
84 168 3
85 169 1
85 170 1
86 171 2
86 172 10
87 173 6
87 174 7
88 175 6
88 176 7
89 177 2
89 178 7
90 179 2
90 180 10
91 181 5
91 182 9
92 183 3
92 184 10
93 185 8
93 186 10
94 187 8
94 188 8
95 189 10
95 190 2
96 191 4
96 192 7
97 193 1
97 194 5
98 195 9
98 196 5
99 197 1
99 198 8
100 199 2
100 200 7
