# Edges (u,v,w)
1 2 8
2 3 8
2 4 10
3 5 5
3 6 3
4 7 8
4 8 7
5 9 5
5 10 8
6 11 8
6 12 4
7 13 1
7 14 10
8 15 4
8 16 1
9 17 6
9 18 2
10 19 5
10 20 10
11 21 1
11 22 3
12 23 10
12 24 6
13 25 8
13 26 9
14 27 5
14 28 5
15 29 7
15 30 5
16 31 6
16 32 6
17 33 5
17 34 8
18 35 1
18 36 1
19 37 4
19 38 2
20 39 6
20 40 7
21 41 4
21 42 4
22 43 5
22 44 9
23 45 1
23 46 1
24 47 2
24 48 10
25 49 1
25 50 2
26 51 1
26 52 1
27 53 10
27 54 8
28 55 5
28 56 6
29 57 3
29 58 8
30 59 8
30 60 2
31 61 10
31 62 2
32 63 5
32 64 8
33 65 7
33 66 7
34 67 9
34 68 5
35 69 1
35 70 9
36 71 7
36 72 7
37 73 7
37 74 7
38 75 7
38 76 4
39 77 7
39 78 3
40 79 5
40 80 4
41 81 8
41 82 5
42 83 10
42 84 1
43 85 6
43 86 9
44 87 2
44 88 1
45 89 2
45 90 2
46 91 8
46 92 4
47 93 2
47 94 7
48 95 1
48 96 7
49 97 6
49 98 9
50 99 2
50 100 1
51 101 2
51 102 10
52 103 7
52 104 4
53 105 4
53 106 3
54 107 6
54 108 1
55 109 7
55 110 10
56 111 1
56 112 6
57 113 1
57 114 3
58 115 4
58 116 6
59 117 3
59 118 10
60 119 2
60 120 3
61 121 2
61 122 6
62 123 9
62 124 2
63 125 1
63 126 7
64 127 6
64 128 2
65 129 4
65 130 8
66 131 1
66 132 4
67 133 2
67 134 7
68 135 6
68 136 9
69 137 4
69 138 8
70 139 8
70 140 1
71 141 10
71 142 10
72 143 9
72 144 7
73 145 9
73 146 8
74 147 9
74 148 9
75 149 7
75 150 6
76 151 10
76 152 10
77 153 10
77 154 4
78 155 3
78 156 2
79 157 8
79 158 2
80 159 4
80 160 1
81 161 7
81 162 9
82 163 2
82 164 1
83 165 3
83 166 8
84 167 5
84 168 10
85 169 2
85 170 10
86 171 1
86 172 7
87 173 8
87 174 4
88 175 5
88 176 10
89 177 5
89 178 4
90 179 4
90 180 8
91 181 9
91 182 5
92 183 9
92 184 9
93 185 10
93 186 3
94 187 4
94 188 3
95 189 3
95 190 7
96 191 10
96 192 4
97 193 1
97 194 4
98 195 2
98 196 8
99 197 8
99 198 1
100 199 8
100 200 6
