# Edges (u,v,w)
1 2 8
2 3 2
2 4 8
3 5 5
3 6 6
4 7 6
4 8 10
5 9 3
5 10 9
6 11 10
6 12 10
7 13 1
7 14 9
8 15 4
8 16 4
9 17 2
9 18 3
10 19 6
10 20 7
11 21 3
11 22 10
12 23 4
12 24 1
13 25 10
13 26 1
14 27 9
14 28 8
15 29 10
15 30 4
16 31 9
16 32 9
17 33 6
17 34 3
18 35 1
18 36 7
19 37 1
19 38 9
20 39 8
20 40 7
21 41 1
21 42 4
22 43 2
22 44 10
23 45 9
23 46 10
24 47 1
24 48 6
25 49 10
25 50 3
26 51 8
26 52 7
27 53 9
27 54 4
28 55 7
28 56 8
29 57 6
29 58 7
30 59 1
30 60 6
31 61 5
31 62 7
32 63 3
32 64 5
33 65 6
33 66 10
34 67 7
34 68 4
35 69 9
35 70 10
36 71 4
36 72 8
37 73 5
37 74 9
38 75 5
38 76 9
39 77 6
39 78 9
40 79 6
40 80 3
41 81 10
41 82 10
42 83 9
42 84 8
43 85 8
43 86 8
44 87 1
44 88 2
45 89 9
45 90 8
46 91 2
46 92 5
47 93 4
47 94 1
48 95 8
48 96 7
49 97 4
49 98 6
50 99 2
50 100 8
51 101 8
51 102 9
52 103 3
52 104 7
53 105 9
53 106 4
54 107 9
54 108 6
55 109 2
55 110 6
56 111 2
56 112 9
57 113 7
57 114 4
58 115 3
58 116 3
59 117 5
59 118 7
60 119 5
60 120 6
61 121 10
61 122 9
62 123 7
62 124 10
63 125 7
63 126 7
64 127 3
64 128 10
65 129 3
65 130 7
66 131 4
66 132 6
67 133 6
67 134 8
68 135 7
68 136 7
69 137 6
69 138 2
70 139 10
70 140 3
71 141 2
71 142 4
72 143 2
72 144 3
73 145 6
73 146 8
74 147 5
74 148 6
75 149 9
75 150 7
76 151 8
76 152 3
77 153 1
77 154 7
78 155 7
78 156 4
79 157 1
79 158 5
80 159 9
80 160 3
81 161 5
81 162 2
82 163 2
82 164 7
83 165 9
83 166 2
84 167 9
84 168 6
85 169 9
85 170 5
86 171 3
86 172 10
87 173 1
87 174 6
88 175 1
88 176 10
89 177 4
89 178 7
90 179 2
90 180 8
91 181 7
91 182 4
92 183 5
92 184 7
93 185 2
93 186 3
94 187 8
94 188 8
95 189 2
95 190 9
96 191 3
96 192 1
97 193 8
97 194 7
98 195 3
98 196 6
99 197 2
99 198 5
100 199 7
100 200 3
