# Edges (u,v,w)
1 2 1
2 3 2
2 4 2
3 5 1
3 6 7
4 7 7
4 8 9
5 9 10
5 10 5
6 11 6
6 12 8
7 13 4
7 14 8
8 15 1
8 16 6
9 17 10
9 18 10
10 19 10
10 20 2
11 21 6
11 22 5
12 23 8
12 24 2
13 25 10
13 26 7
14 27 4
14 28 4
15 29 4
15 30 10
16 31 10
16 32 2
17 33 9
17 34 5
18 35 8
18 36 4
19 37 10
19 38 6
20 39 8
20 40 8
21 41 6
21 42 3
22 43 5
22 44 1
23 45 7
23 46 1
24 47 2
24 48 7
25 49 2
25 50 5
26 51 8
26 52 3
27 53 8
27 54 5
28 55 5
28 56 8
29 57 7
29 58 3
30 59 1
30 60 9
31 61 7
31 62 6
32 63 3
32 64 1
33 65 9
33 66 4
34 67 9
34 68 9
35 69 8
35 70 6
36 71 6
36 72 7
37 73 10
37 74 8
38 75 7
38 76 8
39 77 7
39 78 1
40 79 4
40 80 2
41 81 10
41 82 10
42 83 3
42 84 5
43 85 5
43 86 5
44 87 9
44 88 2
45 89 2
45 90 4
46 91 8
46 92 8
47 93 5
47 94 7
48 95 5
48 96 2
49 97 4
49 98 7
50 99 6
50 100 8
51 101 7
51 102 3
52 103 2
52 104 4
53 105 9
53 106 3
54 107 9
54 108 8
55 109 10
55 110 4
56 111 4
56 112 1
57 113 10
57 114 9
58 115 2
58 116 9
59 117 9
59 118 5
60 119 5
60 120 6
61 121 5
61 122 2
62 123 9
62 124 10
63 125 6
63 126 4
64 127 10
64 128 6
65 129 1
65 130 3
66 131 5
66 132 3
67 133 1
67 134 8
68 135 2
68 136 8
69 137 9
69 138 5
70 139 9
70 140 6
71 141 4
71 142 5
72 143 8
72 144 1
73 145 9
73 146 4
74 147 7
74 148 2
75 149 5
75 150 10
76 151 1
76 152 4
77 153 5
77 154 10
78 155 2
78 156 6
79 157 9
79 158 7
80 159 6
80 160 5
81 161 9
81 162 7
82 163 5
82 164 9
83 165 4
83 166 4
84 167 8
84 168 1
85 169 1
85 170 6
86 171 1
86 172 1
87 173 7
87 174 1
88 175 8
88 176 9
89 177 7
89 178 3
90 179 4
90 180 10
91 181 5
91 182 7
92 183 3
92 184 8
93 185 10
93 186 1
94 187 6
94 188 5
95 189 1
95 190 5
96 191 4
96 192 3
97 193 9
97 194 8
98 195 4
98 196 5
99 197 4
99 198 8
100 199 8
100 200 2
