# Edges (u,v,w)
1 2 8
2 3 9
2 4 4
3 5 5
3 6 1
4 7 3
4 8 2
5 9 9
5 10 4
6 11 2
6 12 3
7 13 1
7 14 10
8 15 1
8 16 8
9 17 4
9 18 4
10 19 7
10 20 2
11 21 8
11 22 1
12 23 7
12 24 1
13 25 9
13 26 5
14 27 3
14 28 3
15 29 1
15 30 8
16 31 3
16 32 8
17 33 5
17 34 4
18 35 1
18 36 2
19 37 4
19 38 2
20 39 1
20 40 4
21 41 8
21 42 5
22 43 1
22 44 3
23 45 7
23 46 5
24 47 8
24 48 10
25 49 10
25 50 9
26 51 1
26 52 4
27 53 1
27 54 8
28 55 4
28 56 2
29 57 8
29 58 8
30 59 2
30 60 9
31 61 5
31 62 3
32 63 8
32 64 10
33 65 6
33 66 5
34 67 1
34 68 5
35 69 2
35 70 5
36 71 3
36 72 6
37 73 6
37 74 10
38 75 2
38 76 3
39 77 4
39 78 1
40 79 5
40 80 7
41 81 3
41 82 5
42 83 7
42 84 1
43 85 10
43 86 8
44 87 3
44 88 2
45 89 10
45 90 7
46 91 8
46 92 8
47 93 1
47 94 4
48 95 8
48 96 8
49 97 1
49 98 9
50 99 5
50 100 4
51 101 9
51 102 5
52 103 8
52 104 7
53 105 2
53 106 8
54 107 2
54 108 9
55 109 6
55 110 7
56 111 2
56 112 2
57 113 7
57 114 2
58 115 7
58 116 3
59 117 5
59 118 2
60 119 6
60 120 7
61 121 1
61 122 7
62 123 2
62 124 7
63 125 2
63 126 1
64 127 6
64 128 6
65 129 3
65 130 7
66 131 5
66 132 8
67 133 7
67 134 6
68 135 5
68 136 2
69 137 1
69 138 5
70 139 10
70 140 7
71 141 10
71 142 3
72 143 2
72 144 1
73 145 2
73 146 10
74 147 10
74 148 10
75 149 8
75 150 2
76 151 3
76 152 10
77 153 9
77 154 5
78 155 1
78 156 9
79 157 2
79 158 9
80 159 6
80 160 10
81 161 1
81 162 8
82 163 8
82 164 2
83 165 7
83 166 1
84 167 6
84 168 2
85 169 7
85 170 2
86 171 5
86 172 4
87 173 10
87 174 4
88 175 8
88 176 1
89 177 9
89 178 9
90 179 1
90 180 1
91 181 4
91 182 4
92 183 2
92 184 8
93 185 3
93 186 2
94 187 6
94 188 9
95 189 2
95 190 9
96 191 1
96 192 2
97 193 5
97 194 3
98 195 10
98 196 4
99 197 2
99 198 3
100 199 2
100 200 2
