# Edges (u,v,w)
1 2 9
2 3 10
2 4 4
3 5 4
3 6 7
4 7 10
4 8 6
5 9 9
5 10 1
6 11 5
6 12 4
7 13 4
7 14 5
8 15 5
8 16 8
9 17 2
9 18 6
10 19 4
10 20 1
11 21 7
11 22 3
12 23 3
12 24 9
13 25 8
13 26 9
14 27 6
14 28 7
15 29 8
15 30 10
16 31 4
16 32 9
17 33 10
17 34 5
18 35 10
18 36 5
19 37 7
19 38 4
20 39 4
20 40 9
21 41 5
21 42 5
22 43 7
22 44 8
23 45 8
23 46 5
24 47 1
24 48 1
25 49 9
25 50 8
26 51 10
26 52 4
27 53 2
27 54 3
28 55 7
28 56 2
29 57 5
29 58 4
30 59 3
30 60 1
31 61 2
31 62 6
32 63 10
32 64 6
33 65 2
33 66 7
34 67 3
34 68 10
35 69 2
35 70 8
36 71 4
36 72 2
37 73 2
37 74 6
38 75 10
38 76 5
39 77 6
39 78 3
40 79 10
40 80 2
41 81 2
41 82 7
42 83 7
42 84 10
43 85 6
43 86 3
44 87 1
44 88 3
45 89 4
45 90 4
46 91 2
46 92 2
47 93 9
47 94 4
48 95 8
48 96 1
49 97 2
49 98 10
50 99 2
50 100 1
51 101 6
51 102 4
52 103 3
52 104 2
53 105 6
53 106 10
54 107 5
54 108 1
55 109 3
55 110 1
56 111 7
56 112 5
57 113 9
57 114 8
58 115 7
58 116 9
59 117 1
59 118 6
60 119 4
60 120 1
61 121 5
61 122 7
62 123 4
62 124 10
63 125 5
63 126 9
64 127 1
64 128 1
65 129 9
65 130 7
66 131 4
66 132 8
67 133 2
67 134 4
68 135 7
68 136 10
69 137 9
69 138 8
70 139 6
70 140 8
71 141 9
71 142 8
72 143 2
72 144 5
73 145 2
73 146 2
74 147 4
74 148 7
75 149 7
75 150 6
76 151 6
76 152 10
77 153 1
77 154 3
78 155 8
78 156 6
79 157 6
79 158 2
80 159 7
80 160 10
81 161 10
81 162 7
82 163 2
82 164 4
83 165 1
83 166 8
84 167 7
84 168 4
85 169 9
85 170 1
86 171 4
86 172 10
87 173 10
87 174 8
88 175 1
88 176 4
89 177 5
89 178 7
90 179 9
90 180 9
91 181 2
91 182 10
92 183 1
92 184 2
93 185 1
93 186 9
94 187 1
94 188 9
95 189 5
95 190 10
96 191 10
96 192 1
97 193 5
97 194 2
98 195 6
98 196 9
99 197 6
99 198 1
100 199 8
100 200 2
