# Edges (u,v,w)
1 2 6
2 3 5
2 4 8
3 5 3
3 6 9
4 7 7
4 8 4
5 9 9
5 10 10
6 11 7
6 12 1
7 13 7
7 14 9
8 15 10
8 16 8
9 17 7
9 18 6
10 19 7
10 20 2
11 21 2
11 22 9
12 23 5
12 24 1
13 25 8
13 26 8
14 27 4
14 28 6
15 29 2
15 30 5
16 31 2
16 32 3
17 33 8
17 34 4
18 35 9
18 36 9
19 37 4
19 38 4
20 39 8
20 40 6
21 41 5
21 42 5
22 43 1
22 44 5
23 45 3
23 46 2
24 47 7
24 48 4
25 49 2
25 50 2
26 51 6
26 52 2
27 53 4
27 54 9
28 55 4
28 56 1
29 57 10
29 58 4
30 59 2
30 60 1
31 61 10
31 62 1
32 63 10
32 64 10
33 65 2
33 66 6
34 67 6
34 68 4
35 69 9
35 70 7
36 71 5
36 72 4
37 73 8
37 74 9
38 75 9
38 76 10
39 77 7
39 78 5
40 79 7
40 80 1
41 81 6
41 82 6
42 83 9
42 84 6
43 85 4
43 86 10
44 87 5
44 88 4
45 89 3
45 90 10
46 91 8
46 92 6
47 93 1
47 94 6
48 95 7
48 96 1
49 97 3
49 98 3
50 99 5
50 100 3
51 101 9
51 102 1
52 103 10
52 104 10
53 105 7
53 106 3
54 107 7
54 108 5
55 109 8
55 110 2
56 111 1
56 112 6
57 113 9
57 114 2
58 115 3
58 116 9
59 117 9
59 118 1
60 119 1
60 120 3
61 121 1
61 122 7
62 123 2
62 124 1
63 125 10
63 126 1
64 127 10
64 128 4
65 129 9
65 130 3
66 131 10
66 132 4
67 133 2
67 134 9
68 135 7
68 136 9
69 137 4
69 138 6
70 139 6
70 140 10
71 141 3
71 142 5
72 143 8
72 144 6
73 145 10
73 146 1
74 147 9
74 148 10
75 149 5
75 150 2
76 151 5
76 152 3
77 153 7
77 154 1
78 155 7
78 156 5
79 157 1
79 158 2
80 159 9
80 160 1
81 161 10
81 162 9
82 163 6
82 164 8
83 165 4
83 166 5
84 167 1
84 168 8
85 169 9
85 170 10
86 171 6
86 172 4
87 173 10
87 174 4
88 175 10
88 176 7
89 177 10
89 178 7
90 179 3
90 180 5
91 181 3
91 182 10
92 183 2
92 184 6
93 185 5
93 186 9
94 187 1
94 188 10
95 189 3
95 190 8
96 191 8
96 192 7
97 193 9
97 194 5
98 195 5
98 196 6
99 197 6
99 198 9
100 199 5
100 200 1
