# Edges (u,v,w)
1 2 5
2 3 2
2 4 10
3 5 8
3 6 2
4 7 1
4 8 8
5 9 5
5 10 9
6 11 3
6 12 4
7 13 2
7 14 3
8 15 1
8 16 10
9 17 5
9 18 7
10 19 2
10 20 9
11 21 5
11 22 10
12 23 1
12 24 5
13 25 4
13 26 8
14 27 9
14 28 2
15 29 3
15 30 5
16 31 10
16 32 3
17 33 5
17 34 1
18 35 4
18 36 5
19 37 6
19 38 4
20 39 10
20 40 5
21 41 7
21 42 1
22 43 6
22 44 4
23 45 8
23 46 3
24 47 8
24 48 3
25 49 5
25 50 4
26 51 10
26 52 5
27 53 8
27 54 4
28 55 7
28 56 4
29 57 5
29 58 7
30 59 7
30 60 1
31 61 6
31 62 9
32 63 2
32 64 4
33 65 5
33 66 4
34 67 5
34 68 9
35 69 6
35 70 5
36 71 9
36 72 1
37 73 4
37 74 4
38 75 2
38 76 10
39 77 9
39 78 3
40 79 9
40 80 4
41 81 7
41 82 3
42 83 1
42 84 1
43 85 9
43 86 1
44 87 5
44 88 5
45 89 2
45 90 3
46 91 10
46 92 6
47 93 9
47 94 4
48 95 10
48 96 4
49 97 8
49 98 2
50 99 2
50 100 2
51 101 7
51 102 5
52 103 4
52 104 9
53 105 4
53 106 6
54 107 5
54 108 3
55 109 4
55 110 6
56 111 9
56 112 5
57 113 9
57 114 8
58 115 5
58 116 7
59 117 4
59 118 2
60 119 2
60 120 3
61 121 7
61 122 10
62 123 7
62 124 7
63 125 2
63 126 8
64 127 8
64 128 10
65 129 9
65 130 6
66 131 9
66 132 6
67 133 8
67 134 9
68 135 2
68 136 9
69 137 8
69 138 3
70 139 9
70 140 9
71 141 6
71 142 7
72 143 10
72 144 8
73 145 5
73 146 9
74 147 5
74 148 5
75 149 4
75 150 3
76 151 4
76 152 6
77 153 4
77 154 1
78 155 10
78 156 3
79 157 6
79 158 8
80 159 5
80 160 7
81 161 4
81 162 9
82 163 3
82 164 3
83 165 8
83 166 1
84 167 7
84 168 8
85 169 9
85 170 8
86 171 9
86 172 3
87 173 2
87 174 10
88 175 5
88 176 2
89 177 10
89 178 6
90 179 4
90 180 9
91 181 2
91 182 10
92 183 3
92 184 4
93 185 7
93 186 1
94 187 3
94 188 5
95 189 6
95 190 10
96 191 5
96 192 3
97 193 6
97 194 8
98 195 3
98 196 4
99 197 10
99 198 4
100 199 5
100 200 9
