# Edges (u,v,w)
1 2 5
2 3 9
2 4 8
3 5 7
3 6 10
4 7 5
4 8 10
5 9 8
5 10 8
6 11 1
6 12 8
7 13 6
7 14 10
8 15 5
8 16 1
9 17 4
9 18 10
10 19 9
10 20 5
11 21 9
11 22 7
12 23 5
12 24 4
13 25 2
13 26 1
14 27 8
14 28 8
15 29 2
15 30 2
16 31 6
16 32 4
17 33 4
17 34 10
18 35 3
18 36 5
19 37 9
19 38 3
20 39 9
20 40 8
21 41 3
21 42 5
22 43 7
22 44 2
23 45 4
23 46 6
24 47 6
24 48 7
25 49 1
25 50 2
26 51 3
26 52 7
27 53 3
27 54 5
28 55 8
28 56 9
29 57 1
29 58 6
30 59 10
30 60 9
31 61 7
31 62 7
32 63 5
32 64 5
33 65 2
33 66 5
34 67 5
34 68 5
35 69 8
35 70 6
36 71 3
36 72 9
37 73 5
37 74 9
38 75 8
38 76 6
39 77 1
39 78 10
40 79 2
40 80 9
41 81 8
41 82 10
42 83 7
42 84 4
43 85 1
43 86 8
44 87 6
44 88 8
45 89 10
45 90 5
46 91 3
46 92 4
47 93 3
47 94 10
48 95 1
48 96 8
49 97 10
49 98 8
50 99 7
50 100 4
51 101 2
51 102 1
52 103 7
52 104 5
53 105 5
53 106 10
54 107 2
54 108 9
55 109 1
55 110 2
56 111 7
56 112 6
57 113 5
57 114 2
58 115 9
58 116 1
59 117 6
59 118 1
60 119 6
60 120 10
61 121 6
61 122 4
62 123 7
62 124 9
63 125 7
63 126 3
64 127 6
64 128 6
65 129 10
65 130 2
66 131 8
66 132 6
67 133 5
67 134 8
68 135 1
68 136 3
69 137 7
69 138 8
70 139 10
70 140 9
71 141 1
71 142 8
72 143 7
72 144 9
73 145 8
73 146 9
74 147 8
74 148 1
75 149 3
75 150 7
76 151 10
76 152 2
77 153 1
77 154 9
78 155 10
78 156 3
79 157 9
79 158 6
80 159 10
80 160 3
81 161 1
81 162 3
82 163 3
82 164 10
83 165 5
83 166 3
84 167 5
84 168 3
85 169 5
85 170 10
86 171 9
86 172 4
87 173 3
87 174 2
88 175 2
88 176 6
89 177 4
89 178 8
90 179 9
90 180 9
91 181 4
91 182 4
92 183 6
92 184 10
93 185 6
93 186 3
94 187 10
94 188 9
95 189 8
95 190 2
96 191 7
96 192 5
97 193 6
97 194 8
98 195 7
98 196 1
99 197 3
99 198 1
100 199 9
100 200 10
