# Edges (u,v,w)
1 2 9
2 3 10
2 4 6
3 5 2
3 6 4
4 7 10
4 8 1
5 9 2
5 10 7
6 11 4
6 12 4
7 13 9
7 14 9
8 15 5
8 16 4
9 17 5
9 18 3
10 19 1
10 20 8
11 21 5
11 22 4
12 23 4
12 24 6
13 25 5
13 26 8
14 27 7
14 28 7
15 29 1
15 30 10
16 31 5
16 32 7
17 33 1
17 34 9
18 35 9
18 36 8
19 37 7
19 38 1
20 39 3
20 40 8
21 41 6
21 42 9
22 43 7
22 44 1
23 45 6
23 46 2
24 47 1
24 48 2
25 49 9
25 50 2
26 51 10
26 52 5
27 53 3
27 54 1
28 55 4
28 56 2
29 57 3
29 58 9
30 59 7
30 60 1
31 61 2
31 62 4
32 63 9
32 64 6
33 65 5
33 66 3
34 67 2
34 68 6
35 69 6
35 70 6
36 71 4
36 72 9
37 73 7
37 74 10
38 75 5
38 76 10
39 77 6
39 78 10
40 79 6
40 80 4
41 81 4
41 82 2
42 83 5
42 84 7
43 85 1
43 86 10
44 87 8
44 88 10
45 89 9
45 90 2
46 91 3
46 92 2
47 93 5
47 94 5
48 95 5
48 96 5
49 97 1
49 98 3
50 99 6
50 100 9
51 101 7
51 102 4
52 103 10
52 104 6
53 105 8
53 106 5
54 107 5
54 108 3
55 109 10
55 110 3
56 111 5
56 112 8
57 113 4
57 114 4
58 115 2
58 116 9
59 117 3
59 118 6
60 119 9
60 120 3
61 121 10
61 122 10
62 123 6
62 124 3
63 125 8
63 126 1
64 127 4
64 128 3
65 129 8
65 130 9
66 131 1
66 132 7
67 133 1
67 134 5
68 135 5
68 136 2
69 137 2
69 138 3
70 139 1
70 140 3
71 141 9
71 142 4
72 143 6
72 144 6
73 145 10
73 146 2
74 147 10
74 148 5
75 149 4
75 150 10
76 151 1
76 152 6
77 153 8
77 154 1
78 155 8
78 156 5
79 157 2
79 158 10
80 159 9
80 160 8
81 161 3
81 162 6
82 163 9
82 164 8
83 165 3
83 166 7
84 167 6
84 168 7
85 169 10
85 170 3
86 171 6
86 172 2
87 173 1
87 174 8
88 175 5
88 176 5
89 177 7
89 178 2
90 179 10
90 180 3
91 181 2
91 182 3
92 183 10
92 184 5
93 185 6
93 186 6
94 187 2
94 188 5
95 189 3
95 190 2
96 191 6
96 192 10
97 193 10
97 194 5
98 195 7
98 196 7
99 197 8
99 198 9
100 199 4
100 200 4
