# Edges (u,v,w)
1 2 7
2 3 1
2 4 5
3 5 10
3 6 4
4 7 2
4 8 8
5 9 7
5 10 8
6 11 6
6 12 1
7 13 4
7 14 2
8 15 10
8 16 5
9 17 6
9 18 10
10 19 6
10 20 10
11 21 10
11 22 1
12 23 5
12 24 6
13 25 10
13 26 9
14 27 5
14 28 7
15 29 6
15 30 1
16 31 5
16 32 3
17 33 4
17 34 7
18 35 4
18 36 2
19 37 6
19 38 7
20 39 7
20 40 10
21 41 2
21 42 10
22 43 9
22 44 8
23 45 9
23 46 9
24 47 4
24 48 6
25 49 10
25 50 5
26 51 3
26 52 2
27 53 3
27 54 4
28 55 2
28 56 3
29 57 9
29 58 1
30 59 2
30 60 2
31 61 2
31 62 6
32 63 8
32 64 1
33 65 10
33 66 10
34 67 10
34 68 10
35 69 3
35 70 5
36 71 3
36 72 10
37 73 9
37 74 9
38 75 10
38 76 8
39 77 6
39 78 1
40 79 7
40 80 1
41 81 1
41 82 8
42 83 2
42 84 3
43 85 7
43 86 7
44 87 5
44 88 8
45 89 9
45 90 8
46 91 5
46 92 5
47 93 3
47 94 6
48 95 4
48 96 2
49 97 1
49 98 8
50 99 3
50 100 10
51 101 1
51 102 4
52 103 1
52 104 2
53 105 5
53 106 8
54 107 8
54 108 5
55 109 8
55 110 10
56 111 2
56 112 2
57 113 10
57 114 8
58 115 3
58 116 7
59 117 1
59 118 7
60 119 2
60 120 5
61 121 2
61 122 7
62 123 10
62 124 4
63 125 4
63 126 4
64 127 4
64 128 8
65 129 3
65 130 2
66 131 6
66 132 5
67 133 1
67 134 2
68 135 5
68 136 5
69 137 7
69 138 4
70 139 8
70 140 10
71 141 9
71 142 4
72 143 9
72 144 1
73 145 3
73 146 2
74 147 9
74 148 10
75 149 5
75 150 5
76 151 6
76 152 6
77 153 4
77 154 6
78 155 6
78 156 9
79 157 7
79 158 5
80 159 8
80 160 1
81 161 4
81 162 10
82 163 7
82 164 10
83 165 6
83 166 10
84 167 3
84 168 6
85 169 3
85 170 4
86 171 4
86 172 6
87 173 7
87 174 4
88 175 6
88 176 3
89 177 5
89 178 8
90 179 3
90 180 3
91 181 6
91 182 3
92 183 10
92 184 7
93 185 6
93 186 3
94 187 5
94 188 4
95 189 7
95 190 9
96 191 6
96 192 6
97 193 1
97 194 7
98 195 6
98 196 3
99 197 10
99 198 2
100 199 1
100 200 8
