# Edges (u,v,w)
1 2 2
2 3 2
2 4 10
3 5 10
3 6 7
4 7 10
4 8 2
5 9 6
5 10 7
6 11 5
6 12 5
7 13 7
7 14 2
8 15 7
8 16 3
9 17 2
9 18 8
10 19 8
10 20 8
11 21 3
11 22 8
12 23 10
12 24 6
13 25 2
13 26 9
14 27 1
14 28 5
15 29 10
15 30 9
16 31 10
16 32 7
17 33 5
17 34 5
18 35 10
18 36 10
19 37 9
19 38 3
20 39 1
20 40 1
21 41 8
21 42 6
22 43 9
22 44 4
23 45 4
23 46 1
24 47 9
24 48 3
25 49 8
25 50 5
26 51 1
26 52 1
27 53 1
27 54 9
28 55 8
28 56 4
29 57 2
29 58 7
30 59 1
30 60 3
31 61 6
31 62 8
32 63 6
32 64 6
33 65 2
33 66 3
34 67 3
34 68 7
35 69 10
35 70 5
36 71 2
36 72 4
37 73 10
37 74 7
38 75 7
38 76 10
39 77 1
39 78 2
40 79 1
40 80 5
41 81 10
41 82 1
42 83 6
42 84 2
43 85 1
43 86 7
44 87 5
44 88 2
45 89 9
45 90 2
46 91 5
46 92 8
47 93 6
47 94 5
48 95 3
48 96 7
49 97 6
49 98 4
50 99 1
50 100 8
51 101 9
51 102 1
52 103 2
52 104 6
53 105 9
53 106 7
54 107 10
54 108 1
55 109 8
55 110 2
56 111 5
56 112 3
57 113 6
57 114 7
58 115 10
58 116 3
59 117 7
59 118 3
60 119 6
60 120 4
61 121 6
61 122 10
62 123 2
62 124 10
63 125 3
63 126 5
64 127 1
64 128 7
65 129 10
65 130 7
66 131 1
66 132 10
67 133 5
67 134 7
68 135 6
68 136 8
69 137 7
69 138 5
70 139 4
70 140 5
71 141 9
71 142 5
72 143 2
72 144 10
73 145 3
73 146 4
74 147 5
74 148 6
75 149 6
75 150 4
76 151 8
76 152 10
77 153 8
77 154 5
78 155 10
78 156 3
79 157 4
79 158 4
80 159 10
80 160 8
81 161 1
81 162 10
82 163 2
82 164 7
83 165 10
83 166 9
84 167 2
84 168 2
85 169 2
85 170 9
86 171 4
86 172 3
87 173 4
87 174 3
88 175 8
88 176 2
89 177 7
89 178 9
90 179 6
90 180 2
91 181 5
91 182 1
92 183 9
92 184 5
93 185 7
93 186 8
94 187 1
94 188 8
95 189 2
95 190 4
96 191 1
96 192 2
97 193 9
97 194 9
98 195 10
98 196 5
99 197 1
99 198 1
100 199 3
100 200 1
