# Edges (u,v,w)
1 2 5
2 3 4
2 4 1
3 5 8
3 6 5
4 7 10
4 8 5
5 9 10
5 10 1
6 11 3
6 12 2
7 13 5
7 14 10
8 15 1
8 16 4
9 17 8
9 18 4
10 19 3
10 20 5
11 21 2
11 22 8
12 23 6
12 24 6
13 25 8
13 26 3
14 27 3
14 28 7
15 29 3
15 30 4
16 31 9
16 32 8
17 33 4
17 34 7
18 35 10
18 36 5
19 37 3
19 38 5
20 39 9
20 40 1
21 41 5
21 42 9
22 43 2
22 44 1
23 45 6
23 46 5
24 47 1
24 48 8
25 49 4
25 50 7
26 51 3
26 52 3
27 53 3
27 54 10
28 55 9
28 56 5
29 57 10
29 58 1
30 59 5
30 60 6
31 61 2
31 62 2
32 63 10
32 64 7
33 65 8
33 66 4
34 67 8
34 68 10
35 69 2
35 70 8
36 71 8
36 72 9
37 73 6
37 74 9
38 75 1
38 76 4
39 77 7
39 78 4
40 79 5
40 80 10
41 81 6
41 82 4
42 83 7
42 84 1
43 85 8
43 86 9
44 87 2
44 88 5
45 89 2
45 90 4
46 91 8
46 92 8
47 93 9
47 94 2
48 95 8
48 96 7
49 97 1
49 98 5
50 99 8
50 100 4
51 101 10
51 102 8
52 103 8
52 104 7
53 105 6
53 106 1
54 107 2
54 108 8
55 109 1
55 110 5
56 111 1
56 112 3
57 113 5
57 114 5
58 115 10
58 116 10
59 117 9
59 118 1
60 119 8
60 120 1
61 121 6
61 122 4
62 123 4
62 124 4
63 125 1
63 126 8
64 127 5
64 128 10
65 129 3
65 130 2
66 131 5
66 132 6
67 133 10
67 134 8
68 135 1
68 136 4
69 137 1
69 138 5
70 139 3
70 140 9
71 141 6
71 142 3
72 143 9
72 144 3
73 145 4
73 146 5
74 147 10
74 148 1
75 149 3
75 150 1
76 151 9
76 152 6
77 153 3
77 154 10
78 155 5
78 156 1
79 157 9
79 158 8
80 159 5
80 160 8
81 161 10
81 162 8
82 163 5
82 164 2
83 165 10
83 166 2
84 167 3
84 168 3
85 169 4
85 170 4
86 171 8
86 172 6
87 173 3
87 174 3
88 175 6
88 176 4
89 177 6
89 178 5
90 179 10
90 180 8
91 181 6
91 182 4
92 183 1
92 184 6
93 185 5
93 186 1
94 187 4
94 188 5
95 189 8
95 190 10
96 191 2
96 192 2
97 193 10
97 194 7
98 195 5
98 196 7
99 197 10
99 198 10
100 199 1
100 200 8
