# Edges (u,v,w)
1 2 1
2 3 7
2 4 7
3 5 8
3 6 10
4 7 8
4 8 3
5 9 10
5 10 3
6 11 7
6 12 4
7 13 9
7 14 2
8 15 1
8 16 6
9 17 9
9 18 3
10 19 3
10 20 5
11 21 8
11 22 3
12 23 4
12 24 10
13 25 9
13 26 10
14 27 8
14 28 5
15 29 6
15 30 8
16 31 4
16 32 6
17 33 7
17 34 5
18 35 3
18 36 7
19 37 8
19 38 4
20 39 3
20 40 6
21 41 4
21 42 4
22 43 10
22 44 9
23 45 1
23 46 4
24 47 5
24 48 10
25 49 1
25 50 1
26 51 6
26 52 4
27 53 10
27 54 6
28 55 8
28 56 5
29 57 6
29 58 6
30 59 6
30 60 3
31 61 5
31 62 6
32 63 1
32 64 6
33 65 6
33 66 9
34 67 7
34 68 6
35 69 6
35 70 4
36 71 8
36 72 5
37 73 4
37 74 4
38 75 6
38 76 9
39 77 7
39 78 10
40 79 3
40 80 8
41 81 9
41 82 4
42 83 7
42 84 2
43 85 6
43 86 9
44 87 4
44 88 4
45 89 4
45 90 2
46 91 3
46 92 4
47 93 9
47 94 10
48 95 5
48 96 9
49 97 3
49 98 6
50 99 3
50 100 2
51 101 2
51 102 10
52 103 10
52 104 3
53 105 5
53 106 8
54 107 5
54 108 1
55 109 1
55 110 6
56 111 6
56 112 10
57 113 4
57 114 10
58 115 3
58 116 8
59 117 7
59 118 1
60 119 9
60 120 3
61 121 1
61 122 8
62 123 6
62 124 9
63 125 10
63 126 1
64 127 4
64 128 2
65 129 1
65 130 7
66 131 4
66 132 9
67 133 6
67 134 1
68 135 6
68 136 2
69 137 8
69 138 2
70 139 2
70 140 6
71 141 9
71 142 1
72 143 4
72 144 6
73 145 1
73 146 3
74 147 3
74 148 9
75 149 5
75 150 2
76 151 5
76 152 7
77 153 8
77 154 2
78 155 3
78 156 9
79 157 6
79 158 4
80 159 1
80 160 4
81 161 2
81 162 9
82 163 6
82 164 3
83 165 1
83 166 10
84 167 2
84 168 3
85 169 2
85 170 5
86 171 10
86 172 8
87 173 8
87 174 5
88 175 3
88 176 9
89 177 7
89 178 5
90 179 8
90 180 2
91 181 3
91 182 1
92 183 1
92 184 2
93 185 10
93 186 1
94 187 5
94 188 9
95 189 10
95 190 6
96 191 8
96 192 3
97 193 7
97 194 8
98 195 10
98 196 6
99 197 10
99 198 2
100 199 7
100 200 4
