# Edges (u,v,w)
1 2 1
2 3 10
2 4 2
3 5 4
3 6 7
4 7 8
4 8 3
5 9 3
5 10 3
6 11 2
6 12 1
7 13 2
7 14 10
8 15 5
8 16 3
9 17 8
9 18 2
10 19 7
10 20 7
11 21 4
11 22 10
12 23 9
12 24 8
13 25 5
13 26 4
14 27 9
14 28 9
15 29 6
15 30 5
16 31 2
16 32 10
17 33 7
17 34 1
18 35 10
18 36 3
19 37 7
19 38 6
20 39 8
20 40 7
21 41 9
21 42 9
22 43 3
22 44 6
23 45 2
23 46 10
24 47 8
24 48 9
25 49 3
25 50 7
26 51 8
26 52 2
27 53 3
27 54 7
28 55 9
28 56 6
29 57 7
29 58 2
30 59 7
30 60 8
31 61 2
31 62 7
32 63 4
32 64 1
33 65 5
33 66 4
34 67 4
34 68 10
35 69 4
35 70 6
36 71 6
36 72 10
37 73 7
37 74 3
38 75 6
38 76 8
39 77 3
39 78 5
40 79 4
40 80 8
41 81 9
41 82 6
42 83 10
42 84 5
43 85 4
43 86 2
44 87 3
44 88 9
45 89 3
45 90 3
46 91 9
46 92 6
47 93 1
47 94 4
48 95 4
48 96 1
49 97 2
49 98 6
50 99 7
50 100 1
51 101 1
51 102 6
52 103 10
52 104 10
53 105 10
53 106 8
54 107 10
54 108 5
55 109 8
55 110 3
56 111 7
56 112 4
57 113 9
57 114 7
58 115 7
58 116 5
59 117 3
59 118 9
60 119 4
60 120 2
61 121 5
61 122 1
62 123 8
62 124 2
63 125 8
63 126 3
64 127 8
64 128 10
65 129 8
65 130 8
66 131 10
66 132 10
67 133 9
67 134 4
68 135 1
68 136 5
69 137 8
69 138 7
70 139 1
70 140 9
71 141 1
71 142 8
72 143 1
72 144 8
73 145 1
73 146 10
74 147 3
74 148 8
75 149 8
75 150 4
76 151 4
76 152 10
77 153 7
77 154 6
78 155 5
78 156 8
79 157 9
79 158 7
80 159 6
80 160 9
81 161 10
81 162 4
82 163 4
82 164 10
83 165 3
83 166 6
84 167 4
84 168 5
85 169 2
85 170 2
86 171 7
86 172 7
87 173 8
87 174 10
88 175 7
88 176 4
89 177 10
89 178 9
90 179 7
90 180 8
91 181 5
91 182 5
92 183 4
92 184 5
93 185 3
93 186 3
94 187 7
94 188 6
95 189 5
95 190 1
96 191 9
96 192 1
97 193 9
97 194 10
98 195 3
98 196 5
99 197 1
99 198 2
100 199 9
100 200 1
