# Edges (u,v,w)
1 2 6
2 3 4
2 4 2
3 5 6
3 6 8
4 7 9
4 8 2
5 9 3
5 10 1
6 11 9
6 12 8
7 13 7
7 14 9
8 15 2
8 16 3
9 17 9
9 18 10
10 19 4
10 20 5
11 21 6
11 22 3
12 23 5
12 24 2
13 25 2
13 26 8
14 27 6
14 28 9
15 29 8
15 30 4
16 31 2
16 32 7
17 33 6
17 34 5
18 35 4
18 36 4
19 37 6
19 38 10
20 39 8
20 40 5
21 41 8
21 42 2
22 43 7
22 44 3
23 45 4
23 46 1
24 47 3
24 48 3
25 49 10
25 50 6
26 51 1
26 52 1
27 53 7
27 54 9
28 55 6
28 56 3
29 57 7
29 58 8
30 59 2
30 60 4
31 61 2
31 62 4
32 63 2
32 64 2
33 65 10
33 66 5
34 67 1
34 68 3
35 69 1
35 70 5
36 71 8
36 72 7
37 73 2
37 74 6
38 75 6
38 76 1
39 77 6
39 78 8
40 79 9
40 80 9
41 81 9
41 82 2
42 83 2
42 84 1
43 85 2
43 86 4
44 87 5
44 88 4
45 89 9
45 90 5
46 91 9
46 92 8
47 93 6
47 94 7
48 95 9
48 96 10
49 97 10
49 98 9
50 99 1
50 100 6
51 101 8
51 102 8
52 103 4
52 104 3
53 105 10
53 106 9
54 107 3
54 108 9
55 109 9
55 110 3
56 111 2
56 112 7
57 113 7
57 114 3
58 115 9
58 116 10
59 117 2
59 118 1
60 119 10
60 120 2
61 121 2
61 122 5
62 123 10
62 124 9
63 125 3
63 126 5
64 127 4
64 128 4
65 129 8
65 130 3
66 131 3
66 132 3
67 133 8
67 134 8
68 135 7
68 136 8
69 137 10
69 138 3
70 139 6
70 140 3
71 141 5
71 142 9
72 143 1
72 144 1
73 145 10
73 146 3
74 147 7
74 148 1
75 149 2
75 150 4
76 151 4
76 152 10
77 153 5
77 154 10
78 155 3
78 156 5
79 157 1
79 158 8
80 159 8
80 160 3
81 161 4
81 162 8
82 163 6
82 164 9
83 165 5
83 166 4
84 167 6
84 168 10
85 169 5
85 170 5
86 171 2
86 172 5
87 173 10
87 174 9
88 175 5
88 176 6
89 177 2
89 178 3
90 179 1
90 180 7
91 181 2
91 182 10
92 183 8
92 184 6
93 185 10
93 186 8
94 187 6
94 188 2
95 189 7
95 190 3
96 191 9
96 192 6
97 193 10
97 194 1
98 195 8
98 196 10
99 197 9
99 198 3
100 199 3
100 200 9
