# Edges (u,v,w)
1 2 5
2 3 10
2 4 3
3 5 8
3 6 3
4 7 5
4 8 7
5 9 6
5 10 7
6 11 5
6 12 9
7 13 7
7 14 6
8 15 10
8 16 8
9 17 3
9 18 4
10 19 8
10 20 5
11 21 2
11 22 9
12 23 2
12 24 9
13 25 4
13 26 4
14 27 9
14 28 9
15 29 8
15 30 4
16 31 7
16 32 7
17 33 2
17 34 5
18 35 10
18 36 4
19 37 1
19 38 10
20 39 5
20 40 2
21 41 7
21 42 4
22 43 9
22 44 4
23 45 4
23 46 4
24 47 6
24 48 7
25 49 7
25 50 5
26 51 1
26 52 2
27 53 4
27 54 10
28 55 6
28 56 8
29 57 4
29 58 2
30 59 10
30 60 9
31 61 2
31 62 2
32 63 6
32 64 5
33 65 5
33 66 9
34 67 10
34 68 6
35 69 5
35 70 4
36 71 3
36 72 7
37 73 7
37 74 3
38 75 2
38 76 8
39 77 3
39 78 4
40 79 8
40 80 1
41 81 1
41 82 2
42 83 4
42 84 6
43 85 7
43 86 10
44 87 3
44 88 6
45 89 1
45 90 1
46 91 9
46 92 7
47 93 2
47 94 7
48 95 9
48 96 6
49 97 6
49 98 1
50 99 7
50 100 7
51 101 4
51 102 7
52 103 2
52 104 5
53 105 1
53 106 4
54 107 4
54 108 4
55 109 7
55 110 2
56 111 5
56 112 3
57 113 2
57 114 7
58 115 3
58 116 2
59 117 2
59 118 1
60 119 9
60 120 2
61 121 1
61 122 4
62 123 8
62 124 6
63 125 4
63 126 10
64 127 1
64 128 9
65 129 2
65 130 7
66 131 8
66 132 1
67 133 7
67 134 8
68 135 10
68 136 8
69 137 2
69 138 1
70 139 10
70 140 7
71 141 10
71 142 5
72 143 2
72 144 6
73 145 8
73 146 7
74 147 1
74 148 2
75 149 9
75 150 7
76 151 2
76 152 7
77 153 6
77 154 4
78 155 9
78 156 4
79 157 1
79 158 2
80 159 9
80 160 3
81 161 4
81 162 4
82 163 10
82 164 6
83 165 1
83 166 3
84 167 1
84 168 1
85 169 8
85 170 1
86 171 3
86 172 6
87 173 6
87 174 10
88 175 6
88 176 7
89 177 5
89 178 6
90 179 1
90 180 1
91 181 7
91 182 4
92 183 4
92 184 2
93 185 1
93 186 2
94 187 9
94 188 4
95 189 10
95 190 1
96 191 6
96 192 9
97 193 5
97 194 2
98 195 9
98 196 5
99 197 7
99 198 6
100 199 7
100 200 10
