# Edges (u,v,w)
1 2 2
2 3 10
2 4 1
3 5 8
3 6 7
4 7 3
4 8 1
5 9 1
5 10 1
6 11 8
6 12 3
7 13 2
7 14 1
8 15 2
8 16 3
9 17 8
9 18 6
10 19 6
10 20 6
11 21 5
11 22 1
12 23 1
12 24 3
13 25 2
13 26 2
14 27 8
14 28 3
15 29 9
15 30 6
16 31 5
16 32 4
17 33 9
17 34 1
18 35 5
18 36 2
19 37 8
19 38 10
20 39 10
20 40 8
21 41 4
21 42 10
22 43 8
22 44 10
23 45 2
23 46 6
24 47 4
24 48 10
25 49 1
25 50 8
26 51 2
26 52 2
27 53 9
27 54 7
28 55 3
28 56 10
29 57 2
29 58 5
30 59 7
30 60 7
31 61 1
31 62 10
32 63 9
32 64 2
33 65 6
33 66 9
34 67 2
34 68 6
35 69 1
35 70 5
36 71 7
36 72 5
37 73 1
37 74 2
38 75 2
38 76 9
39 77 5
39 78 3
40 79 5
40 80 6
41 81 9
41 82 1
42 83 8
42 84 8
43 85 2
43 86 8
44 87 8
44 88 8
45 89 6
45 90 10
46 91 3
46 92 8
47 93 2
47 94 10
48 95 10
48 96 8
49 97 1
49 98 2
50 99 9
50 100 4
51 101 9
51 102 6
52 103 3
52 104 2
53 105 4
53 106 5
54 107 9
54 108 3
55 109 8
55 110 9
56 111 10
56 112 3
57 113 7
57 114 9
58 115 5
58 116 2
59 117 10
59 118 8
60 119 7
60 120 2
61 121 10
61 122 1
62 123 6
62 124 6
63 125 8
63 126 6
64 127 5
64 128 1
65 129 10
65 130 8
66 131 10
66 132 10
67 133 7
67 134 7
68 135 5
68 136 4
69 137 2
69 138 1
70 139 8
70 140 1
71 141 6
71 142 2
72 143 10
72 144 7
73 145 3
73 146 2
74 147 3
74 148 1
75 149 3
75 150 6
76 151 3
76 152 6
77 153 9
77 154 10
78 155 6
78 156 1
79 157 5
79 158 3
80 159 10
80 160 10
81 161 4
81 162 9
82 163 4
82 164 5
83 165 9
83 166 2
84 167 3
84 168 10
85 169 8
85 170 5
86 171 7
86 172 4
87 173 6
87 174 7
88 175 5
88 176 3
89 177 7
89 178 8
90 179 2
90 180 10
91 181 1
91 182 10
92 183 9
92 184 10
93 185 5
93 186 8
94 187 6
94 188 8
95 189 7
95 190 7
96 191 4
96 192 4
97 193 5
97 194 9
98 195 6
98 196 7
99 197 7
99 198 1
100 199 2
100 200 2
