# Edges (u,v,w)
1 2 2
2 3 10
2 4 8
3 5 1
3 6 5
4 7 2
4 8 2
5 9 10
5 10 7
6 11 5
6 12 7
7 13 9
7 14 3
8 15 5
8 16 7
9 17 1
9 18 4
10 19 10
10 20 6
11 21 2
11 22 5
12 23 3
12 24 1
13 25 6
13 26 5
14 27 9
14 28 4
15 29 2
15 30 9
16 31 8
16 32 7
17 33 1
17 34 9
18 35 4
18 36 6
19 37 8
19 38 9
20 39 1
20 40 10
21 41 3
21 42 3
22 43 8
22 44 10
23 45 1
23 46 3
24 47 10
24 48 4
25 49 8
25 50 1
26 51 3
26 52 7
27 53 4
27 54 6
28 55 5
28 56 5
29 57 10
29 58 8
30 59 1
30 60 6
31 61 2
31 62 7
32 63 5
32 64 2
33 65 4
33 66 3
34 67 8
34 68 3
35 69 2
35 70 9
36 71 10
36 72 7
37 73 1
37 74 6
38 75 4
38 76 1
39 77 1
39 78 9
40 79 4
40 80 7
41 81 7
41 82 6
42 83 3
42 84 4
43 85 2
43 86 1
44 87 6
44 88 5
45 89 7
45 90 7
46 91 9
46 92 4
47 93 3
47 94 5
48 95 9
48 96 3
49 97 2
49 98 10
50 99 1
50 100 10
51 101 3
51 102 9
52 103 8
52 104 8
53 105 1
53 106 7
54 107 1
54 108 3
55 109 7
55 110 5
56 111 7
56 112 2
57 113 3
57 114 10
58 115 4
58 116 4
59 117 3
59 118 6
60 119 2
60 120 1
61 121 6
61 122 1
62 123 7
62 124 3
63 125 6
63 126 5
64 127 5
64 128 9
65 129 4
65 130 8
66 131 6
66 132 9
67 133 7
67 134 9
68 135 2
68 136 8
69 137 8
69 138 9
70 139 9
70 140 5
71 141 10
71 142 1
72 143 9
72 144 9
73 145 7
73 146 9
74 147 10
74 148 4
75 149 8
75 150 1
76 151 7
76 152 10
77 153 6
77 154 9
78 155 8
78 156 3
79 157 2
79 158 7
80 159 1
80 160 1
81 161 10
81 162 5
82 163 9
82 164 5
83 165 6
83 166 2
84 167 9
84 168 7
85 169 7
85 170 2
86 171 8
86 172 8
87 173 5
87 174 7
88 175 9
88 176 3
89 177 8
89 178 2
90 179 4
90 180 8
91 181 6
91 182 3
92 183 8
92 184 9
93 185 7
93 186 10
94 187 6
94 188 4
95 189 10
95 190 2
96 191 9
96 192 8
97 193 4
97 194 10
98 195 2
98 196 9
99 197 10
99 198 8
100 199 3
100 200 6
