# Edges (u,v,w)
1 2 7
2 3 1
2 4 1
3 5 8
3 6 4
4 7 10
4 8 6
5 9 8
5 10 7
6 11 3
6 12 8
7 13 5
7 14 9
8 15 2
8 16 4
9 17 9
9 18 8
10 19 8
10 20 7
11 21 3
11 22 5
12 23 4
12 24 8
13 25 8
13 26 10
14 27 7
14 28 4
15 29 5
15 30 6
16 31 5
16 32 4
17 33 5
17 34 5
18 35 5
18 36 1
19 37 6
19 38 9
20 39 8
20 40 7
21 41 8
21 42 8
22 43 6
22 44 6
23 45 5
23 46 7
24 47 3
24 48 9
25 49 8
25 50 2
26 51 3
26 52 6
27 53 9
27 54 3
28 55 8
28 56 1
29 57 1
29 58 5
30 59 4
30 60 6
31 61 9
31 62 2
32 63 1
32 64 2
33 65 2
33 66 9
34 67 2
34 68 9
35 69 9
35 70 8
36 71 3
36 72 1
37 73 10
37 74 3
38 75 7
38 76 2
39 77 7
39 78 8
40 79 2
40 80 4
41 81 4
41 82 9
42 83 2
42 84 9
43 85 3
43 86 3
44 87 2
44 88 4
45 89 8
45 90 10
46 91 6
46 92 4
47 93 3
47 94 4
48 95 9
48 96 3
49 97 8
49 98 2
50 99 6
50 100 8
51 101 9
51 102 9
52 103 5
52 104 3
53 105 4
53 106 9
54 107 10
54 108 5
55 109 4
55 110 5
56 111 8
56 112 2
57 113 7
57 114 6
58 115 6
58 116 9
59 117 1
59 118 5
60 119 2
60 120 3
61 121 10
61 122 2
62 123 4
62 124 8
63 125 4
63 126 7
64 127 3
64 128 2
65 129 6
65 130 3
66 131 4
66 132 3
67 133 7
67 134 5
68 135 7
68 136 7
69 137 6
69 138 1
70 139 3
70 140 10
71 141 7
71 142 10
72 143 3
72 144 5
73 145 1
73 146 4
74 147 9
74 148 5
75 149 10
75 150 7
76 151 7
76 152 8
77 153 10
77 154 1
78 155 6
78 156 10
79 157 8
79 158 9
80 159 1
80 160 4
81 161 5
81 162 4
82 163 4
82 164 2
83 165 6
83 166 5
84 167 7
84 168 10
85 169 3
85 170 5
86 171 10
86 172 6
87 173 6
87 174 6
88 175 4
88 176 6
89 177 7
89 178 8
90 179 5
90 180 5
91 181 5
91 182 3
92 183 9
92 184 1
93 185 6
93 186 3
94 187 3
94 188 10
95 189 6
95 190 6
96 191 6
96 192 3
97 193 3
97 194 7
98 195 3
98 196 8
99 197 9
99 198 2
100 199 10
100 200 4
