# Edges (u,v,w)
1 2 9
2 3 7
2 4 2
3 5 5
3 6 10
4 7 4
4 8 4
5 9 2
5 10 1
6 11 3
6 12 10
7 13 1
7 14 3
8 15 9
8 16 10
9 17 3
9 18 6
10 19 9
10 20 4
11 21 5
11 22 9
12 23 4
12 24 1
13 25 5
13 26 6
14 27 10
14 28 2
15 29 6
15 30 2
16 31 9
16 32 1
17 33 1
17 34 8
18 35 3
18 36 10
19 37 3
19 38 10
20 39 8
20 40 2
21 41 7
21 42 5
22 43 4
22 44 6
23 45 10
23 46 9
24 47 3
24 48 5
25 49 8
25 50 10
26 51 8
26 52 6
27 53 10
27 54 7
28 55 7
28 56 3
29 57 3
29 58 9
30 59 8
30 60 4
31 61 5
31 62 8
32 63 3
32 64 2
33 65 5
33 66 7
34 67 7
34 68 1
35 69 3
35 70 4
36 71 6
36 72 4
37 73 9
37 74 7
38 75 6
38 76 7
39 77 2
39 78 7
40 79 1
40 80 1
41 81 6
41 82 9
42 83 3
42 84 7
43 85 7
43 86 10
44 87 5
44 88 8
45 89 7
45 90 10
46 91 4
46 92 2
47 93 6
47 94 3
48 95 7
48 96 1
49 97 6
49 98 8
50 99 4
50 100 10
51 101 5
51 102 7
52 103 9
52 104 5
53 105 7
53 106 6
54 107 3
54 108 4
55 109 4
55 110 4
56 111 6
56 112 5
57 113 7
57 114 1
58 115 10
58 116 2
59 117 5
59 118 9
60 119 5
60 120 1
61 121 9
61 122 6
62 123 8
62 124 6
63 125 4
63 126 6
64 127 9
64 128 4
65 129 4
65 130 6
66 131 8
66 132 1
67 133 10
67 134 7
68 135 8
68 136 3
69 137 9
69 138 3
70 139 1
70 140 2
71 141 1
71 142 5
72 143 10
72 144 9
73 145 1
73 146 6
74 147 4
74 148 7
75 149 4
75 150 8
76 151 4
76 152 4
77 153 5
77 154 5
78 155 8
78 156 4
79 157 8
79 158 7
80 159 3
80 160 10
81 161 10
81 162 4
82 163 2
82 164 3
83 165 5
83 166 6
84 167 6
84 168 8
85 169 9
85 170 5
86 171 8
86 172 10
87 173 4
87 174 3
88 175 6
88 176 1
89 177 2
89 178 10
90 179 2
90 180 8
91 181 2
91 182 3
92 183 5
92 184 9
93 185 9
93 186 8
94 187 5
94 188 4
95 189 7
95 190 7
96 191 3
96 192 5
97 193 4
97 194 3
98 195 6
98 196 10
99 197 9
99 198 5
100 199 7
100 200 5
