# Edges (u,v,w)
1 2 9
2 3 1
2 4 3
3 5 10
3 6 5
4 7 6
4 8 5
5 9 3
5 10 10
6 11 8
6 12 1
7 13 2
7 14 2
8 15 1
8 16 8
9 17 1
9 18 3
10 19 5
10 20 5
11 21 4
11 22 1
12 23 7
12 24 3
13 25 8
13 26 3
14 27 7
14 28 7
15 29 7
15 30 3
16 31 1
16 32 4
17 33 1
17 34 1
18 35 10
18 36 9
19 37 4
19 38 1
20 39 9
20 40 5
21 41 5
21 42 1
22 43 2
22 44 4
23 45 3
23 46 6
24 47 10
24 48 10
25 49 9
25 50 8
26 51 2
26 52 6
27 53 7
27 54 10
28 55 7
28 56 6
29 57 9
29 58 1
30 59 1
30 60 10
31 61 9
31 62 7
32 63 2
32 64 4
33 65 8
33 66 5
34 67 9
34 68 10
35 69 7
35 70 6
36 71 6
36 72 7
37 73 6
37 74 5
38 75 2
38 76 4
39 77 7
39 78 10
40 79 9
40 80 8
41 81 5
41 82 10
42 83 10
42 84 9
43 85 7
43 86 7
44 87 8
44 88 8
45 89 7
45 90 6
46 91 5
46 92 1
47 93 9
47 94 5
48 95 2
48 96 5
49 97 5
49 98 6
50 99 1
50 100 8
51 101 2
51 102 9
52 103 9
52 104 3
53 105 10
53 106 5
54 107 9
54 108 1
55 109 9
55 110 3
56 111 9
56 112 8
57 113 9
57 114 9
58 115 6
58 116 1
59 117 6
59 118 10
60 119 8
60 120 7
61 121 2
61 122 9
62 123 7
62 124 3
63 125 7
63 126 8
64 127 1
64 128 4
65 129 9
65 130 8
66 131 3
66 132 9
67 133 2
67 134 7
68 135 10
68 136 3
69 137 8
69 138 8
70 139 1
70 140 5
71 141 7
71 142 1
72 143 8
72 144 6
73 145 6
73 146 1
74 147 1
74 148 7
75 149 3
75 150 7
76 151 4
76 152 6
77 153 2
77 154 7
78 155 9
78 156 10
79 157 7
79 158 2
80 159 4
80 160 7
81 161 2
81 162 2
82 163 5
82 164 5
83 165 7
83 166 3
84 167 2
84 168 3
85 169 2
85 170 2
86 171 8
86 172 3
87 173 2
87 174 10
88 175 7
88 176 6
89 177 1
89 178 1
90 179 10
90 180 9
91 181 5
91 182 7
92 183 6
92 184 9
93 185 10
93 186 9
94 187 6
94 188 6
95 189 8
95 190 1
96 191 10
96 192 1
97 193 2
97 194 5
98 195 3
98 196 5
99 197 1
99 198 6
100 199 6
100 200 4
