# Edges (u,v,w)
1 2 6
2 3 4
2 4 7
3 5 2
3 6 5
4 7 8
4 8 5
5 9 1
5 10 10
6 11 10
6 12 8
7 13 4
7 14 6
8 15 2
8 16 7
9 17 7
9 18 8
10 19 7
10 20 2
11 21 8
11 22 10
12 23 9
12 24 6
13 25 4
13 26 6
14 27 6
14 28 10
15 29 9
15 30 5
16 31 1
16 32 7
17 33 10
17 34 8
18 35 8
18 36 1
19 37 10
19 38 10
20 39 7
20 40 5
21 41 6
21 42 5
22 43 3
22 44 10
23 45 8
23 46 1
24 47 9
24 48 9
25 49 9
25 50 8
26 51 10
26 52 6
27 53 8
27 54 9
28 55 2
28 56 10
29 57 2
29 58 5
30 59 2
30 60 8
31 61 6
31 62 6
32 63 1
32 64 4
33 65 8
33 66 10
34 67 4
34 68 2
35 69 1
35 70 1
36 71 2
36 72 2
37 73 1
37 74 1
38 75 2
38 76 8
39 77 7
39 78 5
40 79 4
40 80 10
41 81 2
41 82 3
42 83 5
42 84 1
43 85 7
43 86 2
44 87 3
44 88 10
45 89 8
45 90 3
46 91 7
46 92 6
47 93 5
47 94 9
48 95 4
48 96 9
49 97 9
49 98 2
50 99 1
50 100 5
51 101 1
51 102 5
52 103 1
52 104 4
53 105 6
53 106 10
54 107 10
54 108 2
55 109 4
55 110 8
56 111 9
56 112 4
57 113 4
57 114 9
58 115 5
58 116 6
59 117 10
59 118 10
60 119 3
60 120 10
61 121 10
61 122 2
62 123 5
62 124 5
63 125 9
63 126 2
64 127 3
64 128 8
65 129 7
65 130 3
66 131 7
66 132 8
67 133 2
67 134 10
68 135 9
68 136 7
69 137 8
69 138 7
70 139 1
70 140 2
71 141 5
71 142 6
72 143 7
72 144 4
73 145 10
73 146 4
74 147 7
74 148 8
75 149 10
75 150 8
76 151 4
76 152 1
77 153 5
77 154 10
78 155 3
78 156 5
79 157 3
79 158 5
80 159 9
80 160 2
81 161 8
81 162 6
82 163 1
82 164 3
83 165 9
83 166 9
84 167 7
84 168 3
85 169 5
85 170 7
86 171 7
86 172 5
87 173 6
87 174 4
88 175 8
88 176 1
89 177 4
89 178 3
90 179 1
90 180 6
91 181 9
91 182 8
92 183 4
92 184 8
93 185 1
93 186 1
94 187 4
94 188 7
95 189 2
95 190 10
96 191 5
96 192 3
97 193 3
97 194 10
98 195 9
98 196 6
99 197 2
99 198 9
100 199 3
100 200 9
