# Edges (u,v,w)
1 2 9
2 3 5
2 4 1
3 5 5
3 6 1
4 7 2
4 8 6
5 9 3
5 10 3
6 11 10
6 12 6
7 13 4
7 14 7
8 15 10
8 16 4
9 17 1
9 18 8
10 19 7
10 20 7
11 21 6
11 22 5
12 23 8
12 24 3
13 25 10
13 26 2
14 27 10
14 28 7
15 29 2
15 30 1
16 31 4
16 32 8
17 33 4
17 34 9
18 35 2
18 36 8
19 37 1
19 38 9
20 39 3
20 40 8
21 41 10
21 42 2
22 43 10
22 44 10
23 45 5
23 46 5
24 47 1
24 48 4
25 49 5
25 50 2
26 51 4
26 52 6
27 53 7
27 54 4
28 55 4
28 56 9
29 57 10
29 58 7
30 59 5
30 60 7
31 61 8
31 62 10
32 63 2
32 64 1
33 65 5
33 66 5
34 67 1
34 68 6
35 69 7
35 70 9
36 71 7
36 72 4
37 73 2
37 74 4
38 75 5
38 76 1
39 77 4
39 78 6
40 79 4
40 80 6
41 81 9
41 82 5
42 83 3
42 84 6
43 85 2
43 86 9
44 87 6
44 88 3
45 89 5
45 90 1
46 91 8
46 92 5
47 93 4
47 94 3
48 95 10
48 96 5
49 97 10
49 98 10
50 99 5
50 100 3
51 101 6
51 102 7
52 103 5
52 104 2
53 105 5
53 106 4
54 107 7
54 108 10
55 109 2
55 110 4
56 111 10
56 112 6
57 113 2
57 114 3
58 115 9
58 116 6
59 117 2
59 118 10
60 119 3
60 120 3
61 121 3
61 122 3
62 123 2
62 124 8
63 125 4
63 126 6
64 127 7
64 128 10
65 129 8
65 130 8
66 131 3
66 132 10
67 133 2
67 134 1
68 135 5
68 136 5
69 137 1
69 138 5
70 139 9
70 140 2
71 141 3
71 142 1
72 143 9
72 144 8
73 145 3
73 146 10
74 147 9
74 148 8
75 149 10
75 150 5
76 151 8
76 152 4
77 153 10
77 154 4
78 155 7
78 156 6
79 157 8
79 158 10
80 159 5
80 160 7
81 161 7
81 162 2
82 163 7
82 164 1
83 165 10
83 166 10
84 167 2
84 168 4
85 169 5
85 170 2
86 171 2
86 172 9
87 173 9
87 174 3
88 175 9
88 176 8
89 177 2
89 178 7
90 179 10
90 180 10
91 181 9
91 182 1
92 183 5
92 184 8
93 185 9
93 186 2
94 187 9
94 188 3
95 189 6
95 190 10
96 191 5
96 192 8
97 193 5
97 194 3
98 195 3
98 196 4
99 197 8
99 198 3
100 199 4
100 200 7
