# Edges (u,v,w)
1 2 6
2 3 7
2 4 2
3 5 4
3 6 3
4 7 9
4 8 6
5 9 7
5 10 9
6 11 6
6 12 7
7 13 1
7 14 1
8 15 3
8 16 3
9 17 10
9 18 6
10 19 5
10 20 10
11 21 8
11 22 9
12 23 7
12 24 6
13 25 2
13 26 7
14 27 3
14 28 9
15 29 9
15 30 7
16 31 4
16 32 3
17 33 1
17 34 3
18 35 4
18 36 8
19 37 2
19 38 4
20 39 6
20 40 6
21 41 3
21 42 3
22 43 9
22 44 3
23 45 6
23 46 1
24 47 5
24 48 8
25 49 6
25 50 2
26 51 3
26 52 7
27 53 3
27 54 5
28 55 2
28 56 3
29 57 10
29 58 3
30 59 10
30 60 1
31 61 4
31 62 4
32 63 4
32 64 3
33 65 4
33 66 2
34 67 10
34 68 2
35 69 9
35 70 6
36 71 3
36 72 9
37 73 10
37 74 2
38 75 9
38 76 8
39 77 5
39 78 4
40 79 2
40 80 5
41 81 2
41 82 9
42 83 6
42 84 9
43 85 8
43 86 3
44 87 6
44 88 10
45 89 9
45 90 4
46 91 1
46 92 6
47 93 5
47 94 10
48 95 4
48 96 4
49 97 9
49 98 4
50 99 5
50 100 9
51 101 3
51 102 8
52 103 4
52 104 10
53 105 4
53 106 1
54 107 3
54 108 10
55 109 6
55 110 7
56 111 8
56 112 6
57 113 8
57 114 8
58 115 2
58 116 5
59 117 10
59 118 8
60 119 9
60 120 5
61 121 3
61 122 5
62 123 9
62 124 4
63 125 10
63 126 5
64 127 8
64 128 9
65 129 8
65 130 10
66 131 4
66 132 4
67 133 1
67 134 4
68 135 7
68 136 4
69 137 3
69 138 10
70 139 5
70 140 1
71 141 3
71 142 4
72 143 5
72 144 6
73 145 2
73 146 9
74 147 3
74 148 6
75 149 8
75 150 10
76 151 6
76 152 3
77 153 1
77 154 3
78 155 2
78 156 1
79 157 5
79 158 2
80 159 4
80 160 9
81 161 5
81 162 3
82 163 3
82 164 6
83 165 4
83 166 10
84 167 2
84 168 6
85 169 10
85 170 7
86 171 2
86 172 9
87 173 9
87 174 7
88 175 1
88 176 1
89 177 9
89 178 4
90 179 1
90 180 2
91 181 6
91 182 6
92 183 8
92 184 4
93 185 5
93 186 6
94 187 6
94 188 1
95 189 5
95 190 1
96 191 7
96 192 4
97 193 2
97 194 5
98 195 3
98 196 6
99 197 7
99 198 3
100 199 4
100 200 4
