# Edges (u,v,w)
1 2 2
2 3 2
2 4 9
3 5 8
3 6 3
4 7 4
4 8 7
5 9 3
5 10 2
6 11 3
6 12 3
7 13 8
7 14 2
8 15 8
8 16 3
9 17 10
9 18 8
10 19 10
10 20 2
11 21 4
11 22 10
12 23 1
12 24 8
13 25 3
13 26 8
14 27 7
14 28 2
15 29 5
15 30 4
16 31 7
16 32 5
17 33 2
17 34 2
18 35 1
18 36 5
19 37 4
19 38 2
20 39 7
20 40 3
21 41 8
21 42 5
22 43 5
22 44 5
23 45 1
23 46 7
24 47 6
24 48 10
25 49 4
25 50 2
26 51 7
26 52 2
27 53 5
27 54 2
28 55 4
28 56 1
29 57 1
29 58 2
30 59 10
30 60 1
31 61 2
31 62 10
32 63 6
32 64 10
33 65 7
33 66 5
34 67 5
34 68 5
35 69 9
35 70 1
36 71 6
36 72 8
37 73 8
37 74 4
38 75 4
38 76 3
39 77 3
39 78 9
40 79 7
40 80 3
41 81 9
41 82 2
42 83 8
42 84 8
43 85 2
43 86 8
44 87 4
44 88 8
45 89 1
45 90 9
46 91 7
46 92 1
47 93 2
47 94 8
48 95 5
48 96 3
49 97 8
49 98 4
50 99 9
50 100 5
51 101 6
51 102 7
52 103 1
52 104 2
53 105 3
53 106 2
54 107 8
54 108 9
55 109 10
55 110 1
56 111 7
56 112 4
57 113 6
57 114 10
58 115 2
58 116 2
59 117 2
59 118 1
60 119 1
60 120 3
61 121 1
61 122 10
62 123 3
62 124 6
63 125 5
63 126 9
64 127 9
64 128 3
65 129 1
65 130 5
66 131 8
66 132 1
67 133 2
67 134 1
68 135 2
68 136 2
69 137 10
69 138 5
70 139 3
70 140 4
71 141 4
71 142 3
72 143 8
72 144 3
73 145 6
73 146 3
74 147 8
74 148 9
75 149 7
75 150 6
76 151 10
76 152 2
77 153 6
77 154 1
78 155 9
78 156 3
79 157 1
79 158 2
80 159 7
80 160 1
81 161 3
81 162 3
82 163 4
82 164 9
83 165 10
83 166 3
84 167 9
84 168 4
85 169 1
85 170 6
86 171 2
86 172 6
87 173 4
87 174 10
88 175 10
88 176 6
89 177 9
89 178 9
90 179 6
90 180 1
91 181 3
91 182 1
92 183 2
92 184 7
93 185 5
93 186 9
94 187 9
94 188 4
95 189 7
95 190 5
96 191 8
96 192 1
97 193 10
97 194 5
98 195 7
98 196 1
99 197 2
99 198 2
100 199 6
100 200 9
