# Edges (u,v,w)
1 2 7
2 3 6
2 4 3
3 5 6
3 6 4
4 7 7
4 8 10
5 9 1
5 10 6
6 11 9
6 12 9
7 13 4
7 14 4
8 15 2
8 16 10
9 17 6
9 18 5
10 19 9
10 20 5
11 21 5
11 22 9
12 23 10
12 24 4
13 25 6
13 26 8
14 27 4
14 28 9
15 29 1
15 30 3
16 31 5
16 32 9
17 33 5
17 34 10
18 35 10
18 36 7
19 37 1
19 38 7
20 39 10
20 40 5
21 41 1
21 42 10
22 43 1
22 44 3
23 45 7
23 46 9
24 47 5
24 48 8
25 49 7
25 50 7
26 51 2
26 52 10
27 53 8
27 54 8
28 55 8
28 56 3
29 57 4
29 58 9
30 59 1
30 60 7
31 61 9
31 62 1
32 63 10
32 64 9
33 65 8
33 66 6
34 67 3
34 68 4
35 69 8
35 70 10
36 71 8
36 72 1
37 73 8
37 74 8
38 75 5
38 76 9
39 77 8
39 78 10
40 79 1
40 80 6
41 81 8
41 82 10
42 83 5
42 84 4
43 85 4
43 86 5
44 87 8
44 88 2
45 89 5
45 90 7
46 91 2
46 92 7
47 93 4
47 94 8
48 95 8
48 96 1
49 97 9
49 98 6
50 99 6
50 100 10
51 101 10
51 102 9
52 103 5
52 104 9
53 105 8
53 106 2
54 107 6
54 108 7
55 109 4
55 110 2
56 111 9
56 112 1
57 113 1
57 114 8
58 115 5
58 116 10
59 117 9
59 118 5
60 119 5
60 120 8
61 121 6
61 122 10
62 123 5
62 124 5
63 125 1
63 126 3
64 127 5
64 128 9
65 129 9
65 130 10
66 131 7
66 132 5
67 133 2
67 134 10
68 135 3
68 136 10
69 137 5
69 138 5
70 139 2
70 140 6
71 141 10
71 142 5
72 143 6
72 144 9
73 145 3
73 146 10
74 147 8
74 148 6
75 149 1
75 150 10
76 151 7
76 152 5
77 153 4
77 154 8
78 155 2
78 156 4
79 157 7
79 158 4
80 159 6
80 160 6
81 161 6
81 162 8
82 163 6
82 164 5
83 165 2
83 166 8
84 167 8
84 168 3
85 169 2
85 170 1
86 171 3
86 172 7
87 173 5
87 174 6
88 175 3
88 176 8
89 177 5
89 178 9
90 179 9
90 180 7
91 181 2
91 182 7
92 183 5
92 184 9
93 185 1
93 186 9
94 187 10
94 188 2
95 189 5
95 190 1
96 191 7
96 192 8
97 193 3
97 194 2
98 195 8
98 196 6
99 197 5
99 198 10
100 199 7
100 200 4
