# Edges (u,v,w)
1 2 6
2 3 3
2 4 3
3 5 10
3 6 1
4 7 5
4 8 4
5 9 2
5 10 1
6 11 7
6 12 2
7 13 1
7 14 9
8 15 1
8 16 6
9 17 9
9 18 2
10 19 2
10 20 3
11 21 2
11 22 6
12 23 1
12 24 6
13 25 6
13 26 4
14 27 6
14 28 1
15 29 7
15 30 3
16 31 7
16 32 4
17 33 9
17 34 8
18 35 10
18 36 6
19 37 2
19 38 8
20 39 2
20 40 9
21 41 2
21 42 7
22 43 4
22 44 8
23 45 5
23 46 1
24 47 6
24 48 10
25 49 5
25 50 1
26 51 7
26 52 4
27 53 5
27 54 10
28 55 7
28 56 6
29 57 9
29 58 2
30 59 2
30 60 9
31 61 3
31 62 6
32 63 6
32 64 3
33 65 3
33 66 8
34 67 6
34 68 4
35 69 10
35 70 6
36 71 3
36 72 7
37 73 1
37 74 10
38 75 7
38 76 8
39 77 3
39 78 10
40 79 3
40 80 6
41 81 8
41 82 2
42 83 8
42 84 10
43 85 5
43 86 10
44 87 1
44 88 10
45 89 4
45 90 1
46 91 10
46 92 1
47 93 4
47 94 5
48 95 10
48 96 9
49 97 7
49 98 10
50 99 8
50 100 9
51 101 10
51 102 2
52 103 6
52 104 8
53 105 7
53 106 1
54 107 4
54 108 9
55 109 7
55 110 3
56 111 4
56 112 1
57 113 3
57 114 10
58 115 9
58 116 9
59 117 5
59 118 4
60 119 6
60 120 1
61 121 4
61 122 1
62 123 2
62 124 2
63 125 6
63 126 9
64 127 5
64 128 3
65 129 4
65 130 4
66 131 8
66 132 1
67 133 9
67 134 4
68 135 4
68 136 5
69 137 6
69 138 9
70 139 2
70 140 5
71 141 1
71 142 10
72 143 8
72 144 2
73 145 1
73 146 7
74 147 1
74 148 1
75 149 8
75 150 3
76 151 9
76 152 8
77 153 2
77 154 7
78 155 2
78 156 5
79 157 8
79 158 5
80 159 8
80 160 4
81 161 10
81 162 5
82 163 9
82 164 7
83 165 10
83 166 4
84 167 10
84 168 4
85 169 6
85 170 2
86 171 3
86 172 5
87 173 5
87 174 4
88 175 1
88 176 7
89 177 3
89 178 9
90 179 3
90 180 8
91 181 6
91 182 4
92 183 3
92 184 9
93 185 1
93 186 7
94 187 2
94 188 7
95 189 8
95 190 6
96 191 9
96 192 3
97 193 1
97 194 7
98 195 7
98 196 8
99 197 2
99 198 10
100 199 6
100 200 7
