# Edges (u,v,w)
1 2 10
2 3 4
2 4 8
3 5 4
3 6 1
4 7 3
4 8 10
5 9 8
5 10 9
6 11 7
6 12 2
7 13 4
7 14 5
8 15 7
8 16 6
9 17 9
9 18 9
10 19 10
10 20 4
11 21 10
11 22 9
12 23 1
12 24 3
13 25 5
13 26 1
14 27 2
14 28 1
15 29 4
15 30 6
16 31 6
16 32 10
17 33 10
17 34 10
18 35 9
18 36 6
19 37 10
19 38 7
20 39 3
20 40 10
21 41 1
21 42 1
22 43 7
22 44 7
23 45 6
23 46 6
24 47 7
24 48 3
25 49 1
25 50 9
26 51 1
26 52 1
27 53 2
27 54 1
28 55 1
28 56 6
29 57 5
29 58 9
30 59 3
30 60 9
31 61 8
31 62 4
32 63 4
32 64 1
33 65 4
33 66 5
34 67 7
34 68 9
35 69 2
35 70 3
36 71 4
36 72 8
37 73 1
37 74 9
38 75 10
38 76 9
39 77 4
39 78 10
40 79 3
40 80 10
41 81 6
41 82 8
42 83 3
42 84 6
43 85 8
43 86 6
44 87 8
44 88 7
45 89 4
45 90 6
46 91 5
46 92 1
47 93 10
47 94 7
48 95 5
48 96 4
49 97 6
49 98 3
50 99 4
50 100 7
51 101 9
51 102 2
52 103 3
52 104 1
53 105 2
53 106 5
54 107 1
54 108 4
55 109 8
55 110 7
56 111 8
56 112 9
57 113 8
57 114 3
58 115 7
58 116 4
59 117 1
59 118 4
60 119 1
60 120 5
61 121 9
61 122 7
62 123 6
62 124 3
63 125 6
63 126 8
64 127 10
64 128 1
65 129 4
65 130 2
66 131 5
66 132 9
67 133 3
67 134 2
68 135 2
68 136 9
69 137 9
69 138 4
70 139 10
70 140 8
71 141 10
71 142 6
72 143 5
72 144 4
73 145 3
73 146 9
74 147 9
74 148 1
75 149 1
75 150 3
76 151 3
76 152 4
77 153 7
77 154 1
78 155 1
78 156 5
79 157 6
79 158 10
80 159 1
80 160 1
81 161 6
81 162 3
82 163 3
82 164 8
83 165 1
83 166 7
84 167 7
84 168 8
85 169 8
85 170 3
86 171 6
86 172 10
87 173 10
87 174 6
88 175 2
88 176 2
89 177 5
89 178 3
90 179 10
90 180 7
91 181 4
91 182 6
92 183 2
92 184 5
93 185 5
93 186 6
94 187 8
94 188 5
95 189 7
95 190 8
96 191 1
96 192 8
97 193 4
97 194 10
98 195 3
98 196 5
99 197 3
99 198 5
100 199 4
100 200 6
