# Edges (u,v,w)
1 2 7
2 3 8
2 4 8
3 5 6
3 6 2
4 7 1
4 8 4
5 9 7
5 10 5
6 11 1
6 12 5
7 13 8
7 14 1
8 15 5
8 16 8
9 17 6
9 18 10
10 19 1
10 20 5
11 21 1
11 22 2
12 23 3
12 24 4
13 25 5
13 26 5
14 27 3
14 28 6
15 29 2
15 30 8
16 31 10
16 32 10
17 33 6
17 34 8
18 35 1
18 36 10
19 37 10
19 38 7
20 39 8
20 40 10
21 41 2
21 42 8
22 43 10
22 44 5
23 45 9
23 46 7
24 47 2
24 48 4
25 49 8
25 50 4
26 51 6
26 52 5
27 53 10
27 54 6
28 55 7
28 56 2
29 57 7
29 58 7
30 59 5
30 60 2
31 61 4
31 62 6
32 63 5
32 64 10
33 65 10
33 66 2
34 67 5
34 68 1
35 69 6
35 70 7
36 71 7
36 72 3
37 73 1
37 74 3
38 75 6
38 76 9
39 77 4
39 78 3
40 79 2
40 80 3
41 81 3
41 82 6
42 83 2
42 84 3
43 85 8
43 86 7
44 87 6
44 88 10
45 89 1
45 90 7
46 91 4
46 92 3
47 93 2
47 94 6
48 95 5
48 96 2
49 97 7
49 98 5
50 99 1
50 100 5
51 101 5
51 102 9
52 103 2
52 104 8
53 105 4
53 106 5
54 107 8
54 108 8
55 109 10
55 110 8
56 111 2
56 112 4
57 113 7
57 114 9
58 115 6
58 116 8
59 117 5
59 118 6
60 119 9
60 120 3
61 121 5
61 122 1
62 123 8
62 124 3
63 125 3
63 126 9
64 127 7
64 128 9
65 129 5
65 130 5
66 131 1
66 132 5
67 133 5
67 134 8
68 135 2
68 136 8
69 137 9
69 138 10
70 139 3
70 140 6
71 141 10
71 142 5
72 143 10
72 144 9
73 145 8
73 146 3
74 147 9
74 148 1
75 149 6
75 150 4
76 151 6
76 152 2
77 153 6
77 154 3
78 155 2
78 156 5
79 157 2
79 158 3
80 159 9
80 160 7
81 161 10
81 162 4
82 163 8
82 164 8
83 165 4
83 166 5
84 167 8
84 168 4
85 169 1
85 170 3
86 171 5
86 172 7
87 173 9
87 174 4
88 175 6
88 176 4
89 177 1
89 178 1
90 179 6
90 180 8
91 181 6
91 182 3
92 183 5
92 184 5
93 185 1
93 186 10
94 187 3
94 188 9
95 189 5
95 190 5
96 191 7
96 192 3
97 193 4
97 194 1
98 195 9
98 196 2
99 197 7
99 198 10
100 199 8
100 200 9
