# Edges (u,v,w)
1 2 10
2 3 7
2 4 3
3 5 2
3 6 1
4 7 4
4 8 8
5 9 7
5 10 9
6 11 10
6 12 9
7 13 2
7 14 10
8 15 10
8 16 1
9 17 5
9 18 9
10 19 7
10 20 10
11 21 2
11 22 10
12 23 5
12 24 9
13 25 9
13 26 3
14 27 6
14 28 10
15 29 10
15 30 7
16 31 10
16 32 6
17 33 2
17 34 4
18 35 7
18 36 4
19 37 10
19 38 2
20 39 8
20 40 5
21 41 2
21 42 5
22 43 7
22 44 6
23 45 1
23 46 8
24 47 8
24 48 7
25 49 9
25 50 1
26 51 3
26 52 9
27 53 4
27 54 4
28 55 3
28 56 8
29 57 2
29 58 4
30 59 7
30 60 1
31 61 5
31 62 6
32 63 9
32 64 4
33 65 3
33 66 1
34 67 5
34 68 3
35 69 5
35 70 3
36 71 4
36 72 1
37 73 5
37 74 3
38 75 10
38 76 7
39 77 1
39 78 10
40 79 4
40 80 5
41 81 1
41 82 5
42 83 10
42 84 3
43 85 1
43 86 4
44 87 2
44 88 6
45 89 6
45 90 1
46 91 9
46 92 9
47 93 9
47 94 9
48 95 7
48 96 8
49 97 5
49 98 1
50 99 2
50 100 8
51 101 3
51 102 2
52 103 2
52 104 5
53 105 6
53 106 6
54 107 9
54 108 10
55 109 10
55 110 9
56 111 9
56 112 4
57 113 3
57 114 7
58 115 7
58 116 3
59 117 1
59 118 5
60 119 9
60 120 1
61 121 1
61 122 3
62 123 2
62 124 10
63 125 3
63 126 2
64 127 6
64 128 4
65 129 3
65 130 3
66 131 2
66 132 9
67 133 4
67 134 9
68 135 9
68 136 5
69 137 7
69 138 4
70 139 10
70 140 4
71 141 7
71 142 5
72 143 6
72 144 8
73 145 2
73 146 1
74 147 3
74 148 4
75 149 6
75 150 6
76 151 9
76 152 5
77 153 5
77 154 1
78 155 1
78 156 3
79 157 10
79 158 7
80 159 10
80 160 3
81 161 8
81 162 3
82 163 7
82 164 7
83 165 7
83 166 2
84 167 1
84 168 5
85 169 7
85 170 1
86 171 4
86 172 2
87 173 9
87 174 10
88 175 10
88 176 1
89 177 5
89 178 5
90 179 4
90 180 9
91 181 7
91 182 10
92 183 3
92 184 4
93 185 8
93 186 6
94 187 9
94 188 10
95 189 4
95 190 10
96 191 1
96 192 5
97 193 5
97 194 1
98 195 7
98 196 3
99 197 3
99 198 2
100 199 2
100 200 5
