# Edges (u,v,w)
1 2 5
2 3 7
2 4 4
3 5 7
3 6 1
4 7 3
4 8 4
5 9 7
5 10 2
6 11 10
6 12 10
7 13 2
7 14 8
8 15 4
8 16 3
9 17 10
9 18 3
10 19 6
10 20 8
11 21 1
11 22 1
12 23 4
12 24 5
13 25 6
13 26 4
14 27 1
14 28 6
15 29 4
15 30 7
16 31 2
16 32 10
17 33 5
17 34 9
18 35 1
18 36 4
19 37 4
19 38 9
20 39 7
20 40 2
21 41 8
21 42 5
22 43 4
22 44 9
23 45 7
23 46 2
24 47 8
24 48 7
25 49 8
25 50 2
26 51 2
26 52 3
27 53 6
27 54 10
28 55 5
28 56 5
29 57 10
29 58 5
30 59 6
30 60 1
31 61 4
31 62 8
32 63 8
32 64 1
33 65 9
33 66 8
34 67 6
34 68 7
35 69 10
35 70 9
36 71 1
36 72 5
37 73 5
37 74 2
38 75 10
38 76 3
39 77 6
39 78 2
40 79 6
40 80 10
41 81 4
41 82 5
42 83 2
42 84 10
43 85 10
43 86 5
44 87 7
44 88 5
45 89 1
45 90 6
46 91 8
46 92 6
47 93 9
47 94 10
48 95 1
48 96 6
49 97 8
49 98 6
50 99 6
50 100 3
51 101 7
51 102 9
52 103 7
52 104 7
53 105 7
53 106 2
54 107 4
54 108 2
55 109 10
55 110 10
56 111 2
56 112 7
57 113 9
57 114 5
58 115 10
58 116 1
59 117 7
59 118 4
60 119 5
60 120 5
61 121 1
61 122 2
62 123 4
62 124 9
63 125 9
63 126 8
64 127 6
64 128 1
65 129 2
65 130 4
66 131 4
66 132 1
67 133 8
67 134 4
68 135 10
68 136 6
69 137 3
69 138 1
70 139 1
70 140 5
71 141 10
71 142 6
72 143 5
72 144 5
73 145 9
73 146 4
74 147 5
74 148 6
75 149 5
75 150 2
76 151 2
76 152 1
77 153 7
77 154 1
78 155 4
78 156 1
79 157 1
79 158 3
80 159 8
80 160 8
81 161 5
81 162 5
82 163 3
82 164 9
83 165 6
83 166 8
84 167 6
84 168 10
85 169 4
85 170 10
86 171 7
86 172 8
87 173 7
87 174 3
88 175 8
88 176 3
89 177 7
89 178 2
90 179 8
90 180 4
91 181 7
91 182 2
92 183 1
92 184 5
93 185 3
93 186 5
94 187 4
94 188 8
95 189 7
95 190 10
96 191 1
96 192 3
97 193 9
97 194 2
98 195 3
98 196 6
99 197 1
99 198 7
100 199 5
100 200 5
