# Edges (u,v,w)
1 2 5
2 3 9
2 4 8
3 5 3
3 6 1
4 7 7
4 8 5
5 9 8
5 10 6
6 11 2
6 12 7
7 13 7
7 14 9
8 15 8
8 16 6
9 17 3
9 18 7
10 19 7
10 20 10
11 21 9
11 22 1
12 23 2
12 24 6
13 25 2
13 26 3
14 27 8
14 28 7
15 29 5
15 30 4
16 31 2
16 32 8
17 33 1
17 34 8
18 35 1
18 36 9
19 37 1
19 38 2
20 39 9
20 40 7
21 41 3
21 42 3
22 43 8
22 44 7
23 45 5
23 46 2
24 47 5
24 48 8
25 49 10
25 50 8
26 51 10
26 52 1
27 53 7
27 54 8
28 55 9
28 56 10
29 57 6
29 58 8
30 59 2
30 60 10
31 61 6
31 62 3
32 63 4
32 64 10
33 65 1
33 66 9
34 67 5
34 68 1
35 69 2
35 70 1
36 71 10
36 72 10
37 73 7
37 74 4
38 75 7
38 76 6
39 77 2
39 78 7
40 79 7
40 80 10
41 81 8
41 82 1
42 83 1
42 84 5
43 85 5
43 86 2
44 87 5
44 88 6
45 89 5
45 90 10
46 91 1
46 92 2
47 93 8
47 94 7
48 95 9
48 96 8
49 97 5
49 98 4
50 99 6
50 100 8
51 101 3
51 102 3
52 103 10
52 104 9
53 105 4
53 106 1
54 107 3
54 108 6
55 109 1
55 110 5
56 111 3
56 112 2
57 113 4
57 114 1
58 115 6
58 116 8
59 117 5
59 118 8
60 119 3
60 120 1
61 121 10
61 122 3
62 123 9
62 124 4
63 125 1
63 126 7
64 127 7
64 128 4
65 129 9
65 130 8
66 131 10
66 132 1
67 133 2
67 134 2
68 135 3
68 136 5
69 137 7
69 138 5
70 139 4
70 140 6
71 141 6
71 142 1
72 143 2
72 144 1
73 145 2
73 146 1
74 147 8
74 148 8
75 149 1
75 150 7
76 151 8
76 152 2
77 153 3
77 154 4
78 155 10
78 156 7
79 157 2
79 158 3
80 159 3
80 160 10
81 161 9
81 162 6
82 163 5
82 164 10
83 165 7
83 166 10
84 167 7
84 168 3
85 169 5
85 170 8
86 171 10
86 172 2
87 173 8
87 174 3
88 175 2
88 176 10
89 177 1
89 178 4
90 179 7
90 180 2
91 181 1
91 182 7
92 183 1
92 184 4
93 185 7
93 186 1
94 187 7
94 188 6
95 189 6
95 190 5
96 191 5
96 192 4
97 193 3
97 194 3
98 195 5
98 196 5
99 197 5
99 198 9
100 199 8
100 200 6
