# Edges (u,v,w)
1 2 2
2 3 2
2 4 2
3 5 8
3 6 5
4 7 2
4 8 5
5 9 10
5 10 3
6 11 3
6 12 6
7 13 1
7 14 4
8 15 7
8 16 3
9 17 8
9 18 7
10 19 5
10 20 1
11 21 10
11 22 9
12 23 6
12 24 3
13 25 2
13 26 4
14 27 1
14 28 2
15 29 2
15 30 4
16 31 5
16 32 6
17 33 9
17 34 10
18 35 7
18 36 1
19 37 4
19 38 7
20 39 1
20 40 7
21 41 2
21 42 5
22 43 9
22 44 3
23 45 3
23 46 7
24 47 3
24 48 5
25 49 1
25 50 4
26 51 9
26 52 1
27 53 1
27 54 2
28 55 9
28 56 2
29 57 9
29 58 4
30 59 9
30 60 5
31 61 2
31 62 4
32 63 8
32 64 4
33 65 10
33 66 6
34 67 6
34 68 9
35 69 7
35 70 4
36 71 8
36 72 9
37 73 10
37 74 1
38 75 10
38 76 8
39 77 9
39 78 10
40 79 3
40 80 9
41 81 1
41 82 6
42 83 10
42 84 2
43 85 7
43 86 8
44 87 3
44 88 1
45 89 3
45 90 3
46 91 4
46 92 3
47 93 3
47 94 6
48 95 9
48 96 9
49 97 1
49 98 3
50 99 9
50 100 7
51 101 2
51 102 6
52 103 6
52 104 8
53 105 1
53 106 5
54 107 6
54 108 4
55 109 2
55 110 9
56 111 3
56 112 5
57 113 4
57 114 6
58 115 7
58 116 8
59 117 4
59 118 7
60 119 4
60 120 1
61 121 5
61 122 9
62 123 6
62 124 10
63 125 6
63 126 6
64 127 3
64 128 1
65 129 5
65 130 8
66 131 1
66 132 7
67 133 1
67 134 6
68 135 7
68 136 8
69 137 1
69 138 7
70 139 1
70 140 10
71 141 3
71 142 7
72 143 2
72 144 10
73 145 9
73 146 3
74 147 7
74 148 2
75 149 2
75 150 3
76 151 6
76 152 4
77 153 8
77 154 6
78 155 5
78 156 7
79 157 9
79 158 9
80 159 5
80 160 10
81 161 8
81 162 3
82 163 6
82 164 2
83 165 5
83 166 9
84 167 2
84 168 2
85 169 9
85 170 5
86 171 7
86 172 3
87 173 7
87 174 8
88 175 5
88 176 5
89 177 1
89 178 5
90 179 7
90 180 3
91 181 10
91 182 3
92 183 2
92 184 2
93 185 2
93 186 1
94 187 7
94 188 5
95 189 7
95 190 4
96 191 4
96 192 6
97 193 1
97 194 3
98 195 2
98 196 3
99 197 7
99 198 7
100 199 1
100 200 3
