# Edges (u,v,w)
1 2 5
2 3 10
2 4 8
3 5 6
3 6 2
4 7 4
4 8 5
5 9 6
5 10 4
6 11 4
6 12 9
7 13 3
7 14 5
8 15 10
8 16 7
9 17 10
9 18 10
10 19 4
10 20 2
11 21 4
11 22 9
12 23 6
12 24 8
13 25 4
13 26 6
14 27 2
14 28 6
15 29 8
15 30 7
16 31 7
16 32 9
17 33 10
17 34 4
18 35 4
18 36 2
19 37 5
19 38 7
20 39 7
20 40 1
21 41 5
21 42 2
22 43 1
22 44 5
23 45 5
23 46 6
24 47 10
24 48 2
25 49 9
25 50 6
26 51 3
26 52 3
27 53 4
27 54 1
28 55 3
28 56 8
29 57 8
29 58 3
30 59 6
30 60 10
31 61 5
31 62 10
32 63 10
32 64 5
33 65 5
33 66 5
34 67 1
34 68 1
35 69 3
35 70 8
36 71 4
36 72 6
37 73 8
37 74 6
38 75 2
38 76 5
39 77 4
39 78 5
40 79 8
40 80 2
41 81 6
41 82 10
42 83 10
42 84 6
43 85 7
43 86 2
44 87 1
44 88 6
45 89 9
45 90 3
46 91 8
46 92 3
47 93 6
47 94 3
48 95 5
48 96 9
49 97 9
49 98 5
50 99 7
50 100 7
51 101 9
51 102 5
52 103 6
52 104 4
53 105 7
53 106 7
54 107 2
54 108 2
55 109 9
55 110 2
56 111 9
56 112 1
57 113 7
57 114 2
58 115 1
58 116 9
59 117 6
59 118 6
60 119 7
60 120 8
61 121 8
61 122 1
62 123 9
62 124 5
63 125 6
63 126 4
64 127 3
64 128 6
65 129 3
65 130 3
66 131 3
66 132 5
67 133 7
67 134 4
68 135 4
68 136 5
69 137 4
69 138 4
70 139 10
70 140 4
71 141 5
71 142 9
72 143 4
72 144 1
73 145 6
73 146 7
74 147 7
74 148 2
75 149 5
75 150 4
76 151 10
76 152 10
77 153 3
77 154 4
78 155 3
78 156 2
79 157 7
79 158 3
80 159 7
80 160 7
81 161 6
81 162 4
82 163 6
82 164 3
83 165 10
83 166 5
84 167 2
84 168 1
85 169 8
85 170 6
86 171 4
86 172 4
87 173 8
87 174 6
88 175 4
88 176 9
89 177 5
89 178 3
90 179 2
90 180 7
91 181 2
91 182 5
92 183 8
92 184 8
93 185 5
93 186 7
94 187 1
94 188 3
95 189 10
95 190 5
96 191 10
96 192 3
97 193 9
97 194 8
98 195 7
98 196 3
99 197 6
99 198 2
100 199 3
100 200 2
