# Edges (u,v,w)
1 2 7
2 3 7
2 4 10
3 5 10
3 6 1
4 7 7
4 8 6
5 9 3
5 10 10
6 11 4
6 12 8
7 13 4
7 14 8
8 15 5
8 16 6
9 17 8
9 18 5
10 19 8
10 20 9
11 21 9
11 22 3
12 23 9
12 24 3
13 25 7
13 26 2
14 27 6
14 28 3
15 29 10
15 30 6
16 31 6
16 32 3
17 33 1
17 34 6
18 35 8
18 36 6
19 37 5
19 38 9
20 39 4
20 40 3
21 41 6
21 42 5
22 43 6
22 44 5
23 45 5
23 46 10
24 47 4
24 48 6
25 49 5
25 50 3
26 51 5
26 52 9
27 53 5
27 54 3
28 55 2
28 56 5
29 57 1
29 58 8
30 59 8
30 60 2
31 61 1
31 62 1
32 63 4
32 64 2
33 65 8
33 66 8
34 67 5
34 68 5
35 69 8
35 70 8
36 71 2
36 72 3
37 73 3
37 74 7
38 75 5
38 76 10
39 77 1
39 78 6
40 79 3
40 80 6
41 81 10
41 82 1
42 83 10
42 84 2
43 85 4
43 86 5
44 87 7
44 88 7
45 89 3
45 90 5
46 91 10
46 92 9
47 93 6
47 94 3
48 95 8
48 96 2
49 97 1
49 98 9
50 99 4
50 100 4
51 101 9
51 102 1
52 103 4
52 104 8
53 105 6
53 106 2
54 107 2
54 108 8
55 109 8
55 110 1
56 111 4
56 112 9
57 113 7
57 114 4
58 115 2
58 116 5
59 117 6
59 118 9
60 119 7
60 120 1
61 121 2
61 122 2
62 123 10
62 124 1
63 125 9
63 126 8
64 127 2
64 128 4
65 129 2
65 130 1
66 131 3
66 132 9
67 133 5
67 134 8
68 135 6
68 136 1
69 137 1
69 138 8
70 139 3
70 140 2
71 141 6
71 142 8
72 143 3
72 144 2
73 145 3
73 146 8
74 147 7
74 148 6
75 149 4
75 150 7
76 151 4
76 152 7
77 153 5
77 154 4
78 155 5
78 156 6
79 157 6
79 158 2
80 159 7
80 160 9
81 161 1
81 162 5
82 163 3
82 164 4
83 165 7
83 166 3
84 167 7
84 168 3
85 169 3
85 170 3
86 171 9
86 172 7
87 173 9
87 174 4
88 175 7
88 176 4
89 177 4
89 178 2
90 179 1
90 180 3
91 181 3
91 182 10
92 183 2
92 184 10
93 185 5
93 186 10
94 187 2
94 188 10
95 189 5
95 190 3
96 191 3
96 192 1
97 193 8
97 194 10
98 195 5
98 196 10
99 197 6
99 198 2
100 199 5
100 200 10
