# Edges (u,v,w)
1 2 6
2 3 1
2 4 7
3 5 1
3 6 9
4 7 10
4 8 3
5 9 4
5 10 2
6 11 4
6 12 10
7 13 2
7 14 3
8 15 7
8 16 9
9 17 2
9 18 3
10 19 1
10 20 8
11 21 4
11 22 2
12 23 6
12 24 5
13 25 5
13 26 8
14 27 7
14 28 5
15 29 3
15 30 4
16 31 4
16 32 3
17 33 8
17 34 4
18 35 2
18 36 10
19 37 8
19 38 10
20 39 5
20 40 10
21 41 8
21 42 7
22 43 1
22 44 2
23 45 5
23 46 9
24 47 6
24 48 4
25 49 6
25 50 5
26 51 8
26 52 3
27 53 3
27 54 9
28 55 4
28 56 8
29 57 5
29 58 6
30 59 4
30 60 6
31 61 6
31 62 8
32 63 4
32 64 1
33 65 7
33 66 6
34 67 1
34 68 10
35 69 4
35 70 4
36 71 9
36 72 4
37 73 2
37 74 8
38 75 4
38 76 8
39 77 4
39 78 10
40 79 6
40 80 3
41 81 7
41 82 9
42 83 7
42 84 3
43 85 6
43 86 1
44 87 4
44 88 5
45 89 9
45 90 3
46 91 3
46 92 3
47 93 6
47 94 10
48 95 9
48 96 3
49 97 2
49 98 5
50 99 3
50 100 1
51 101 6
51 102 3
52 103 3
52 104 10
53 105 7
53 106 1
54 107 8
54 108 2
55 109 6
55 110 1
56 111 6
56 112 1
57 113 8
57 114 4
58 115 4
58 116 8
59 117 1
59 118 1
60 119 2
60 120 10
61 121 8
61 122 10
62 123 2
62 124 6
63 125 6
63 126 10
64 127 5
64 128 2
65 129 7
65 130 5
66 131 5
66 132 3
67 133 3
67 134 4
68 135 1
68 136 10
69 137 9
69 138 1
70 139 5
70 140 2
71 141 6
71 142 6
72 143 5
72 144 3
73 145 10
73 146 4
74 147 10
74 148 4
75 149 5
75 150 8
76 151 10
76 152 9
77 153 2
77 154 9
78 155 6
78 156 1
79 157 1
79 158 9
80 159 8
80 160 4
81 161 4
81 162 1
82 163 8
82 164 4
83 165 9
83 166 4
84 167 3
84 168 9
85 169 6
85 170 10
86 171 2
86 172 6
87 173 3
87 174 5
88 175 3
88 176 10
89 177 3
89 178 4
90 179 5
90 180 2
91 181 9
91 182 7
92 183 2
92 184 4
93 185 5
93 186 9
94 187 7
94 188 8
95 189 1
95 190 10
96 191 5
96 192 10
97 193 7
97 194 9
98 195 8
98 196 9
99 197 5
99 198 7
100 199 8
100 200 4
