# Edges (u,v,w)
1 2 5
2 3 5
2 4 8
3 5 5
3 6 9
4 7 7
4 8 6
5 9 7
5 10 2
6 11 10
6 12 4
7 13 3
7 14 10
8 15 3
8 16 7
9 17 10
9 18 7
10 19 3
10 20 3
11 21 1
11 22 2
12 23 10
12 24 2
13 25 5
13 26 7
14 27 9
14 28 1
15 29 10
15 30 9
16 31 8
16 32 8
17 33 5
17 34 5
18 35 5
18 36 3
19 37 4
19 38 5
20 39 3
20 40 10
21 41 5
21 42 6
22 43 8
22 44 8
23 45 8
23 46 10
24 47 9
24 48 4
25 49 1
25 50 5
26 51 7
26 52 6
27 53 6
27 54 3
28 55 10
28 56 10
29 57 7
29 58 7
30 59 6
30 60 6
31 61 7
31 62 2
32 63 10
32 64 1
33 65 2
33 66 10
34 67 1
34 68 3
35 69 5
35 70 10
36 71 2
36 72 7
37 73 10
37 74 3
38 75 6
38 76 8
39 77 10
39 78 1
40 79 3
40 80 6
41 81 6
41 82 10
42 83 3
42 84 9
43 85 4
43 86 9
44 87 10
44 88 9
45 89 8
45 90 5
46 91 1
46 92 4
47 93 7
47 94 9
48 95 10
48 96 4
49 97 1
49 98 2
50 99 6
50 100 8
51 101 1
51 102 10
52 103 5
52 104 2
53 105 10
53 106 10
54 107 5
54 108 8
55 109 5
55 110 3
56 111 6
56 112 10
57 113 5
57 114 2
58 115 7
58 116 4
59 117 3
59 118 4
60 119 7
60 120 6
61 121 5
61 122 2
62 123 8
62 124 5
63 125 10
63 126 8
64 127 2
64 128 1
65 129 4
65 130 7
66 131 1
66 132 8
67 133 1
67 134 6
68 135 1
68 136 3
69 137 7
69 138 6
70 139 3
70 140 6
71 141 7
71 142 1
72 143 8
72 144 5
73 145 5
73 146 4
74 147 8
74 148 1
75 149 8
75 150 1
76 151 9
76 152 3
77 153 4
77 154 10
78 155 6
78 156 9
79 157 4
79 158 9
80 159 7
80 160 10
81 161 2
81 162 1
82 163 2
82 164 6
83 165 6
83 166 2
84 167 8
84 168 1
85 169 7
85 170 10
86 171 5
86 172 9
87 173 9
87 174 6
88 175 9
88 176 10
89 177 1
89 178 2
90 179 10
90 180 6
91 181 2
91 182 6
92 183 5
92 184 10
93 185 1
93 186 4
94 187 1
94 188 5
95 189 10
95 190 4
96 191 9
96 192 1
97 193 10
97 194 4
98 195 7
98 196 5
99 197 8
99 198 6
100 199 4
100 200 5
