# Edges (u,v,w)
1 2 2
2 3 6
2 4 5
3 5 5
3 6 8
4 7 1
4 8 3
5 9 4
5 10 1
6 11 1
6 12 1
7 13 9
7 14 6
8 15 10
8 16 4
9 17 10
9 18 3
10 19 3
10 20 10
11 21 3
11 22 10
12 23 7
12 24 8
13 25 8
13 26 9
14 27 8
14 28 2
15 29 2
15 30 7
16 31 8
16 32 3
17 33 9
17 34 1
18 35 1
18 36 4
19 37 5
19 38 3
20 39 4
20 40 4
21 41 4
21 42 7
22 43 3
22 44 10
23 45 1
23 46 6
24 47 2
24 48 10
25 49 2
25 50 7
26 51 1
26 52 7
27 53 4
27 54 4
28 55 9
28 56 8
29 57 9
29 58 9
30 59 2
30 60 8
31 61 7
31 62 3
32 63 1
32 64 6
33 65 2
33 66 7
34 67 9
34 68 2
35 69 7
35 70 6
36 71 2
36 72 6
37 73 4
37 74 7
38 75 6
38 76 7
39 77 3
39 78 2
40 79 5
40 80 6
41 81 1
41 82 3
42 83 9
42 84 3
43 85 9
43 86 6
44 87 4
44 88 6
45 89 8
45 90 7
46 91 8
46 92 4
47 93 8
47 94 1
48 95 9
48 96 6
49 97 2
49 98 9
50 99 9
50 100 5
51 101 1
51 102 8
52 103 1
52 104 7
53 105 8
53 106 5
54 107 8
54 108 7
55 109 7
55 110 10
56 111 3
56 112 2
57 113 2
57 114 3
58 115 10
58 116 9
59 117 5
59 118 9
60 119 9
60 120 8
61 121 1
61 122 4
62 123 1
62 124 5
63 125 3
63 126 10
64 127 4
64 128 8
65 129 7
65 130 7
66 131 4
66 132 5
67 133 7
67 134 7
68 135 5
68 136 5
69 137 7
69 138 4
70 139 5
70 140 4
71 141 9
71 142 8
72 143 1
72 144 9
73 145 6
73 146 3
74 147 8
74 148 8
75 149 3
75 150 5
76 151 10
76 152 3
77 153 5
77 154 10
78 155 9
78 156 9
79 157 9
79 158 4
80 159 2
80 160 7
81 161 9
81 162 4
82 163 10
82 164 5
83 165 10
83 166 5
84 167 5
84 168 5
85 169 9
85 170 3
86 171 8
86 172 2
87 173 7
87 174 5
88 175 10
88 176 5
89 177 5
89 178 10
90 179 3
90 180 6
91 181 3
91 182 4
92 183 6
92 184 6
93 185 8
93 186 9
94 187 4
94 188 7
95 189 6
95 190 10
96 191 10
96 192 9
97 193 9
97 194 10
98 195 1
98 196 10
99 197 1
99 198 10
100 199 1
100 200 1
