# Edges (u,v,w)
1 2 9
2 3 2
2 4 1
3 5 9
3 6 1
4 7 6
4 8 6
5 9 10
5 10 5
6 11 8
6 12 4
7 13 5
7 14 2
8 15 8
8 16 10
9 17 7
9 18 6
10 19 4
10 20 6
11 21 3
11 22 6
12 23 10
12 24 1
13 25 3
13 26 6
14 27 6
14 28 8
15 29 4
15 30 8
16 31 6
16 32 6
17 33 4
17 34 9
18 35 7
18 36 5
19 37 9
19 38 8
20 39 9
20 40 5
21 41 1
21 42 8
22 43 2
22 44 4
23 45 7
23 46 5
24 47 1
24 48 4
25 49 4
25 50 4
26 51 10
26 52 3
27 53 8
27 54 5
28 55 10
28 56 7
29 57 5
29 58 3
30 59 6
30 60 6
31 61 3
31 62 10
32 63 6
32 64 7
33 65 10
33 66 4
34 67 1
34 68 1
35 69 10
35 70 8
36 71 5
36 72 3
37 73 4
37 74 4
38 75 10
38 76 7
39 77 8
39 78 8
40 79 7
40 80 8
41 81 9
41 82 5
42 83 4
42 84 10
43 85 9
43 86 2
44 87 5
44 88 10
45 89 6
45 90 5
46 91 6
46 92 4
47 93 9
47 94 5
48 95 7
48 96 4
49 97 3
49 98 4
50 99 6
50 100 9
51 101 8
51 102 8
52 103 1
52 104 2
53 105 1
53 106 3
54 107 3
54 108 3
55 109 6
55 110 5
56 111 10
56 112 4
57 113 2
57 114 6
58 115 5
58 116 2
59 117 2
59 118 7
60 119 5
60 120 2
61 121 4
61 122 5
62 123 4
62 124 5
63 125 1
63 126 4
64 127 3
64 128 7
65 129 7
65 130 10
66 131 7
66 132 10
67 133 5
67 134 3
68 135 10
68 136 1
69 137 2
69 138 4
70 139 1
70 140 6
71 141 9
71 142 5
72 143 5
72 144 6
73 145 8
73 146 4
74 147 7
74 148 8
75 149 6
75 150 10
76 151 2
76 152 9
77 153 9
77 154 9
78 155 3
78 156 6
79 157 5
79 158 5
80 159 8
80 160 4
81 161 1
81 162 9
82 163 4
82 164 3
83 165 9
83 166 7
84 167 10
84 168 7
85 169 1
85 170 3
86 171 8
86 172 7
87 173 6
87 174 4
88 175 7
88 176 3
89 177 7
89 178 8
90 179 5
90 180 5
91 181 7
91 182 6
92 183 9
92 184 2
93 185 7
93 186 4
94 187 10
94 188 7
95 189 5
95 190 3
96 191 8
96 192 7
97 193 9
97 194 7
98 195 10
98 196 2
99 197 9
99 198 10
100 199 6
100 200 5
