# Edges (u,v,w)
1 2 1
2 3 4
2 4 2
3 5 9
3 6 2
4 7 2
4 8 6
5 9 9
5 10 7
6 11 4
6 12 10
7 13 8
7 14 2
8 15 9
8 16 1
9 17 7
9 18 3
10 19 10
10 20 9
11 21 10
11 22 5
12 23 3
12 24 4
13 25 7
13 26 7
14 27 4
14 28 9
15 29 6
15 30 8
16 31 4
16 32 2
17 33 9
17 34 1
18 35 9
18 36 8
19 37 1
19 38 4
20 39 3
20 40 7
21 41 9
21 42 3
22 43 8
22 44 10
23 45 10
23 46 6
24 47 2
24 48 9
25 49 6
25 50 4
26 51 3
26 52 4
27 53 6
27 54 2
28 55 4
28 56 10
29 57 3
29 58 6
30 59 6
30 60 1
31 61 3
31 62 3
32 63 10
32 64 3
33 65 9
33 66 2
34 67 2
34 68 8
35 69 6
35 70 5
36 71 1
36 72 3
37 73 2
37 74 10
38 75 5
38 76 4
39 77 3
39 78 6
40 79 6
40 80 2
41 81 1
41 82 4
42 83 9
42 84 3
43 85 9
43 86 5
44 87 2
44 88 10
45 89 8
45 90 7
46 91 10
46 92 2
47 93 1
47 94 8
48 95 5
48 96 8
49 97 1
49 98 5
50 99 8
50 100 2
51 101 2
51 102 1
52 103 8
52 104 1
53 105 5
53 106 8
54 107 8
54 108 9
55 109 5
55 110 1
56 111 2
56 112 10
57 113 6
57 114 10
58 115 1
58 116 1
59 117 3
59 118 3
60 119 2
60 120 2
61 121 7
61 122 8
62 123 3
62 124 1
63 125 9
63 126 6
64 127 1
64 128 8
65 129 9
65 130 6
66 131 8
66 132 10
67 133 4
67 134 8
68 135 1
68 136 10
69 137 5
69 138 7
70 139 3
70 140 9
71 141 10
71 142 6
72 143 4
72 144 4
73 145 4
73 146 4
74 147 5
74 148 4
75 149 2
75 150 7
76 151 9
76 152 5
77 153 7
77 154 2
78 155 9
78 156 6
79 157 2
79 158 7
80 159 9
80 160 8
81 161 6
81 162 3
82 163 4
82 164 8
83 165 3
83 166 2
84 167 8
84 168 7
85 169 8
85 170 3
86 171 2
86 172 7
87 173 6
87 174 2
88 175 7
88 176 10
89 177 9
89 178 8
90 179 6
90 180 3
91 181 3
91 182 7
92 183 4
92 184 1
93 185 4
93 186 10
94 187 4
94 188 6
95 189 2
95 190 8
96 191 1
96 192 7
97 193 7
97 194 4
98 195 7
98 196 1
99 197 4
99 198 4
100 199 6
100 200 1
