# Edges (u,v,w)
1 2 10
2 3 8
2 4 3
3 5 7
3 6 9
4 7 4
4 8 8
5 9 8
5 10 6
6 11 5
6 12 1
7 13 4
7 14 7
8 15 3
8 16 10
9 17 5
9 18 10
10 19 2
10 20 6
11 21 6
11 22 5
12 23 4
12 24 8
13 25 6
13 26 3
14 27 2
14 28 8
15 29 10
15 30 1
16 31 6
16 32 6
17 33 10
17 34 4
18 35 6
18 36 7
19 37 3
19 38 6
20 39 5
20 40 8
21 41 9
21 42 2
22 43 3
22 44 3
23 45 9
23 46 1
24 47 10
24 48 5
25 49 8
25 50 5
26 51 1
26 52 9
27 53 2
27 54 9
28 55 2
28 56 2
29 57 7
29 58 4
30 59 8
30 60 3
31 61 8
31 62 5
32 63 6
32 64 9
33 65 2
33 66 8
34 67 1
34 68 10
35 69 10
35 70 6
36 71 3
36 72 6
37 73 4
37 74 4
38 75 5
38 76 10
39 77 9
39 78 6
40 79 1
40 80 7
41 81 6
41 82 8
42 83 10
42 84 4
43 85 1
43 86 3
44 87 6
44 88 5
45 89 10
45 90 2
46 91 1
46 92 1
47 93 5
47 94 5
48 95 3
48 96 8
49 97 6
49 98 3
50 99 4
50 100 4
51 101 6
51 102 10
52 103 3
52 104 7
53 105 6
53 106 9
54 107 6
54 108 10
55 109 7
55 110 3
56 111 2
56 112 5
57 113 8
57 114 5
58 115 9
58 116 8
59 117 8
59 118 1
60 119 2
60 120 6
61 121 2
61 122 1
62 123 4
62 124 7
63 125 5
63 126 7
64 127 5
64 128 8
65 129 6
65 130 7
66 131 9
66 132 9
67 133 2
67 134 10
68 135 5
68 136 4
69 137 10
69 138 1
70 139 1
70 140 2
71 141 10
71 142 9
72 143 7
72 144 7
73 145 9
73 146 9
74 147 3
74 148 7
75 149 1
75 150 3
76 151 8
76 152 2
77 153 3
77 154 2
78 155 2
78 156 8
79 157 7
79 158 4
80 159 6
80 160 7
81 161 8
81 162 1
82 163 10
82 164 7
83 165 1
83 166 9
84 167 3
84 168 3
85 169 5
85 170 6
86 171 7
86 172 8
87 173 8
87 174 7
88 175 2
88 176 7
89 177 6
89 178 8
90 179 10
90 180 5
91 181 8
91 182 4
92 183 9
92 184 3
93 185 5
93 186 6
94 187 3
94 188 7
95 189 10
95 190 2
96 191 3
96 192 4
97 193 3
97 194 5
98 195 5
98 196 8
99 197 7
99 198 4
100 199 9
100 200 8
