# Edges (u,v,w)
1 2 9
2 3 1
2 4 8
3 5 7
3 6 5
4 7 2
4 8 1
5 9 8
5 10 9
6 11 2
6 12 6
7 13 2
7 14 5
8 15 3
8 16 4
9 17 3
9 18 4
10 19 4
10 20 2
11 21 8
11 22 2
12 23 5
12 24 2
13 25 4
13 26 7
14 27 2
14 28 8
15 29 7
15 30 10
16 31 2
16 32 6
17 33 5
17 34 10
18 35 10
18 36 7
19 37 10
19 38 2
20 39 8
20 40 6
21 41 1
21 42 9
22 43 9
22 44 4
23 45 5
23 46 9
24 47 6
24 48 8
25 49 10
25 50 2
26 51 9
26 52 8
27 53 2
27 54 5
28 55 9
28 56 5
29 57 6
29 58 7
30 59 1
30 60 4
31 61 1
31 62 2
32 63 9
32 64 9
33 65 9
33 66 2
34 67 10
34 68 8
35 69 2
35 70 4
36 71 2
36 72 4
37 73 3
37 74 8
38 75 7
38 76 4
39 77 5
39 78 9
40 79 9
40 80 10
41 81 2
41 82 9
42 83 7
42 84 9
43 85 3
43 86 5
44 87 9
44 88 4
45 89 6
45 90 7
46 91 4
46 92 3
47 93 4
47 94 7
48 95 4
48 96 8
49 97 8
49 98 5
50 99 8
50 100 1
51 101 7
51 102 7
52 103 7
52 104 2
53 105 3
53 106 9
54 107 6
54 108 10
55 109 4
55 110 6
56 111 2
56 112 8
57 113 8
57 114 7
58 115 3
58 116 1
59 117 7
59 118 3
60 119 8
60 120 8
61 121 6
61 122 2
62 123 8
62 124 5
63 125 8
63 126 9
64 127 2
64 128 8
65 129 4
65 130 1
66 131 3
66 132 6
67 133 3
67 134 10
68 135 5
68 136 1
69 137 2
69 138 10
70 139 9
70 140 6
71 141 2
71 142 3
72 143 1
72 144 5
73 145 6
73 146 5
74 147 9
74 148 3
75 149 2
75 150 3
76 151 3
76 152 2
77 153 1
77 154 8
78 155 3
78 156 1
79 157 3
79 158 1
80 159 4
80 160 5
81 161 8
81 162 5
82 163 2
82 164 7
83 165 9
83 166 6
84 167 2
84 168 6
85 169 7
85 170 8
86 171 4
86 172 1
87 173 5
87 174 10
88 175 1
88 176 9
89 177 7
89 178 4
90 179 4
90 180 4
91 181 3
91 182 6
92 183 10
92 184 1
93 185 4
93 186 5
94 187 5
94 188 4
95 189 3
95 190 9
96 191 3
96 192 7
97 193 5
97 194 4
98 195 8
98 196 5
99 197 2
99 198 5
100 199 6
100 200 9
