# Edges (u,v,w)
1 2 7
2 3 6
2 4 8
3 5 9
3 6 9
4 7 9
4 8 9
5 9 6
5 10 8
6 11 9
6 12 8
7 13 5
7 14 6
8 15 4
8 16 3
9 17 6
9 18 8
10 19 2
10 20 5
11 21 8
11 22 9
12 23 2
12 24 2
13 25 2
13 26 2
14 27 10
14 28 4
15 29 10
15 30 9
16 31 9
16 32 2
17 33 5
17 34 9
18 35 7
18 36 10
19 37 8
19 38 4
20 39 7
20 40 2
21 41 4
21 42 7
22 43 2
22 44 9
23 45 8
23 46 1
24 47 9
24 48 2
25 49 3
25 50 9
26 51 3
26 52 8
27 53 6
27 54 2
28 55 4
28 56 3
29 57 1
29 58 3
30 59 8
30 60 5
31 61 6
31 62 4
32 63 1
32 64 6
33 65 10
33 66 2
34 67 2
34 68 6
35 69 7
35 70 4
36 71 5
36 72 9
37 73 9
37 74 8
38 75 10
38 76 4
39 77 4
39 78 6
40 79 8
40 80 9
41 81 8
41 82 4
42 83 10
42 84 6
43 85 8
43 86 1
44 87 8
44 88 8
45 89 9
45 90 2
46 91 3
46 92 6
47 93 2
47 94 3
48 95 10
48 96 6
49 97 2
49 98 9
50 99 4
50 100 3
51 101 5
51 102 3
52 103 8
52 104 6
53 105 4
53 106 9
54 107 5
54 108 7
55 109 4
55 110 6
56 111 10
56 112 10
57 113 5
57 114 9
58 115 10
58 116 2
59 117 2
59 118 9
60 119 7
60 120 9
61 121 7
61 122 1
62 123 4
62 124 9
63 125 4
63 126 4
64 127 2
64 128 7
65 129 10
65 130 9
66 131 7
66 132 5
67 133 2
67 134 2
68 135 8
68 136 2
69 137 2
69 138 9
70 139 4
70 140 10
71 141 5
71 142 3
72 143 10
72 144 8
73 145 7
73 146 5
74 147 6
74 148 7
75 149 1
75 150 6
76 151 1
76 152 5
77 153 7
77 154 6
78 155 6
78 156 9
79 157 7
79 158 1
80 159 10
80 160 5
81 161 9
81 162 7
82 163 9
82 164 4
83 165 1
83 166 6
84 167 5
84 168 1
85 169 5
85 170 10
86 171 7
86 172 3
87 173 3
87 174 4
88 175 9
88 176 4
89 177 8
89 178 1
90 179 4
90 180 3
91 181 6
91 182 5
92 183 8
92 184 3
93 185 8
93 186 9
94 187 7
94 188 6
95 189 6
95 190 8
96 191 6
96 192 9
97 193 1
97 194 6
98 195 8
98 196 2
99 197 9
99 198 7
100 199 10
100 200 5
