# Edges (u,v,w)
1 2 1
2 3 3
2 4 6
3 5 2
3 6 10
4 7 6
4 8 3
5 9 9
5 10 4
6 11 7
6 12 2
7 13 7
7 14 4
8 15 8
8 16 9
9 17 5
9 18 9
10 19 3
10 20 6
11 21 1
11 22 9
12 23 8
12 24 4
13 25 7
13 26 2
14 27 5
14 28 8
15 29 8
15 30 7
16 31 6
16 32 4
17 33 5
17 34 4
18 35 10
18 36 8
19 37 3
19 38 1
20 39 4
20 40 10
21 41 5
21 42 10
22 43 9
22 44 8
23 45 9
23 46 6
24 47 1
24 48 6
25 49 3
25 50 4
26 51 6
26 52 10
27 53 6
27 54 10
28 55 2
28 56 9
29 57 5
29 58 9
30 59 1
30 60 1
31 61 10
31 62 2
32 63 4
32 64 8
33 65 2
33 66 3
34 67 3
34 68 6
35 69 10
35 70 4
36 71 3
36 72 9
37 73 7
37 74 7
38 75 7
38 76 10
39 77 3
39 78 10
40 79 3
40 80 10
41 81 8
41 82 10
42 83 2
42 84 8
43 85 8
43 86 5
44 87 3
44 88 1
45 89 5
45 90 5
46 91 10
46 92 9
47 93 9
47 94 2
48 95 8
48 96 3
49 97 9
49 98 7
50 99 5
50 100 4
51 101 5
51 102 8
52 103 8
52 104 5
53 105 10
53 106 4
54 107 10
54 108 10
55 109 2
55 110 4
56 111 4
56 112 6
57 113 6
57 114 1
58 115 2
58 116 6
59 117 8
59 118 7
60 119 6
60 120 7
61 121 8
61 122 7
62 123 7
62 124 10
63 125 10
63 126 5
64 127 3
64 128 3
65 129 1
65 130 5
66 131 7
66 132 1
67 133 5
67 134 7
68 135 10
68 136 6
69 137 8
69 138 5
70 139 4
70 140 9
71 141 2
71 142 8
72 143 5
72 144 9
73 145 6
73 146 1
74 147 2
74 148 8
75 149 3
75 150 4
76 151 4
76 152 8
77 153 8
77 154 5
78 155 8
78 156 9
79 157 2
79 158 9
80 159 6
80 160 1
81 161 6
81 162 7
82 163 2
82 164 4
83 165 8
83 166 4
84 167 1
84 168 8
85 169 3
85 170 7
86 171 7
86 172 7
87 173 5
87 174 9
88 175 10
88 176 4
89 177 2
89 178 2
90 179 1
90 180 4
91 181 4
91 182 10
92 183 2
92 184 4
93 185 7
93 186 3
94 187 6
94 188 4
95 189 9
95 190 4
96 191 1
96 192 2
97 193 2
97 194 1
98 195 10
98 196 1
99 197 7
99 198 8
100 199 10
100 200 8
