# Edges (u,v,w)
1 2 6
2 3 6
2 4 4
3 5 9
3 6 10
4 7 5
4 8 4
5 9 6
5 10 6
6 11 1
6 12 1
7 13 4
7 14 9
8 15 10
8 16 5
9 17 10
9 18 1
10 19 3
10 20 10
11 21 5
11 22 9
12 23 5
12 24 7
13 25 9
13 26 10
14 27 1
14 28 3
15 29 3
15 30 9
16 31 7
16 32 4
17 33 1
17 34 3
18 35 7
18 36 9
19 37 6
19 38 8
20 39 3
20 40 1
21 41 9
21 42 5
22 43 6
22 44 1
23 45 3
23 46 1
24 47 4
24 48 1
25 49 1
25 50 8
26 51 7
26 52 7
27 53 2
27 54 10
28 55 5
28 56 9
29 57 9
29 58 2
30 59 10
30 60 6
31 61 8
31 62 10
32 63 10
32 64 3
33 65 7
33 66 5
34 67 10
34 68 1
35 69 10
35 70 6
36 71 6
36 72 10
37 73 4
37 74 6
38 75 3
38 76 1
39 77 10
39 78 5
40 79 3
40 80 10
41 81 3
41 82 4
42 83 10
42 84 9
43 85 5
43 86 2
44 87 7
44 88 3
45 89 2
45 90 6
46 91 9
46 92 6
47 93 7
47 94 1
48 95 10
48 96 2
49 97 2
49 98 2
50 99 9
50 100 3
51 101 4
51 102 2
52 103 9
52 104 2
53 105 2
53 106 1
54 107 3
54 108 2
55 109 10
55 110 6
56 111 2
56 112 6
57 113 9
57 114 8
58 115 9
58 116 5
59 117 8
59 118 9
60 119 5
60 120 4
61 121 10
61 122 4
62 123 3
62 124 6
63 125 1
63 126 9
64 127 2
64 128 7
65 129 5
65 130 7
66 131 10
66 132 5
67 133 5
67 134 5
68 135 2
68 136 1
69 137 4
69 138 2
70 139 8
70 140 7
71 141 8
71 142 6
72 143 7
72 144 10
73 145 7
73 146 7
74 147 6
74 148 5
75 149 5
75 150 1
76 151 6
76 152 8
77 153 10
77 154 6
78 155 3
78 156 8
79 157 10
79 158 6
80 159 2
80 160 3
81 161 8
81 162 5
82 163 4
82 164 4
83 165 3
83 166 3
84 167 8
84 168 1
85 169 2
85 170 4
86 171 1
86 172 6
87 173 6
87 174 1
88 175 3
88 176 10
89 177 6
89 178 6
90 179 8
90 180 2
91 181 9
91 182 8
92 183 7
92 184 2
93 185 8
93 186 6
94 187 9
94 188 10
95 189 5
95 190 4
96 191 9
96 192 3
97 193 9
97 194 1
98 195 8
98 196 5
99 197 6
99 198 5
100 199 10
100 200 6
