# Edges (u,v,w)
1 2 8
2 3 9
2 4 9
3 5 3
3 6 9
4 7 4
4 8 6
5 9 4
5 10 6
6 11 1
6 12 8
7 13 10
7 14 4
8 15 3
8 16 8
9 17 10
9 18 10
10 19 10
10 20 9
11 21 3
11 22 7
12 23 3
12 24 2
13 25 2
13 26 1
14 27 8
14 28 3
15 29 5
15 30 3
16 31 5
16 32 9
17 33 9
17 34 9
18 35 6
18 36 8
19 37 9
19 38 5
20 39 4
20 40 3
21 41 5
21 42 7
22 43 3
22 44 7
23 45 9
23 46 3
24 47 10
24 48 8
25 49 4
25 50 4
26 51 1
26 52 6
27 53 2
27 54 9
28 55 8
28 56 5
29 57 1
29 58 5
30 59 1
30 60 4
31 61 4
31 62 7
32 63 4
32 64 4
33 65 3
33 66 4
34 67 7
34 68 6
35 69 5
35 70 10
36 71 1
36 72 7
37 73 8
37 74 8
38 75 4
38 76 6
39 77 10
39 78 1
40 79 2
40 80 10
41 81 2
41 82 10
42 83 7
42 84 8
43 85 10
43 86 8
44 87 7
44 88 8
45 89 4
45 90 8
46 91 9
46 92 1
47 93 3
47 94 7
48 95 3
48 96 6
49 97 2
49 98 5
50 99 4
50 100 4
51 101 6
51 102 10
52 103 2
52 104 10
53 105 10
53 106 5
54 107 10
54 108 9
55 109 5
55 110 6
56 111 6
56 112 4
57 113 6
57 114 9
58 115 2
58 116 4
59 117 10
59 118 7
60 119 5
60 120 1
61 121 6
61 122 1
62 123 2
62 124 6
63 125 6
63 126 6
64 127 5
64 128 4
65 129 8
65 130 1
66 131 1
66 132 3
67 133 2
67 134 2
68 135 8
68 136 9
69 137 1
69 138 1
70 139 9
70 140 6
71 141 8
71 142 4
72 143 2
72 144 1
73 145 7
73 146 7
74 147 10
74 148 1
75 149 2
75 150 5
76 151 5
76 152 1
77 153 6
77 154 5
78 155 1
78 156 2
79 157 7
79 158 8
80 159 5
80 160 2
81 161 10
81 162 10
82 163 2
82 164 7
83 165 10
83 166 5
84 167 3
84 168 5
85 169 9
85 170 4
86 171 8
86 172 9
87 173 9
87 174 3
88 175 1
88 176 10
89 177 7
89 178 4
90 179 2
90 180 2
91 181 3
91 182 2
92 183 6
92 184 8
93 185 1
93 186 2
94 187 5
94 188 5
95 189 5
95 190 9
96 191 2
96 192 5
97 193 6
97 194 4
98 195 9
98 196 2
99 197 10
99 198 7
100 199 9
100 200 5
