# Edges (u,v,w)
1 2 7
2 3 2
2 4 7
3 5 4
3 6 8
4 7 5
4 8 8
5 9 10
5 10 10
6 11 10
6 12 8
7 13 9
7 14 5
8 15 7
8 16 8
9 17 6
9 18 9
10 19 5
10 20 8
11 21 8
11 22 10
12 23 8
12 24 6
13 25 7
13 26 5
14 27 6
14 28 6
15 29 8
15 30 5
16 31 8
16 32 4
17 33 9
17 34 1
18 35 8
18 36 3
19 37 2
19 38 5
20 39 7
20 40 1
21 41 2
21 42 7
22 43 8
22 44 7
23 45 2
23 46 2
24 47 9
24 48 6
25 49 5
25 50 5
26 51 4
26 52 5
27 53 9
27 54 8
28 55 8
28 56 4
29 57 6
29 58 5
30 59 10
30 60 5
31 61 4
31 62 8
32 63 2
32 64 9
33 65 2
33 66 7
34 67 6
34 68 4
35 69 5
35 70 7
36 71 10
36 72 10
37 73 8
37 74 10
38 75 6
38 76 4
39 77 9
39 78 9
40 79 6
40 80 3
41 81 10
41 82 3
42 83 4
42 84 4
43 85 5
43 86 6
44 87 1
44 88 8
45 89 10
45 90 8
46 91 3
46 92 5
47 93 3
47 94 9
48 95 7
48 96 6
49 97 7
49 98 1
50 99 3
50 100 10
51 101 9
51 102 4
52 103 2
52 104 2
53 105 1
53 106 10
54 107 4
54 108 6
55 109 1
55 110 8
56 111 9
56 112 7
57 113 10
57 114 8
58 115 7
58 116 6
59 117 3
59 118 6
60 119 5
60 120 2
61 121 5
61 122 3
62 123 5
62 124 10
63 125 4
63 126 3
64 127 5
64 128 3
65 129 8
65 130 5
66 131 2
66 132 3
67 133 4
67 134 2
68 135 9
68 136 1
69 137 1
69 138 8
70 139 1
70 140 8
71 141 6
71 142 1
72 143 5
72 144 3
73 145 7
73 146 4
74 147 7
74 148 5
75 149 10
75 150 4
76 151 5
76 152 1
77 153 2
77 154 5
78 155 1
78 156 5
79 157 2
79 158 2
80 159 10
80 160 3
81 161 4
81 162 6
82 163 3
82 164 7
83 165 2
83 166 1
84 167 1
84 168 7
85 169 5
85 170 9
86 171 10
86 172 4
87 173 4
87 174 9
88 175 10
88 176 5
89 177 9
89 178 6
90 179 7
90 180 8
91 181 1
91 182 9
92 183 9
92 184 5
93 185 3
93 186 9
94 187 8
94 188 4
95 189 1
95 190 2
96 191 9
96 192 6
97 193 10
97 194 8
98 195 4
98 196 8
99 197 9
99 198 1
100 199 10
100 200 8
