# Edges (u,v,w)
1 2 6
2 3 6
2 4 3
3 5 4
3 6 6
4 7 4
4 8 5
5 9 10
5 10 10
6 11 3
6 12 7
7 13 1
7 14 3
8 15 3
8 16 1
9 17 7
9 18 8
10 19 1
10 20 6
11 21 1
11 22 3
12 23 7
12 24 7
13 25 1
13 26 1
14 27 9
14 28 1
15 29 9
15 30 5
16 31 1
16 32 9
17 33 8
17 34 2
18 35 5
18 36 6
19 37 8
19 38 1
20 39 1
20 40 10
21 41 3
21 42 6
22 43 7
22 44 8
23 45 4
23 46 1
24 47 1
24 48 7
25 49 1
25 50 10
26 51 5
26 52 3
27 53 1
27 54 3
28 55 5
28 56 7
29 57 6
29 58 3
30 59 5
30 60 6
31 61 8
31 62 3
32 63 9
32 64 4
33 65 5
33 66 10
34 67 7
34 68 5
35 69 5
35 70 6
36 71 5
36 72 8
37 73 4
37 74 1
38 75 2
38 76 9
39 77 1
39 78 9
40 79 2
40 80 7
41 81 4
41 82 8
42 83 10
42 84 10
43 85 4
43 86 9
44 87 10
44 88 6
45 89 10
45 90 6
46 91 9
46 92 10
47 93 3
47 94 9
48 95 1
48 96 7
49 97 5
49 98 2
50 99 2
50 100 9
51 101 8
51 102 10
52 103 4
52 104 8
53 105 8
53 106 3
54 107 7
54 108 3
55 109 4
55 110 4
56 111 10
56 112 6
57 113 5
57 114 4
58 115 8
58 116 8
59 117 9
59 118 3
60 119 9
60 120 1
61 121 3
61 122 10
62 123 5
62 124 10
63 125 6
63 126 1
64 127 6
64 128 3
65 129 1
65 130 7
66 131 3
66 132 6
67 133 6
67 134 10
68 135 9
68 136 3
69 137 2
69 138 4
70 139 2
70 140 3
71 141 6
71 142 2
72 143 8
72 144 8
73 145 8
73 146 1
74 147 4
74 148 2
75 149 8
75 150 6
76 151 1
76 152 7
77 153 1
77 154 6
78 155 9
78 156 8
79 157 3
79 158 5
80 159 5
80 160 9
81 161 7
81 162 10
82 163 9
82 164 4
83 165 10
83 166 6
84 167 6
84 168 10
85 169 6
85 170 8
86 171 4
86 172 3
87 173 6
87 174 9
88 175 1
88 176 10
89 177 4
89 178 6
90 179 3
90 180 9
91 181 5
91 182 9
92 183 10
92 184 4
93 185 7
93 186 2
94 187 5
94 188 9
95 189 1
95 190 8
96 191 4
96 192 6
97 193 9
97 194 1
98 195 1
98 196 8
99 197 10
99 198 8
100 199 1
100 200 1
