# Edges (u,v,w)
1 2 5
2 3 6
2 4 10
3 5 2
3 6 9
4 7 1
4 8 10
5 9 4
5 10 9
6 11 5
6 12 5
7 13 6
7 14 2
8 15 1
8 16 10
9 17 6
9 18 8
10 19 1
10 20 1
11 21 10
11 22 9
12 23 2
12 24 7
13 25 10
13 26 3
14 27 8
14 28 8
15 29 6
15 30 2
16 31 2
16 32 2
17 33 2
17 34 5
18 35 6
18 36 6
19 37 3
19 38 8
20 39 1
20 40 6
21 41 7
21 42 8
22 43 7
22 44 6
23 45 9
23 46 7
24 47 6
24 48 6
25 49 7
25 50 8
26 51 9
26 52 4
27 53 10
27 54 8
28 55 1
28 56 2
29 57 5
29 58 1
30 59 3
30 60 6
31 61 1
31 62 5
32 63 8
32 64 7
33 65 2
33 66 7
34 67 5
34 68 4
35 69 2
35 70 4
36 71 5
36 72 4
37 73 2
37 74 10
38 75 2
38 76 6
39 77 2
39 78 6
40 79 3
40 80 5
41 81 4
41 82 10
42 83 8
42 84 1
43 85 4
43 86 6
44 87 7
44 88 5
45 89 9
45 90 1
46 91 4
46 92 6
47 93 6
47 94 3
48 95 4
48 96 2
49 97 4
49 98 6
50 99 10
50 100 4
51 101 2
51 102 4
52 103 3
52 104 4
53 105 4
53 106 10
54 107 8
54 108 9
55 109 3
55 110 9
56 111 1
56 112 3
57 113 7
57 114 9
58 115 1
58 116 3
59 117 7
59 118 10
60 119 8
60 120 10
61 121 4
61 122 5
62 123 1
62 124 7
63 125 2
63 126 7
64 127 3
64 128 10
65 129 2
65 130 6
66 131 3
66 132 8
67 133 6
67 134 3
68 135 1
68 136 9
69 137 5
69 138 6
70 139 10
70 140 9
71 141 10
71 142 10
72 143 5
72 144 2
73 145 4
73 146 5
74 147 1
74 148 6
75 149 7
75 150 7
76 151 9
76 152 5
77 153 1
77 154 5
78 155 3
78 156 6
79 157 9
79 158 10
80 159 2
80 160 2
81 161 10
81 162 7
82 163 7
82 164 7
83 165 9
83 166 10
84 167 5
84 168 5
85 169 2
85 170 7
86 171 8
86 172 6
87 173 10
87 174 5
88 175 6
88 176 2
89 177 9
89 178 2
90 179 1
90 180 8
91 181 9
91 182 10
92 183 10
92 184 2
93 185 4
93 186 1
94 187 10
94 188 8
95 189 10
95 190 7
96 191 4
96 192 7
97 193 8
97 194 8
98 195 5
98 196 10
99 197 1
99 198 2
100 199 4
100 200 7
