# Edges (u,v,w)
1 2 8
2 3 6
2 4 3
3 5 5
3 6 7
4 7 10
4 8 6
5 9 10
5 10 2
6 11 8
6 12 2
7 13 3
7 14 3
8 15 3
8 16 10
9 17 10
9 18 1
10 19 9
10 20 1
11 21 7
11 22 5
12 23 9
12 24 8
13 25 1
13 26 2
14 27 4
14 28 7
15 29 2
15 30 2
16 31 3
16 32 3
17 33 7
17 34 8
18 35 10
18 36 8
19 37 10
19 38 6
20 39 3
20 40 1
21 41 9
21 42 3
22 43 4
22 44 5
23 45 5
23 46 3
24 47 9
24 48 10
25 49 6
25 50 5
26 51 8
26 52 5
27 53 5
27 54 6
28 55 10
28 56 7
29 57 6
29 58 2
30 59 6
30 60 8
31 61 9
31 62 4
32 63 1
32 64 3
33 65 7
33 66 6
34 67 7
34 68 8
35 69 6
35 70 1
36 71 1
36 72 4
37 73 9
37 74 9
38 75 1
38 76 2
39 77 2
39 78 8
40 79 7
40 80 6
41 81 10
41 82 6
42 83 2
42 84 2
43 85 10
43 86 6
44 87 8
44 88 3
45 89 5
45 90 2
46 91 3
46 92 2
47 93 1
47 94 8
48 95 4
48 96 10
49 97 10
49 98 1
50 99 4
50 100 5
51 101 4
51 102 6
52 103 2
52 104 3
53 105 3
53 106 8
54 107 10
54 108 8
55 109 1
55 110 4
56 111 9
56 112 3
57 113 6
57 114 4
58 115 2
58 116 8
59 117 9
59 118 5
60 119 3
60 120 8
61 121 4
61 122 4
62 123 10
62 124 3
63 125 7
63 126 10
64 127 8
64 128 4
65 129 4
65 130 3
66 131 9
66 132 7
67 133 6
67 134 9
68 135 4
68 136 6
69 137 7
69 138 3
70 139 6
70 140 10
71 141 4
71 142 6
72 143 8
72 144 3
73 145 7
73 146 6
74 147 3
74 148 1
75 149 9
75 150 6
76 151 7
76 152 5
77 153 1
77 154 7
78 155 3
78 156 6
79 157 10
79 158 5
80 159 5
80 160 7
81 161 5
81 162 10
82 163 9
82 164 9
83 165 1
83 166 4
84 167 4
84 168 6
85 169 2
85 170 6
86 171 5
86 172 2
87 173 7
87 174 5
88 175 4
88 176 3
89 177 6
89 178 5
90 179 4
90 180 7
91 181 5
91 182 1
92 183 10
92 184 3
93 185 10
93 186 3
94 187 7
94 188 4
95 189 7
95 190 6
96 191 7
96 192 10
97 193 8
97 194 2
98 195 10
98 196 3
99 197 3
99 198 1
100 199 3
100 200 8
