# Edges (u,v,w)
1 2 1
2 3 2
2 4 7
3 5 1
3 6 5
4 7 3
4 8 5
5 9 7
5 10 1
6 11 4
6 12 7
7 13 6
7 14 9
8 15 1
8 16 8
9 17 5
9 18 7
10 19 6
10 20 4
11 21 7
11 22 2
12 23 9
12 24 2
13 25 5
13 26 7
14 27 4
14 28 4
15 29 10
15 30 4
16 31 1
16 32 7
17 33 3
17 34 5
18 35 10
18 36 10
19 37 3
19 38 8
20 39 6
20 40 2
21 41 8
21 42 6
22 43 10
22 44 8
23 45 8
23 46 6
24 47 10
24 48 8
25 49 3
25 50 5
26 51 6
26 52 1
27 53 5
27 54 7
28 55 3
28 56 9
29 57 6
29 58 3
30 59 5
30 60 8
31 61 7
31 62 8
32 63 7
32 64 1
33 65 3
33 66 10
34 67 3
34 68 3
35 69 4
35 70 2
36 71 1
36 72 2
37 73 7
37 74 7
38 75 9
38 76 2
39 77 1
39 78 7
40 79 4
40 80 2
41 81 7
41 82 7
42 83 9
42 84 7
43 85 2
43 86 7
44 87 6
44 88 8
45 89 7
45 90 8
46 91 4
46 92 10
47 93 9
47 94 8
48 95 3
48 96 2
49 97 2
49 98 3
50 99 2
50 100 8
51 101 5
51 102 1
52 103 9
52 104 3
53 105 6
53 106 9
54 107 10
54 108 9
55 109 9
55 110 4
56 111 5
56 112 3
57 113 4
57 114 1
58 115 10
58 116 6
59 117 1
59 118 1
60 119 6
60 120 4
61 121 5
61 122 7
62 123 2
62 124 1
63 125 9
63 126 5
64 127 8
64 128 7
65 129 4
65 130 7
66 131 3
66 132 6
67 133 4
67 134 1
68 135 5
68 136 2
69 137 8
69 138 3
70 139 10
70 140 3
71 141 9
71 142 9
72 143 9
72 144 3
73 145 10
73 146 6
74 147 3
74 148 8
75 149 4
75 150 3
76 151 4
76 152 6
77 153 2
77 154 2
78 155 1
78 156 4
79 157 10
79 158 5
80 159 1
80 160 2
81 161 3
81 162 3
82 163 4
82 164 3
83 165 3
83 166 8
84 167 1
84 168 9
85 169 9
85 170 2
86 171 5
86 172 9
87 173 4
87 174 1
88 175 10
88 176 7
89 177 6
89 178 6
90 179 3
90 180 8
91 181 3
91 182 1
92 183 3
92 184 10
93 185 1
93 186 6
94 187 8
94 188 2
95 189 10
95 190 10
96 191 6
96 192 6
97 193 2
97 194 10
98 195 8
98 196 9
99 197 7
99 198 2
100 199 4
100 200 3
