# Edges (u,v,w)
1 2 7
2 3 3
2 4 2
3 5 3
3 6 6
4 7 3
4 8 1
5 9 8
5 10 2
6 11 2
6 12 5
7 13 8
7 14 6
8 15 2
8 16 1
9 17 3
9 18 10
10 19 7
10 20 8
11 21 1
11 22 3
12 23 1
12 24 3
13 25 2
13 26 7
14 27 7
14 28 6
15 29 6
15 30 7
16 31 1
16 32 8
17 33 9
17 34 4
18 35 2
18 36 4
19 37 1
19 38 3
20 39 4
20 40 1
21 41 3
21 42 1
22 43 7
22 44 7
23 45 6
23 46 9
24 47 5
24 48 8
25 49 4
25 50 5
26 51 4
26 52 6
27 53 3
27 54 9
28 55 6
28 56 4
29 57 6
29 58 2
30 59 4
30 60 1
31 61 10
31 62 3
32 63 8
32 64 10
33 65 8
33 66 4
34 67 4
34 68 9
35 69 10
35 70 7
36 71 5
36 72 6
37 73 1
37 74 4
38 75 2
38 76 2
39 77 4
39 78 3
40 79 9
40 80 6
41 81 4
41 82 5
42 83 4
42 84 5
43 85 3
43 86 7
44 87 10
44 88 4
45 89 5
45 90 4
46 91 9
46 92 8
47 93 8
47 94 5
48 95 6
48 96 6
49 97 10
49 98 8
50 99 6
50 100 8
51 101 1
51 102 1
52 103 1
52 104 2
53 105 7
53 106 8
54 107 10
54 108 7
55 109 8
55 110 6
56 111 9
56 112 3
57 113 10
57 114 10
58 115 9
58 116 8
59 117 5
59 118 5
60 119 6
60 120 2
61 121 10
61 122 7
62 123 3
62 124 1
63 125 3
63 126 4
64 127 9
64 128 10
65 129 6
65 130 2
66 131 3
66 132 3
67 133 3
67 134 3
68 135 10
68 136 3
69 137 2
69 138 8
70 139 6
70 140 2
71 141 5
71 142 7
72 143 7
72 144 2
73 145 10
73 146 4
74 147 2
74 148 2
75 149 9
75 150 8
76 151 1
76 152 1
77 153 6
77 154 8
78 155 9
78 156 4
79 157 1
79 158 10
80 159 3
80 160 9
81 161 6
81 162 9
82 163 4
82 164 4
83 165 6
83 166 2
84 167 4
84 168 2
85 169 3
85 170 5
86 171 2
86 172 2
87 173 10
87 174 8
88 175 7
88 176 8
89 177 10
89 178 9
90 179 5
90 180 1
91 181 5
91 182 10
92 183 7
92 184 5
93 185 10
93 186 5
94 187 7
94 188 2
95 189 5
95 190 5
96 191 9
96 192 9
97 193 5
97 194 2
98 195 1
98 196 5
99 197 6
99 198 8
100 199 3
100 200 4
