# Edges (u,v,w)
1 2 2
2 3 10
2 4 3
3 5 7
3 6 7
4 7 10
4 8 1
5 9 3
5 10 7
6 11 1
6 12 10
7 13 1
7 14 4
8 15 5
8 16 3
9 17 3
9 18 4
10 19 10
10 20 7
11 21 8
11 22 8
12 23 6
12 24 6
13 25 2
13 26 9
14 27 2
14 28 9
15 29 9
15 30 9
16 31 6
16 32 8
17 33 8
17 34 3
18 35 1
18 36 2
19 37 4
19 38 7
20 39 9
20 40 10
21 41 9
21 42 4
22 43 3
22 44 3
23 45 1
23 46 1
24 47 7
24 48 3
25 49 2
25 50 3
26 51 3
26 52 3
27 53 5
27 54 10
28 55 3
28 56 2
29 57 3
29 58 8
30 59 6
30 60 5
31 61 8
31 62 4
32 63 10
32 64 2
33 65 9
33 66 2
34 67 9
34 68 6
35 69 5
35 70 8
36 71 3
36 72 5
37 73 6
37 74 4
38 75 10
38 76 2
39 77 9
39 78 8
40 79 4
40 80 1
41 81 4
41 82 7
42 83 4
42 84 2
43 85 4
43 86 6
44 87 5
44 88 5
45 89 7
45 90 9
46 91 8
46 92 5
47 93 10
47 94 8
48 95 2
48 96 8
49 97 8
49 98 4
50 99 7
50 100 6
51 101 3
51 102 10
52 103 10
52 104 3
53 105 5
53 106 10
54 107 5
54 108 5
55 109 6
55 110 4
56 111 7
56 112 9
57 113 6
57 114 10
58 115 1
58 116 8
59 117 10
59 118 5
60 119 9
60 120 2
61 121 5
61 122 3
62 123 7
62 124 8
63 125 2
63 126 6
64 127 1
64 128 5
65 129 6
65 130 4
66 131 4
66 132 7
67 133 8
67 134 2
68 135 4
68 136 7
69 137 6
69 138 2
70 139 10
70 140 9
71 141 9
71 142 2
72 143 6
72 144 4
73 145 3
73 146 5
74 147 9
74 148 10
75 149 6
75 150 1
76 151 9
76 152 3
77 153 7
77 154 7
78 155 1
78 156 6
79 157 6
79 158 4
80 159 6
80 160 2
81 161 5
81 162 1
82 163 1
82 164 4
83 165 6
83 166 1
84 167 5
84 168 8
85 169 10
85 170 1
86 171 6
86 172 1
87 173 5
87 174 10
88 175 10
88 176 2
89 177 2
89 178 8
90 179 3
90 180 4
91 181 4
91 182 10
92 183 1
92 184 7
93 185 6
93 186 5
94 187 1
94 188 3
95 189 9
95 190 5
96 191 5
96 192 4
97 193 2
97 194 6
98 195 4
98 196 2
99 197 10
99 198 7
100 199 2
100 200 9
