# Edges (u,v,w)
1 2 2
2 3 10
2 4 7
3 5 2
3 6 3
4 7 7
4 8 5
5 9 1
5 10 9
6 11 8
6 12 5
7 13 3
7 14 8
8 15 6
8 16 7
9 17 10
9 18 8
10 19 1
10 20 4
11 21 2
11 22 2
12 23 2
12 24 1
13 25 8
13 26 10
14 27 9
14 28 8
15 29 4
15 30 9
16 31 1
16 32 4
17 33 6
17 34 5
18 35 1
18 36 2
19 37 5
19 38 3
20 39 2
20 40 4
21 41 5
21 42 4
22 43 8
22 44 2
23 45 9
23 46 6
24 47 6
24 48 4
25 49 2
25 50 2
26 51 2
26 52 5
27 53 5
27 54 4
28 55 6
28 56 1
29 57 5
29 58 8
30 59 1
30 60 3
31 61 2
31 62 2
32 63 6
32 64 9
33 65 9
33 66 2
34 67 1
34 68 7
35 69 6
35 70 6
36 71 1
36 72 10
37 73 10
37 74 2
38 75 5
38 76 9
39 77 1
39 78 1
40 79 6
40 80 4
41 81 5
41 82 9
42 83 10
42 84 6
43 85 5
43 86 7
44 87 2
44 88 1
45 89 10
45 90 1
46 91 1
46 92 9
47 93 2
47 94 2
48 95 7
48 96 1
49 97 5
49 98 8
50 99 4
50 100 6
51 101 8
51 102 2
52 103 4
52 104 10
53 105 4
53 106 6
54 107 9
54 108 6
55 109 9
55 110 7
56 111 3
56 112 2
57 113 4
57 114 10
58 115 6
58 116 1
59 117 9
59 118 5
60 119 6
60 120 3
61 121 5
61 122 2
62 123 4
62 124 7
63 125 3
63 126 7
64 127 3
64 128 7
65 129 4
65 130 7
66 131 7
66 132 8
67 133 5
67 134 10
68 135 7
68 136 9
69 137 8
69 138 8
70 139 8
70 140 6
71 141 9
71 142 6
72 143 3
72 144 2
73 145 3
73 146 3
74 147 8
74 148 10
75 149 1
75 150 1
76 151 2
76 152 7
77 153 3
77 154 9
78 155 7
78 156 1
79 157 2
79 158 9
80 159 3
80 160 7
81 161 1
81 162 1
82 163 4
82 164 6
83 165 10
83 166 10
84 167 1
84 168 1
85 169 2
85 170 7
86 171 5
86 172 6
87 173 9
87 174 6
88 175 5
88 176 10
89 177 9
89 178 7
90 179 9
90 180 10
91 181 2
91 182 1
92 183 7
92 184 4
93 185 8
93 186 5
94 187 3
94 188 7
95 189 8
95 190 7
96 191 9
96 192 2
97 193 4
97 194 9
98 195 1
98 196 7
99 197 6
99 198 3
100 199 9
100 200 4
