# Edges (u,v,w)
1 2 8
2 3 10
2 4 10
3 5 8
3 6 5
4 7 9
4 8 8
5 9 7
5 10 6
6 11 7
6 12 5
7 13 8
7 14 4
8 15 10
8 16 2
9 17 5
9 18 10
10 19 7
10 20 5
11 21 9
11 22 3
12 23 7
12 24 10
13 25 10
13 26 9
14 27 9
14 28 7
15 29 9
15 30 4
16 31 6
16 32 8
17 33 4
17 34 8
18 35 10
18 36 8
19 37 5
19 38 2
20 39 5
20 40 5
21 41 1
21 42 10
22 43 4
22 44 8
23 45 2
23 46 5
24 47 10
24 48 2
25 49 7
25 50 5
26 51 10
26 52 9
27 53 7
27 54 1
28 55 5
28 56 8
29 57 6
29 58 2
30 59 10
30 60 2
31 61 3
31 62 5
32 63 3
32 64 6
33 65 9
33 66 4
34 67 10
34 68 10
35 69 9
35 70 3
36 71 2
36 72 10
37 73 10
37 74 3
38 75 8
38 76 2
39 77 5
39 78 7
40 79 8
40 80 1
41 81 3
41 82 1
42 83 7
42 84 5
43 85 2
43 86 10
44 87 2
44 88 3
45 89 5
45 90 7
46 91 4
46 92 6
47 93 5
47 94 9
48 95 8
48 96 8
49 97 6
49 98 9
50 99 10
50 100 4
51 101 10
51 102 4
52 103 2
52 104 3
53 105 5
53 106 10
54 107 8
54 108 2
55 109 10
55 110 5
56 111 2
56 112 4
57 113 4
57 114 1
58 115 9
58 116 5
59 117 10
59 118 5
60 119 4
60 120 3
61 121 1
61 122 3
62 123 8
62 124 8
63 125 10
63 126 8
64 127 9
64 128 2
65 129 10
65 130 8
66 131 3
66 132 4
67 133 9
67 134 10
68 135 3
68 136 5
69 137 3
69 138 9
70 139 8
70 140 9
71 141 6
71 142 10
72 143 9
72 144 7
73 145 6
73 146 2
74 147 2
74 148 6
75 149 4
75 150 6
76 151 10
76 152 1
77 153 10
77 154 2
78 155 2
78 156 6
79 157 1
79 158 8
80 159 5
80 160 8
81 161 5
81 162 7
82 163 8
82 164 4
83 165 8
83 166 6
84 167 2
84 168 8
85 169 8
85 170 9
86 171 6
86 172 3
87 173 1
87 174 9
88 175 1
88 176 6
89 177 6
89 178 1
90 179 1
90 180 9
91 181 5
91 182 8
92 183 1
92 184 1
93 185 1
93 186 10
94 187 10
94 188 1
95 189 4
95 190 1
96 191 10
96 192 8
97 193 3
97 194 4
98 195 2
98 196 4
99 197 10
99 198 9
100 199 2
100 200 3
