# Edges (u,v,w)
1 2 7
2 3 4
2 4 9
3 5 9
3 6 2
4 7 9
4 8 9
5 9 8
5 10 4
6 11 7
6 12 2
7 13 4
7 14 3
8 15 9
8 16 6
9 17 6
9 18 8
10 19 2
10 20 9
11 21 4
11 22 1
12 23 9
12 24 10
13 25 3
13 26 7
14 27 9
14 28 10
15 29 8
15 30 1
16 31 4
16 32 9
17 33 7
17 34 7
18 35 10
18 36 5
19 37 7
19 38 8
20 39 6
20 40 4
21 41 8
21 42 2
22 43 3
22 44 1
23 45 9
23 46 5
24 47 4
24 48 9
25 49 7
25 50 10
26 51 10
26 52 2
27 53 6
27 54 4
28 55 9
28 56 5
29 57 3
29 58 4
30 59 7
30 60 9
31 61 2
31 62 9
32 63 6
32 64 3
33 65 8
33 66 4
34 67 5
34 68 8
35 69 8
35 70 2
36 71 2
36 72 9
37 73 9
37 74 3
38 75 5
38 76 3
39 77 6
39 78 5
40 79 8
40 80 6
41 81 9
41 82 7
42 83 7
42 84 9
43 85 3
43 86 10
44 87 3
44 88 8
45 89 5
45 90 7
46 91 3
46 92 7
47 93 4
47 94 5
48 95 5
48 96 2
49 97 8
49 98 3
50 99 10
50 100 3
51 101 9
51 102 2
52 103 10
52 104 5
53 105 7
53 106 4
54 107 9
54 108 7
55 109 4
55 110 3
56 111 6
56 112 6
57 113 5
57 114 7
58 115 3
58 116 6
59 117 10
59 118 1
60 119 1
60 120 9
61 121 2
61 122 4
62 123 10
62 124 2
63 125 7
63 126 10
64 127 10
64 128 6
65 129 9
65 130 9
66 131 1
66 132 8
67 133 4
67 134 2
68 135 3
68 136 7
69 137 7
69 138 10
70 139 6
70 140 7
71 141 4
71 142 5
72 143 1
72 144 9
73 145 9
73 146 5
74 147 6
74 148 2
75 149 8
75 150 10
76 151 2
76 152 7
77 153 2
77 154 2
78 155 8
78 156 7
79 157 4
79 158 1
80 159 9
80 160 5
81 161 3
81 162 7
82 163 6
82 164 10
83 165 7
83 166 6
84 167 8
84 168 9
85 169 5
85 170 9
86 171 5
86 172 7
87 173 9
87 174 10
88 175 7
88 176 9
89 177 4
89 178 10
90 179 2
90 180 9
91 181 7
91 182 2
92 183 9
92 184 8
93 185 9
93 186 4
94 187 9
94 188 10
95 189 3
95 190 9
96 191 7
96 192 8
97 193 1
97 194 8
98 195 10
98 196 4
99 197 5
99 198 10
100 199 8
100 200 9
