# Edges (u,v,w)
1 2 2
2 3 9
2 4 9
3 5 6
3 6 2
4 7 5
4 8 9
5 9 10
5 10 10
6 11 5
6 12 9
7 13 8
7 14 8
8 15 8
8 16 10
9 17 7
9 18 7
10 19 5
10 20 4
11 21 10
11 22 7
12 23 3
12 24 4
13 25 5
13 26 5
14 27 2
14 28 1
15 29 1
15 30 2
16 31 9
16 32 5
17 33 5
17 34 8
18 35 10
18 36 1
19 37 2
19 38 9
20 39 1
20 40 7
21 41 5
21 42 4
22 43 5
22 44 2
23 45 1
23 46 10
24 47 2
24 48 2
25 49 10
25 50 2
26 51 6
26 52 2
27 53 5
27 54 6
28 55 9
28 56 8
29 57 10
29 58 2
30 59 6
30 60 2
31 61 3
31 62 5
32 63 2
32 64 5
33 65 9
33 66 5
34 67 6
34 68 2
35 69 8
35 70 4
36 71 9
36 72 2
37 73 7
37 74 5
38 75 4
38 76 10
39 77 1
39 78 7
40 79 4
40 80 10
41 81 10
41 82 2
42 83 5
42 84 6
43 85 4
43 86 5
44 87 6
44 88 3
45 89 6
45 90 8
46 91 1
46 92 10
47 93 4
47 94 7
48 95 8
48 96 3
49 97 2
49 98 5
50 99 9
50 100 2
51 101 4
51 102 6
52 103 9
52 104 7
53 105 5
53 106 3
54 107 5
54 108 4
55 109 1
55 110 7
56 111 9
56 112 6
57 113 3
57 114 3
58 115 6
58 116 5
59 117 1
59 118 5
60 119 9
60 120 9
61 121 8
61 122 5
62 123 6
62 124 3
63 125 9
63 126 9
64 127 5
64 128 6
65 129 4
65 130 10
66 131 5
66 132 3
67 133 4
67 134 3
68 135 2
68 136 10
69 137 7
69 138 5
70 139 5
70 140 4
71 141 9
71 142 10
72 143 6
72 144 6
73 145 10
73 146 3
74 147 3
74 148 2
75 149 1
75 150 1
76 151 10
76 152 9
77 153 7
77 154 10
78 155 6
78 156 8
79 157 4
79 158 9
80 159 4
80 160 5
81 161 10
81 162 10
82 163 6
82 164 8
83 165 4
83 166 6
84 167 4
84 168 2
85 169 7
85 170 10
86 171 6
86 172 7
87 173 8
87 174 9
88 175 6
88 176 7
89 177 8
89 178 1
90 179 4
90 180 7
91 181 2
91 182 1
92 183 5
92 184 3
93 185 8
93 186 9
94 187 3
94 188 9
95 189 1
95 190 10
96 191 1
96 192 2
97 193 8
97 194 10
98 195 6
98 196 3
99 197 7
99 198 4
100 199 5
100 200 5
