# Edges (u,v,w)
1 2 4
2 3 4
2 4 1
3 5 10
3 6 1
4 7 8
4 8 7
5 9 2
5 10 3
6 11 6
6 12 4
7 13 8
7 14 2
8 15 2
8 16 4
9 17 7
9 18 6
10 19 3
10 20 10
11 21 9
11 22 5
12 23 5
12 24 5
13 25 4
13 26 3
14 27 9
14 28 10
15 29 4
15 30 1
16 31 2
16 32 1
17 33 4
17 34 2
18 35 2
18 36 3
19 37 3
19 38 8
20 39 3
20 40 3
21 41 9
21 42 2
22 43 9
22 44 3
23 45 6
23 46 3
24 47 7
24 48 8
25 49 5
25 50 5
26 51 7
26 52 2
27 53 3
27 54 7
28 55 2
28 56 6
29 57 6
29 58 1
30 59 7
30 60 4
31 61 4
31 62 3
32 63 5
32 64 10
33 65 3
33 66 1
34 67 9
34 68 8
35 69 6
35 70 5
36 71 10
36 72 5
37 73 2
37 74 3
38 75 5
38 76 7
39 77 10
39 78 2
40 79 6
40 80 2
41 81 5
41 82 9
42 83 4
42 84 3
43 85 6
43 86 2
44 87 1
44 88 10
45 89 3
45 90 5
46 91 5
46 92 7
47 93 9
47 94 9
48 95 6
48 96 8
49 97 2
49 98 4
50 99 2
50 100 10
51 101 6
51 102 1
52 103 1
52 104 8
53 105 6
53 106 4
54 107 6
54 108 5
55 109 2
55 110 4
56 111 1
56 112 5
57 113 7
57 114 10
58 115 8
58 116 10
59 117 6
59 118 2
60 119 6
60 120 5
61 121 1
61 122 1
62 123 1
62 124 5
63 125 4
63 126 4
64 127 2
64 128 6
65 129 9
65 130 7
66 131 2
66 132 4
67 133 7
67 134 9
68 135 9
68 136 6
69 137 9
69 138 1
70 139 10
70 140 1
71 141 5
71 142 10
72 143 3
72 144 9
73 145 7
73 146 6
74 147 4
74 148 7
75 149 7
75 150 3
76 151 1
76 152 9
77 153 2
77 154 2
78 155 3
78 156 3
79 157 5
79 158 10
80 159 6
80 160 9
81 161 10
81 162 10
82 163 4
82 164 8
83 165 4
83 166 4
84 167 6
84 168 3
85 169 2
85 170 7
86 171 5
86 172 9
87 173 2
87 174 5
88 175 6
88 176 5
89 177 10
89 178 4
90 179 4
90 180 9
91 181 10
91 182 9
92 183 10
92 184 2
93 185 8
93 186 5
94 187 4
94 188 2
95 189 1
95 190 10
96 191 7
96 192 6
97 193 9
97 194 2
98 195 3
98 196 10
99 197 10
99 198 3
100 199 8
100 200 3
