# Edges (u,v,w)
1 2 10
2 3 4
2 4 4
3 5 7
3 6 2
4 7 2
4 8 3
5 9 1
5 10 2
6 11 3
6 12 4
7 13 10
7 14 1
8 15 5
8 16 10
9 17 6
9 18 3
10 19 5
10 20 2
11 21 10
11 22 6
12 23 3
12 24 7
13 25 3
13 26 3
14 27 7
14 28 7
15 29 7
15 30 2
16 31 2
16 32 10
17 33 9
17 34 9
18 35 4
18 36 2
19 37 3
19 38 6
20 39 7
20 40 2
21 41 10
21 42 2
22 43 7
22 44 1
23 45 4
23 46 8
24 47 5
24 48 1
25 49 6
25 50 4
26 51 1
26 52 2
27 53 1
27 54 3
28 55 5
28 56 3
29 57 8
29 58 1
30 59 1
30 60 1
31 61 9
31 62 10
32 63 4
32 64 5
33 65 6
33 66 6
34 67 4
34 68 7
35 69 1
35 70 1
36 71 10
36 72 9
37 73 1
37 74 2
38 75 6
38 76 3
39 77 2
39 78 2
40 79 5
40 80 6
41 81 1
41 82 10
42 83 2
42 84 9
43 85 4
43 86 5
44 87 6
44 88 6
45 89 10
45 90 9
46 91 10
46 92 3
47 93 9
47 94 2
48 95 8
48 96 4
49 97 2
49 98 2
50 99 10
50 100 1
51 101 9
51 102 10
52 103 7
52 104 10
53 105 7
53 106 4
54 107 1
54 108 3
55 109 3
55 110 6
56 111 4
56 112 5
57 113 8
57 114 7
58 115 8
58 116 2
59 117 6
59 118 7
60 119 7
60 120 6
61 121 5
61 122 3
62 123 10
62 124 2
63 125 10
63 126 9
64 127 1
64 128 10
65 129 1
65 130 10
66 131 9
66 132 3
67 133 1
67 134 8
68 135 1
68 136 9
69 137 7
69 138 6
70 139 3
70 140 3
71 141 8
71 142 4
72 143 8
72 144 5
73 145 3
73 146 10
74 147 8
74 148 7
75 149 2
75 150 1
76 151 1
76 152 2
77 153 2
77 154 9
78 155 8
78 156 9
79 157 8
79 158 7
80 159 9
80 160 8
81 161 7
81 162 5
82 163 9
82 164 2
83 165 8
83 166 6
84 167 6
84 168 3
85 169 8
85 170 10
86 171 8
86 172 4
87 173 8
87 174 1
88 175 3
88 176 10
89 177 6
89 178 8
90 179 6
90 180 7
91 181 6
91 182 3
92 183 10
92 184 7
93 185 3
93 186 7
94 187 10
94 188 4
95 189 4
95 190 4
96 191 5
96 192 3
97 193 3
97 194 6
98 195 9
98 196 5
99 197 10
99 198 1
100 199 7
100 200 6
