# Edges (u,v,w)
1 2 9
2 3 6
2 4 10
3 5 3
3 6 3
4 7 6
4 8 4
5 9 5
5 10 5
6 11 9
6 12 7
7 13 6
7 14 2
8 15 10
8 16 9
9 17 9
9 18 8
10 19 7
10 20 6
11 21 1
11 22 3
12 23 6
12 24 2
13 25 7
13 26 5
14 27 7
14 28 8
15 29 9
15 30 10
16 31 7
16 32 8
17 33 4
17 34 10
18 35 2
18 36 9
19 37 2
19 38 9
20 39 8
20 40 8
21 41 4
21 42 7
22 43 9
22 44 9
23 45 3
23 46 9
24 47 6
24 48 6
25 49 8
25 50 7
26 51 6
26 52 8
27 53 10
27 54 4
28 55 4
28 56 6
29 57 2
29 58 10
30 59 3
30 60 2
31 61 10
31 62 3
32 63 6
32 64 3
33 65 10
33 66 9
34 67 7
34 68 5
35 69 5
35 70 6
36 71 10
36 72 3
37 73 9
37 74 8
38 75 9
38 76 10
39 77 4
39 78 5
40 79 9
40 80 3
41 81 4
41 82 6
42 83 3
42 84 3
43 85 6
43 86 5
44 87 10
44 88 1
45 89 5
45 90 7
46 91 5
46 92 5
47 93 7
47 94 9
48 95 5
48 96 7
49 97 1
49 98 10
50 99 8
50 100 7
51 101 9
51 102 5
52 103 5
52 104 3
53 105 7
53 106 8
54 107 2
54 108 3
55 109 1
55 110 9
56 111 7
56 112 2
57 113 9
57 114 5
58 115 10
58 116 5
59 117 5
59 118 2
60 119 6
60 120 9
61 121 1
61 122 7
62 123 8
62 124 1
63 125 3
63 126 10
64 127 1
64 128 9
65 129 1
65 130 8
66 131 8
66 132 5
67 133 10
67 134 8
68 135 10
68 136 9
69 137 9
69 138 10
70 139 6
70 140 3
71 141 7
71 142 5
72 143 8
72 144 2
73 145 3
73 146 9
74 147 4
74 148 7
75 149 9
75 150 4
76 151 9
76 152 5
77 153 10
77 154 4
78 155 3
78 156 10
79 157 4
79 158 6
80 159 4
80 160 6
81 161 3
81 162 4
82 163 10
82 164 8
83 165 2
83 166 3
84 167 7
84 168 1
85 169 5
85 170 2
86 171 8
86 172 9
87 173 5
87 174 3
88 175 6
88 176 6
89 177 8
89 178 5
90 179 9
90 180 5
91 181 10
91 182 6
92 183 3
92 184 4
93 185 1
93 186 10
94 187 2
94 188 1
95 189 10
95 190 4
96 191 6
96 192 4
97 193 3
97 194 10
98 195 3
98 196 4
99 197 9
99 198 2
100 199 9
100 200 7
