# Edges (u,v,w)
1 2 7
2 3 5
2 4 8
3 5 6
3 6 1
4 7 9
4 8 6
5 9 1
5 10 4
6 11 8
6 12 1
7 13 9
7 14 6
8 15 8
8 16 7
9 17 2
9 18 2
10 19 3
10 20 5
11 21 8
11 22 3
12 23 10
12 24 9
13 25 1
13 26 7
14 27 1
14 28 8
15 29 2
15 30 7
16 31 2
16 32 6
17 33 1
17 34 4
18 35 6
18 36 6
19 37 1
19 38 2
20 39 4
20 40 8
21 41 2
21 42 4
22 43 2
22 44 10
23 45 8
23 46 8
24 47 6
24 48 7
25 49 8
25 50 1
26 51 4
26 52 10
27 53 3
27 54 1
28 55 9
28 56 3
29 57 2
29 58 8
30 59 4
30 60 5
31 61 6
31 62 5
32 63 10
32 64 3
33 65 4
33 66 4
34 67 5
34 68 10
35 69 9
35 70 8
36 71 1
36 72 1
37 73 9
37 74 2
38 75 6
38 76 7
39 77 8
39 78 3
40 79 4
40 80 3
41 81 4
41 82 6
42 83 5
42 84 6
43 85 8
43 86 5
44 87 8
44 88 1
45 89 8
45 90 6
46 91 9
46 92 4
47 93 7
47 94 8
48 95 8
48 96 7
49 97 7
49 98 2
50 99 9
50 100 9
