# Edges (u,v,w)
1 2 1
2 3 9
2 4 3
3 5 3
3 6 1
4 7 1
4 8 10
5 9 8
5 10 7
6 11 3
6 12 2
7 13 8
7 14 7
8 15 3
8 16 7
9 17 5
9 18 2
10 19 5
10 20 3
11 21 1
11 22 10
12 23 5
12 24 4
13 25 7
13 26 7
14 27 6
14 28 10
15 29 4
15 30 5
16 31 1
16 32 10
17 33 4
17 34 2
18 35 3
18 36 6
19 37 8
19 38 7
20 39 6
20 40 10
21 41 10
21 42 10
22 43 3
22 44 8
23 45 10
23 46 10
24 47 5
24 48 4
25 49 1
25 50 9
26 51 2
26 52 1
27 53 10
27 54 8
28 55 6
28 56 1
29 57 5
29 58 10
30 59 8
30 60 8
31 61 10
31 62 10
32 63 10
32 64 1
33 65 3
33 66 2
34 67 1
34 68 8
35 69 10
35 70 2
36 71 1
36 72 3
37 73 9
37 74 10
38 75 4
38 76 8
39 77 8
39 78 5
40 79 7
40 80 7
41 81 3
41 82 10
42 83 6
42 84 10
43 85 3
43 86 2
44 87 6
44 88 1
45 89 10
45 90 8
46 91 4
46 92 7
47 93 5
47 94 9
48 95 6
48 96 2
49 97 9
49 98 8
50 99 8
50 100 1
