# Edges (u,v,w)
1 2 10
2 3 3
2 4 7
3 5 6
3 6 3
4 7 3
4 8 5
5 9 6
5 10 6
6 11 5
6 12 7
7 13 3
7 14 1
8 15 4
8 16 2
9 17 6
9 18 1
10 19 10
10 20 1
11 21 7
11 22 6
12 23 5
12 24 4
13 25 2
13 26 4
14 27 6
14 28 3
15 29 8
15 30 2
16 31 4
16 32 4
17 33 1
17 34 1
18 35 3
18 36 6
19 37 3
19 38 5
20 39 7
20 40 1
21 41 3
21 42 3
22 43 7
22 44 8
23 45 8
23 46 7
24 47 1
24 48 8
25 49 10
25 50 9
26 51 4
26 52 5
27 53 6
27 54 8
28 55 2
28 56 10
29 57 8
29 58 8
30 59 4
30 60 5
31 61 9
31 62 7
32 63 10
32 64 6
33 65 4
33 66 1
34 67 1
34 68 2
35 69 9
35 70 10
36 71 10
36 72 10
37 73 2
37 74 6
38 75 1
38 76 2
39 77 7
39 78 10
40 79 9
40 80 5
41 81 5
41 82 1
42 83 2
42 84 10
43 85 9
43 86 5
44 87 9
44 88 10
45 89 1
45 90 9
46 91 9
46 92 5
47 93 6
47 94 3
48 95 1
48 96 3
49 97 3
49 98 9
50 99 7
50 100 9
