# Edges (u,v,w)
1 2 6
2 3 3
2 4 8
3 5 3
3 6 9
4 7 4
4 8 4
5 9 2
5 10 10
6 11 2
6 12 4
7 13 6
7 14 2
8 15 6
8 16 1
9 17 5
9 18 10
10 19 2
10 20 3
11 21 8
11 22 5
12 23 4
12 24 4
13 25 9
13 26 8
14 27 6
14 28 1
15 29 8
15 30 2
16 31 4
16 32 8
17 33 2
17 34 8
18 35 7
18 36 8
19 37 2
19 38 3
20 39 5
20 40 2
21 41 1
21 42 8
22 43 4
22 44 7
23 45 1
23 46 7
24 47 2
24 48 8
25 49 10
25 50 2
26 51 1
26 52 10
27 53 7
27 54 6
28 55 9
28 56 10
29 57 7
29 58 8
30 59 8
30 60 2
31 61 10
31 62 5
32 63 6
32 64 8
33 65 6
33 66 1
34 67 10
34 68 1
35 69 5
35 70 5
36 71 3
36 72 8
37 73 1
37 74 6
38 75 1
38 76 8
39 77 1
39 78 1
40 79 7
40 80 7
41 81 2
41 82 4
42 83 6
42 84 10
43 85 3
43 86 10
44 87 10
44 88 3
45 89 9
45 90 8
46 91 7
46 92 7
47 93 1
47 94 8
48 95 8
48 96 6
49 97 9
49 98 6
50 99 5
50 100 8
