# Edges (u,v,w)
1 2 9
2 3 2
2 4 7
3 5 1
3 6 1
4 7 8
4 8 4
5 9 2
5 10 4
6 11 4
6 12 9
7 13 7
7 14 8
8 15 1
8 16 4
9 17 1
9 18 6
10 19 5
10 20 6
11 21 10
11 22 6
12 23 6
12 24 10
13 25 7
13 26 5
14 27 7
14 28 7
15 29 6
15 30 10
16 31 5
16 32 5
17 33 2
17 34 10
18 35 9
18 36 6
19 37 3
19 38 5
20 39 4
20 40 8
21 41 4
21 42 9
22 43 8
22 44 3
23 45 3
23 46 9
24 47 7
24 48 7
25 49 2
25 50 9
26 51 10
26 52 6
27 53 5
27 54 5
28 55 9
28 56 5
29 57 6
29 58 3
30 59 2
30 60 5
31 61 2
31 62 3
32 63 4
32 64 10
33 65 6
33 66 6
34 67 3
34 68 7
35 69 10
35 70 3
36 71 7
36 72 4
37 73 1
37 74 5
38 75 4
38 76 8
39 77 2
39 78 5
40 79 1
40 80 5
41 81 2
41 82 10
42 83 9
42 84 7
43 85 10
43 86 1
44 87 9
44 88 4
45 89 2
45 90 10
46 91 7
46 92 1
47 93 10
47 94 5
48 95 3
48 96 6
49 97 3
49 98 8
50 99 6
50 100 2
