# Edges (u,v,w)
1 2 1
2 3 1
2 4 1
3 5 0
3 6 0
4 7 1
4 8 0
5 9 0
5 10 1
6 11 1
6 12 1
7 13 1
7 14 1
8 15 0
8 16 1
9 17 0
9 18 0
10 19 1
10 20 0
11 21 1
11 22 0
12 23 0
12 24 0
13 25 1
13 26 0
14 27 1
14 28 1
15 29 1
15 30 0
16 31 0
16 32 1
17 33 1
17 34 1
18 35 1
18 36 1
19 37 0
19 38 0
20 39 0
20 40 1
21 41 0
21 42 1
22 43 0
22 44 0
23 45 1
23 46 0
24 47 0
24 48 1
25 49 0
25 50 1
26 51 1
26 52 0
27 53 0
27 54 0
28 55 1
28 56 0
29 57 0
29 58 0
30 59 1
30 60 0
31 61 0
31 62 0
32 63 0
32 64 0
33 65 1
33 66 1
34 67 0
34 68 0
35 69 0
35 70 1
36 71 0
36 72 0
37 73 1
37 74 1
38 75 0
38 76 1
39 77 1
39 78 1
40 79 1
40 80 1
41 81 0
41 82 1
42 83 1
42 84 1
43 85 0
43 86 0
44 87 0
44 88 1
45 89 0
45 90 1
46 91 0
46 92 1
47 93 1
47 94 0
48 95 1
48 96 1
49 97 0
49 98 0
50 99 1
50 100 1
