# Edges (u,v,w)
1 2 8
2 3 3
2 4 2
3 5 10
3 6 4
4 7 2
4 8 1
5 9 6
5 10 1
6 11 3
6 12 10
7 13 5
7 14 5
8 15 8
8 16 5
9 17 7
9 18 5
10 19 2
10 20 1
11 21 5
11 22 1
12 23 2
12 24 8
13 25 5
13 26 6
14 27 7
14 28 1
15 29 8
15 30 2
16 31 1
16 32 6
17 33 2
17 34 5
18 35 10
18 36 9
19 37 10
19 38 6
20 39 7
20 40 6
21 41 8
21 42 7
22 43 3
22 44 7
23 45 5
23 46 3
24 47 2
24 48 8
25 49 8
25 50 9
26 51 2
26 52 10
27 53 5
27 54 2
28 55 7
28 56 5
29 57 6
29 58 9
30 59 2
30 60 2
31 61 9
31 62 8
32 63 3
32 64 7
33 65 8
33 66 3
34 67 10
34 68 10
35 69 1
35 70 8
36 71 1
36 72 5
37 73 9
37 74 3
38 75 10
38 76 8
39 77 1
39 78 1
40 79 5
40 80 6
41 81 6
41 82 10
42 83 9
42 84 1
43 85 8
43 86 5
44 87 2
44 88 7
45 89 6
45 90 9
46 91 10
46 92 3
47 93 9
47 94 5
48 95 4
48 96 4
49 97 10
49 98 8
50 99 9
50 100 6
