# Edges (u,v,w)
1 2 8
2 3 2
2 4 9
3 5 1
3 6 7
4 7 4
4 8 10
5 9 1
5 10 5
6 11 6
6 12 3
7 13 2
7 14 5
8 15 8
8 16 1
9 17 4
9 18 2
10 19 10
10 20 7
11 21 7
11 22 9
12 23 1
12 24 5
13 25 6
13 26 5
14 27 2
14 28 1
15 29 10
15 30 7
16 31 1
16 32 4
17 33 3
17 34 7
18 35 1
18 36 4
19 37 9
19 38 1
20 39 2
20 40 5
21 41 4
21 42 10
22 43 5
22 44 5
23 45 3
23 46 3
24 47 6
24 48 7
25 49 8
25 50 8
26 51 7
26 52 8
27 53 10
27 54 3
28 55 3
28 56 2
29 57 7
29 58 9
30 59 9
30 60 9
31 61 2
31 62 6
32 63 3
32 64 8
33 65 10
33 66 4
34 67 5
34 68 4
35 69 3
35 70 7
36 71 9
36 72 6
37 73 4
37 74 7
38 75 8
38 76 6
39 77 10
39 78 4
40 79 6
40 80 4
41 81 1
41 82 3
42 83 1
42 84 7
43 85 3
43 86 1
44 87 5
44 88 7
45 89 8
45 90 9
46 91 4
46 92 7
47 93 1
47 94 10
48 95 4
48 96 2
49 97 4
49 98 1
50 99 9
50 100 6
