# Edges (u,v,w)
1 2 10
2 3 2
2 4 3
3 5 9
3 6 8
4 7 6
4 8 3
5 9 1
5 10 4
6 11 3
6 12 10
7 13 9
7 14 2
8 15 4
8 16 5
9 17 6
9 18 4
10 19 5
10 20 9
11 21 5
11 22 8
12 23 7
12 24 8
13 25 3
13 26 2
14 27 6
14 28 5
15 29 6
15 30 10
16 31 1
16 32 3
17 33 2
17 34 4
18 35 4
18 36 7
19 37 1
19 38 5
20 39 8
20 40 5
21 41 9
21 42 3
22 43 9
22 44 8
23 45 6
23 46 4
24 47 1
24 48 6
25 49 7
25 50 4
26 51 6
26 52 2
27 53 6
27 54 8
28 55 1
28 56 2
29 57 5
29 58 7
30 59 1
30 60 9
31 61 7
31 62 6
32 63 9
32 64 9
33 65 9
33 66 7
34 67 5
34 68 1
35 69 2
35 70 6
36 71 6
36 72 9
37 73 2
37 74 1
38 75 8
38 76 7
39 77 10
39 78 10
40 79 10
40 80 5
41 81 7
41 82 8
42 83 3
42 84 6
43 85 8
43 86 7
44 87 6
44 88 2
45 89 8
45 90 10
46 91 1
46 92 7
47 93 1
47 94 10
48 95 2
48 96 6
49 97 3
49 98 3
50 99 4
50 100 7
