# Edges (u,v,w)
1 2 1
2 3 0
2 4 1
3 5 1
3 6 0
4 7 1
4 8 1
5 9 1
5 10 1
6 11 1
6 12 1
7 13 0
7 14 1
8 15 0
8 16 1
9 17 0
9 18 1
10 19 1
10 20 0
11 21 1
11 22 0
12 23 1
12 24 1
13 25 1
13 26 1
14 27 0
14 28 1
15 29 1
15 30 1
16 31 1
16 32 1
17 33 1
17 34 1
18 35 1
18 36 1
19 37 1
19 38 0
20 39 1
20 40 0
21 41 1
21 42 1
22 43 0
22 44 0
23 45 0
23 46 0
24 47 1
24 48 0
25 49 0
25 50 0
26 51 0
26 52 0
27 53 1
27 54 0
28 55 0
28 56 1
29 57 0
29 58 1
30 59 1
30 60 1
31 61 1
31 62 0
32 63 1
32 64 1
33 65 1
33 66 1
34 67 1
34 68 0
35 69 1
35 70 0
36 71 0
36 72 1
37 73 1
37 74 0
38 75 0
38 76 0
39 77 0
39 78 0
40 79 1
40 80 0
41 81 0
41 82 1
42 83 1
42 84 0
43 85 0
43 86 0
44 87 0
44 88 0
45 89 0
45 90 0
46 91 0
46 92 0
47 93 0
47 94 0
48 95 0
48 96 0
49 97 1
49 98 1
50 99 1
50 100 1
