# Edges (u,v,w)
1 2 6
2 3 4
2 4 1
3 5 5
3 6 6
4 7 6
4 8 5
5 9 1
5 10 10
6 11 4
6 12 7
7 13 2
7 14 7
8 15 5
8 16 7
9 17 3
9 18 7
10 19 10
10 20 1
11 21 9
11 22 9
12 23 10
12 24 1
13 25 2
13 26 2
14 27 3
14 28 7
15 29 5
15 30 7
16 31 7
16 32 7
17 33 5
17 34 7
18 35 1
18 36 7
19 37 3
19 38 3
20 39 5
20 40 7
21 41 4
21 42 2
22 43 9
22 44 8
23 45 4
23 46 5
24 47 4
24 48 6
25 49 6
25 50 9
26 51 5
26 52 9
27 53 8
27 54 9
28 55 2
28 56 7
29 57 5
29 58 8
30 59 4
30 60 2
31 61 7
31 62 9
32 63 9
32 64 6
33 65 9
33 66 2
34 67 4
34 68 2
35 69 6
35 70 7
36 71 6
36 72 8
37 73 4
37 74 6
38 75 2
38 76 1
39 77 10
39 78 9
40 79 9
40 80 7
41 81 8
41 82 1
42 83 7
42 84 4
43 85 7
43 86 10
44 87 8
44 88 2
45 89 9
45 90 6
46 91 5
46 92 2
47 93 1
47 94 5
48 95 9
48 96 9
49 97 8
49 98 2
50 99 1
50 100 9
