# Edges (u,v,w)
1 2 5
2 3 7
2 4 6
3 5 2
3 6 5
4 7 8
4 8 8
5 9 10
5 10 10
6 11 9
6 12 1
7 13 8
7 14 9
8 15 4
8 16 3
9 17 5
9 18 7
10 19 7
10 20 5
11 21 1
11 22 9
12 23 7
12 24 8
13 25 7
13 26 3
14 27 7
14 28 8
15 29 10
15 30 10
16 31 8
16 32 4
17 33 7
17 34 4
18 35 9
18 36 6
19 37 1
19 38 9
20 39 1
20 40 10
21 41 3
21 42 4
22 43 6
22 44 1
23 45 7
23 46 4
24 47 1
24 48 3
25 49 8
25 50 2
26 51 9
26 52 3
27 53 7
27 54 7
28 55 5
28 56 10
29 57 3
29 58 6
30 59 9
30 60 1
31 61 7
31 62 10
32 63 2
32 64 4
33 65 1
33 66 8
34 67 7
34 68 1
35 69 9
35 70 5
36 71 2
36 72 7
37 73 2
37 74 1
38 75 4
38 76 3
39 77 6
39 78 8
40 79 8
40 80 6
41 81 5
41 82 3
42 83 6
42 84 7
43 85 1
43 86 6
44 87 4
44 88 3
45 89 5
45 90 8
46 91 9
46 92 9
47 93 3
47 94 5
48 95 5
48 96 6
49 97 1
49 98 8
50 99 5
50 100 10
