# Edges (u,v,w)
1 2 1
2 3 2
2 4 1
3 5 3
3 6 10
4 7 9
4 8 2
5 9 2
5 10 2
6 11 9
6 12 8
7 13 8
7 14 4
8 15 2
8 16 6
9 17 7
9 18 3
10 19 3
10 20 6
11 21 2
11 22 1
12 23 10
12 24 2
13 25 4
13 26 5
14 27 3
14 28 7
15 29 10
15 30 6
16 31 4
16 32 4
17 33 8
17 34 4
18 35 5
18 36 5
19 37 7
19 38 10
20 39 6
20 40 4
21 41 5
21 42 7
22 43 1
22 44 9
23 45 8
23 46 9
24 47 10
24 48 1
25 49 7
25 50 6
26 51 3
26 52 1
27 53 9
27 54 6
28 55 3
28 56 5
29 57 2
29 58 2
30 59 10
30 60 4
31 61 2
31 62 6
32 63 7
32 64 6
33 65 4
33 66 9
34 67 3
34 68 1
35 69 5
35 70 4
36 71 9
36 72 8
37 73 8
37 74 9
38 75 4
38 76 7
39 77 1
39 78 8
40 79 6
40 80 8
41 81 8
41 82 9
42 83 8
42 84 6
43 85 7
43 86 5
44 87 4
44 88 5
45 89 1
45 90 8
46 91 5
46 92 3
47 93 8
47 94 9
48 95 5
48 96 4
49 97 4
49 98 4
50 99 8
50 100 4
