# Edges (u,v,w)
1 2 6
2 3 2
2 4 8
3 5 4
3 6 2
4 7 4
4 8 6
5 9 6
5 10 8
6 11 4
6 12 10
7 13 3
7 14 9
8 15 4
8 16 10
9 17 6
9 18 4
10 19 1
10 20 6
11 21 7
11 22 3
12 23 5
12 24 2
13 25 8
13 26 6
14 27 2
14 28 2
15 29 2
15 30 6
16 31 5
16 32 8
17 33 4
17 34 3
18 35 10
18 36 7
19 37 10
19 38 6
20 39 9
20 40 6
21 41 5
21 42 7
22 43 8
22 44 9
23 45 8
23 46 3
24 47 10
24 48 4
25 49 1
25 50 7
26 51 3
26 52 6
27 53 4
27 54 8
28 55 3
28 56 2
29 57 7
29 58 7
30 59 1
30 60 10
31 61 7
31 62 7
32 63 10
32 64 4
33 65 10
33 66 6
34 67 8
34 68 2
35 69 4
35 70 10
36 71 6
36 72 10
37 73 7
37 74 8
38 75 4
38 76 3
39 77 6
39 78 3
40 79 8
40 80 8
41 81 3
41 82 2
42 83 1
42 84 2
43 85 10
43 86 2
44 87 6
44 88 6
45 89 9
45 90 8
46 91 3
46 92 3
47 93 4
47 94 7
48 95 6
48 96 1
49 97 6
49 98 4
50 99 6
50 100 9
