# Edges (u,v,w)
1 2 8
2 3 8
2 4 7
3 5 8
3 6 6
4 7 5
4 8 9
5 9 8
5 10 5
6 11 2
6 12 9
7 13 3
7 14 2
8 15 2
8 16 7
9 17 2
9 18 2
10 19 8
10 20 4
11 21 5
11 22 9
12 23 6
12 24 4
13 25 2
13 26 10
14 27 7
14 28 5
15 29 10
15 30 7
16 31 7
16 32 3
17 33 9
17 34 5
18 35 1
18 36 4
19 37 2
19 38 10
20 39 8
20 40 6
21 41 10
21 42 2
22 43 7
22 44 7
23 45 4
23 46 4
24 47 3
24 48 1
25 49 8
25 50 2
26 51 10
26 52 4
27 53 7
27 54 1
28 55 2
28 56 2
29 57 3
29 58 7
30 59 7
30 60 5
31 61 2
31 62 9
32 63 2
32 64 3
33 65 10
33 66 10
34 67 10
34 68 2
35 69 10
35 70 1
36 71 9
36 72 5
37 73 3
37 74 5
38 75 8
38 76 3
39 77 10
39 78 9
40 79 8
40 80 1
41 81 1
41 82 3
42 83 8
42 84 2
43 85 5
43 86 1
44 87 7
44 88 3
45 89 6
45 90 7
46 91 3
46 92 2
47 93 1
47 94 5
48 95 3
48 96 5
49 97 7
49 98 4
50 99 10
50 100 9
