# Edges (u,v,w)
1 2 2
2 3 1
2 4 9
3 5 1
3 6 8
4 7 10
4 8 3
5 9 4
5 10 7
6 11 7
6 12 4
7 13 7
7 14 3
8 15 6
8 16 1
9 17 9
9 18 8
10 19 6
10 20 1
11 21 8
11 22 3
12 23 3
12 24 5
13 25 1
13 26 2
14 27 6
14 28 5
15 29 3
15 30 3
16 31 2
16 32 7
17 33 4
17 34 7
18 35 9
18 36 3
19 37 7
19 38 7
20 39 8
20 40 4
21 41 9
21 42 2
22 43 10
22 44 5
23 45 5
23 46 9
24 47 3
24 48 7
25 49 2
25 50 10
26 51 2
26 52 9
27 53 5
27 54 3
28 55 6
28 56 7
29 57 4
29 58 5
30 59 8
30 60 10
31 61 2
31 62 6
32 63 1
32 64 5
33 65 3
33 66 9
34 67 4
34 68 9
35 69 3
35 70 3
36 71 3
36 72 2
37 73 2
37 74 4
38 75 8
38 76 3
39 77 6
39 78 10
40 79 6
40 80 10
41 81 2
41 82 2
42 83 6
42 84 9
43 85 10
43 86 2
44 87 9
44 88 5
45 89 5
45 90 10
46 91 7
46 92 1
47 93 1
47 94 10
48 95 10
48 96 8
49 97 10
49 98 10
50 99 10
50 100 1
