# Edges (u,v,w)
1 2 5
2 3 8
2 4 2
3 5 6
3 6 1
4 7 6
4 8 9
5 9 2
5 10 9
6 11 2
6 12 6
7 13 2
7 14 9
8 15 3
8 16 10
9 17 9
9 18 4
10 19 10
10 20 10
11 21 7
11 22 9
12 23 1
12 24 3
13 25 9
13 26 5
14 27 9
14 28 2
15 29 2
15 30 5
16 31 9
16 32 3
17 33 4
17 34 6
18 35 3
18 36 9
19 37 5
19 38 3
20 39 9
20 40 9
21 41 8
21 42 1
22 43 8
22 44 9
23 45 7
23 46 8
24 47 2
24 48 9
25 49 7
25 50 3
26 51 2
26 52 9
27 53 2
27 54 10
28 55 8
28 56 5
29 57 5
29 58 2
30 59 9
30 60 4
31 61 3
31 62 5
32 63 6
32 64 10
33 65 7
33 66 5
34 67 5
34 68 6
35 69 8
35 70 6
36 71 9
36 72 10
37 73 5
37 74 7
38 75 1
38 76 8
39 77 10
39 78 3
40 79 3
40 80 5
41 81 4
41 82 9
42 83 2
42 84 9
43 85 1
43 86 2
44 87 6
44 88 4
45 89 2
45 90 9
46 91 3
46 92 9
47 93 6
47 94 5
48 95 4
48 96 4
49 97 3
49 98 2
50 99 3
50 100 10
