# Edges (u,v,w)
1 2 4
2 3 4
2 4 7
3 5 7
3 6 7
4 7 3
4 8 2
5 9 10
5 10 9
6 11 5
6 12 3
7 13 4
7 14 9
8 15 7
8 16 2
9 17 6
9 18 9
10 19 6
10 20 10
11 21 8
11 22 5
12 23 9
12 24 3
13 25 5
13 26 9
14 27 1
14 28 9
15 29 3
15 30 3
16 31 10
16 32 1
17 33 10
17 34 2
18 35 2
18 36 10
19 37 6
19 38 5
20 39 10
20 40 5
21 41 6
21 42 8
22 43 5
22 44 1
23 45 2
23 46 7
24 47 1
24 48 9
25 49 2
25 50 1
26 51 9
26 52 4
27 53 4
27 54 2
28 55 8
28 56 5
29 57 7
29 58 10
30 59 10
30 60 3
31 61 9
31 62 7
32 63 2
32 64 2
33 65 4
33 66 3
34 67 3
34 68 1
35 69 6
35 70 8
36 71 7
36 72 4
37 73 1
37 74 4
38 75 10
38 76 1
39 77 9
39 78 5
40 79 10
40 80 1
41 81 2
41 82 7
42 83 8
42 84 5
43 85 2
43 86 7
44 87 6
44 88 10
45 89 2
45 90 6
46 91 10
46 92 4
47 93 2
47 94 10
48 95 8
48 96 4
49 97 10
49 98 6
50 99 2
50 100 10
