# Edges (u,v,w)
1 2 1
2 3 1
2 4 1
3 5 1
3 6 0
4 7 0
4 8 0
5 9 1
5 10 1
6 11 0
6 12 0
7 13 0
7 14 0
8 15 0
8 16 1
9 17 1
9 18 1
10 19 0
10 20 1
11 21 0
11 22 0
12 23 0
12 24 1
13 25 0
13 26 1
14 27 0
14 28 1
15 29 0
15 30 0
16 31 1
16 32 1
17 33 1
17 34 1
18 35 0
18 36 1
19 37 0
19 38 0
20 39 0
20 40 1
21 41 1
21 42 0
22 43 0
22 44 0
23 45 0
23 46 0
24 47 0
24 48 1
25 49 0
25 50 0
26 51 1
26 52 0
27 53 1
27 54 1
28 55 0
28 56 1
29 57 0
29 58 1
30 59 1
30 60 1
31 61 0
31 62 0
32 63 0
32 64 0
33 65 1
33 66 0
34 67 0
34 68 0
35 69 0
35 70 0
36 71 1
36 72 0
37 73 0
37 74 1
38 75 1
38 76 0
39 77 1
39 78 1
40 79 0
40 80 1
41 81 0
41 82 0
42 83 0
42 84 0
43 85 1
43 86 0
44 87 0
44 88 1
45 89 1
45 90 0
46 91 0
46 92 0
47 93 0
47 94 0
48 95 0
48 96 0
49 97 0
49 98 1
50 99 1
50 100 1
