# Edges (u,v,w)
1 2 5
2 3 8
2 4 5
3 5 9
3 6 2
4 7 3
4 8 10
5 9 5
5 10 6
6 11 4
6 12 8
7 13 7
7 14 7
8 15 7
8 16 6
9 17 5
9 18 9
10 19 2
10 20 3
11 21 8
11 22 10
12 23 9
12 24 1
13 25 8
13 26 8
14 27 6
14 28 6
15 29 1
15 30 4
16 31 9
16 32 3
17 33 1
17 34 3
18 35 8
18 36 6
19 37 10
19 38 3
20 39 5
20 40 9
21 41 6
21 42 3
22 43 9
22 44 4
23 45 10
23 46 2
24 47 7
24 48 3
25 49 7
25 50 1
26 51 10
26 52 5
27 53 9
27 54 7
28 55 8
28 56 3
29 57 4
29 58 7
30 59 8
30 60 1
31 61 10
31 62 2
32 63 4
32 64 6
33 65 9
33 66 9
34 67 2
34 68 10
35 69 4
35 70 5
36 71 2
36 72 7
37 73 9
37 74 8
38 75 2
38 76 9
39 77 6
39 78 7
40 79 7
40 80 10
41 81 1
41 82 7
42 83 3
42 84 6
43 85 6
43 86 7
44 87 6
44 88 7
45 89 5
45 90 1
46 91 8
46 92 10
47 93 1
47 94 6
48 95 8
48 96 6
49 97 2
49 98 7
50 99 8
50 100 1
