# Edges (u,v,w)
1 2 10
2 3 2
2 4 10
3 5 4
3 6 3
4 7 8
4 8 3
5 9 9
5 10 4
6 11 4
6 12 4
7 13 9
7 14 10
8 15 4
8 16 6
9 17 2
9 18 1
10 19 10
10 20 1
11 21 2
11 22 6
12 23 9
12 24 9
13 25 2
13 26 5
14 27 4
14 28 10
15 29 9
15 30 4
16 31 7
16 32 6
17 33 9
17 34 2
18 35 3
18 36 5
19 37 5
19 38 8
20 39 2
20 40 5
21 41 6
21 42 10
22 43 1
22 44 1
23 45 4
23 46 9
24 47 10
24 48 2
25 49 6
25 50 8
26 51 3
26 52 1
27 53 8
27 54 8
28 55 8
28 56 5
29 57 1
29 58 4
30 59 5
30 60 8
31 61 6
31 62 8
32 63 7
32 64 4
33 65 6
33 66 6
34 67 10
34 68 4
35 69 5
35 70 10
36 71 3
36 72 8
37 73 6
37 74 9
38 75 1
38 76 5
39 77 4
39 78 4
40 79 1
40 80 5
41 81 6
41 82 6
42 83 5
42 84 6
43 85 10
43 86 3
44 87 3
44 88 9
45 89 4
45 90 4
46 91 5
46 92 10
47 93 8
47 94 9
48 95 2
48 96 6
49 97 4
49 98 8
50 99 1
50 100 5
