# Edges (u,v,w)
1 2 4
2 3 9
2 4 7
3 5 2
3 6 6
4 7 3
4 8 7
5 9 9
5 10 7
6 11 4
6 12 10
7 13 4
7 14 1
8 15 4
8 16 10
9 17 5
9 18 7
10 19 3
10 20 1
11 21 8
11 22 3
12 23 9
12 24 9
13 25 3
13 26 4
14 27 8
14 28 10
15 29 6
15 30 10
16 31 6
16 32 9
17 33 6
17 34 1
18 35 2
18 36 4
19 37 10
19 38 1
20 39 3
20 40 8
21 41 5
21 42 6
22 43 3
22 44 4
23 45 3
23 46 10
24 47 5
24 48 5
25 49 4
25 50 1
26 51 10
26 52 4
27 53 2
27 54 2
28 55 4
28 56 6
29 57 3
29 58 9
30 59 2
30 60 6
31 61 2
31 62 5
32 63 6
32 64 6
33 65 7
33 66 3
34 67 5
34 68 6
35 69 10
35 70 7
36 71 7
36 72 4
37 73 6
37 74 1
38 75 4
38 76 9
39 77 2
39 78 4
40 79 1
40 80 9
41 81 1
41 82 4
42 83 6
42 84 9
43 85 9
43 86 3
44 87 3
44 88 6
45 89 8
45 90 3
46 91 7
46 92 7
47 93 8
47 94 8
48 95 5
48 96 3
49 97 5
49 98 6
50 99 5
50 100 10
