# Edges (u,v,w)
1 2 7
2 3 10
2 4 6
3 5 5
3 6 10
4 7 3
4 8 5
5 9 6
5 10 8
6 11 7
6 12 8
7 13 5
7 14 3
8 15 4
8 16 1
9 17 10
9 18 6
10 19 8
10 20 5
11 21 10
11 22 8
12 23 6
12 24 6
13 25 2
13 26 1
14 27 7
14 28 10
15 29 8
15 30 2
16 31 8
16 32 8
17 33 6
17 34 1
18 35 6
18 36 2
19 37 6
19 38 3
20 39 7
20 40 2
21 41 5
21 42 8
22 43 5
22 44 9
23 45 7
23 46 3
24 47 1
24 48 10
25 49 8
25 50 2
26 51 7
26 52 6
27 53 5
27 54 6
28 55 1
28 56 10
29 57 10
29 58 3
30 59 1
30 60 1
31 61 10
31 62 7
32 63 1
32 64 8
33 65 3
33 66 5
34 67 10
34 68 9
35 69 8
35 70 5
36 71 10
36 72 3
37 73 5
37 74 3
38 75 10
38 76 6
39 77 9
39 78 3
40 79 4
40 80 10
41 81 9
41 82 7
42 83 6
42 84 3
43 85 6
43 86 6
44 87 5
44 88 6
45 89 6
45 90 4
46 91 4
46 92 4
47 93 1
47 94 4
48 95 6
48 96 1
49 97 5
49 98 9
50 99 2
50 100 6
