# Edges (u,v,w)
1 2 1
2 3 1
2 4 0
3 5 0
3 6 1
4 7 0
4 8 1
5 9 0
5 10 0
6 11 1
6 12 1
7 13 1
7 14 0
8 15 0
8 16 1
9 17 0
9 18 1
10 19 1
10 20 0
11 21 1
11 22 0
12 23 1
12 24 1
13 25 0
13 26 0
14 27 0
14 28 1
15 29 1
15 30 0
16 31 1
16 32 0
17 33 1
17 34 1
18 35 0
18 36 0
19 37 1
19 38 0
20 39 1
20 40 1
21 41 1
21 42 0
22 43 0
22 44 1
23 45 1
23 46 1
24 47 0
24 48 0
25 49 0
25 50 1
26 51 0
26 52 0
27 53 0
27 54 1
28 55 1
28 56 0
29 57 1
29 58 1
30 59 1
30 60 0
31 61 0
31 62 0
32 63 0
32 64 1
33 65 1
33 66 0
34 67 0
34 68 0
35 69 1
35 70 0
36 71 1
36 72 1
37 73 1
37 74 1
38 75 1
38 76 1
39 77 0
39 78 1
40 79 0
40 80 0
41 81 1
41 82 0
42 83 1
42 84 1
43 85 1
43 86 1
44 87 0
44 88 0
45 89 1
45 90 1
46 91 1
46 92 0
47 93 0
47 94 1
48 95 1
48 96 1
49 97 0
49 98 0
50 99 0
50 100 0
