# Edges (u,v,w)
1 2 0
2 3 0
2 4 1
3 5 0
3 6 1
4 7 0
4 8 0
5 9 1
5 10 0
6 11 1
6 12 0
7 13 0
7 14 0
8 15 0
8 16 1
9 17 0
9 18 0
10 19 1
10 20 1
11 21 1
11 22 0
12 23 0
12 24 1
13 25 0
13 26 1
14 27 0
14 28 0
15 29 0
15 30 0
16 31 1
16 32 0
17 33 0
17 34 0
18 35 1
18 36 0
19 37 0
19 38 0
20 39 1
20 40 1
21 41 0
21 42 0
22 43 1
22 44 1
23 45 1
23 46 0
24 47 1
24 48 0
25 49 1
25 50 1
26 51 0
26 52 0
27 53 1
27 54 0
28 55 1
28 56 0
29 57 1
29 58 0
30 59 1
30 60 0
31 61 0
31 62 0
32 63 1
32 64 0
33 65 0
33 66 1
34 67 1
34 68 1
35 69 0
35 70 1
36 71 0
36 72 0
37 73 0
37 74 0
38 75 0
38 76 0
39 77 0
39 78 0
40 79 1
40 80 1
41 81 0
41 82 1
42 83 1
42 84 0
43 85 0
43 86 0
44 87 0
44 88 0
45 89 1
45 90 1
46 91 1
46 92 1
47 93 1
47 94 0
48 95 0
48 96 1
49 97 1
49 98 0
50 99 0
50 100 1
