# Edges (u,v,w)
1 2 8
2 3 8
2 4 3
3 5 8
3 6 5
4 7 4
4 8 5
5 9 4
5 10 10
6 11 7
6 12 8
7 13 4
7 14 2
8 15 9
8 16 7
9 17 6
9 18 4
10 19 4
10 20 10
11 21 4
11 22 7
12 23 5
12 24 10
13 25 9
13 26 10
14 27 6
14 28 2
15 29 4
15 30 10
16 31 3
16 32 5
17 33 8
17 34 2
18 35 5
18 36 9
19 37 9
19 38 3
20 39 9
20 40 5
21 41 8
21 42 6
22 43 9
22 44 8
23 45 7
23 46 8
24 47 5
24 48 10
25 49 3
25 50 2
26 51 1
26 52 4
27 53 9
27 54 9
28 55 1
28 56 3
29 57 7
29 58 9
30 59 2
30 60 10
31 61 1
31 62 7
32 63 10
32 64 4
33 65 6
33 66 9
34 67 9
34 68 7
35 69 9
35 70 7
36 71 2
36 72 3
37 73 10
37 74 5
38 75 7
38 76 2
39 77 1
39 78 7
40 79 6
40 80 10
41 81 7
41 82 9
42 83 6
42 84 10
43 85 3
43 86 8
44 87 6
44 88 4
45 89 6
45 90 1
46 91 5
46 92 4
47 93 1
47 94 4
48 95 1
48 96 8
49 97 1
49 98 6
50 99 5
50 100 1
