# Edges (u,v,w)
1 2 7
2 3 6
2 4 10
3 5 4
3 6 4
4 7 1
4 8 5
5 9 2
5 10 8
6 11 1
6 12 2
7 13 6
7 14 6
8 15 1
8 16 2
9 17 3
9 18 8
10 19 5
10 20 5
11 21 5
11 22 6
12 23 4
12 24 7
13 25 2
13 26 1
14 27 8
14 28 2
15 29 10
15 30 9
16 31 3
16 32 7
17 33 10
17 34 5
18 35 10
18 36 5
19 37 3
19 38 9
20 39 6
20 40 10
21 41 1
21 42 9
22 43 10
22 44 6
23 45 2
23 46 10
24 47 6
24 48 9
25 49 9
25 50 8
26 51 8
26 52 8
27 53 3
27 54 10
28 55 4
28 56 3
29 57 4
29 58 6
30 59 7
30 60 3
31 61 9
31 62 10
32 63 1
32 64 2
33 65 3
33 66 2
34 67 5
34 68 10
35 69 6
35 70 9
36 71 10
36 72 8
37 73 5
37 74 2
38 75 10
38 76 1
39 77 9
39 78 8
40 79 9
40 80 4
41 81 3
41 82 3
42 83 4
42 84 4
43 85 4
43 86 4
44 87 1
44 88 6
45 89 5
45 90 8
46 91 1
46 92 3
47 93 6
47 94 9
48 95 7
48 96 10
49 97 6
49 98 7
50 99 5
50 100 2
