# Edges (u,v,w)
1 2 10
2 3 8
2 4 3
3 5 10
3 6 6
4 7 9
4 8 2
5 9 8
5 10 10
6 11 6
6 12 7
7 13 1
7 14 10
8 15 3
8 16 7
9 17 9
9 18 7
10 19 3
10 20 9
11 21 8
11 22 3
12 23 3
12 24 9
13 25 5
13 26 6
14 27 10
14 28 9
15 29 5
15 30 1
16 31 3
16 32 5
17 33 6
17 34 8
18 35 1
18 36 6
19 37 5
19 38 7
20 39 4
20 40 10
21 41 7
21 42 1
22 43 8
22 44 10
23 45 1
23 46 8
24 47 2
24 48 8
25 49 10
25 50 4
26 51 10
26 52 5
27 53 4
27 54 7
28 55 2
28 56 8
29 57 10
29 58 2
30 59 6
30 60 10
31 61 2
31 62 2
32 63 7
32 64 2
33 65 9
33 66 8
34 67 8
34 68 1
35 69 1
35 70 9
36 71 9
36 72 10
37 73 10
37 74 9
38 75 5
38 76 8
39 77 7
39 78 6
40 79 2
40 80 9
41 81 4
41 82 4
42 83 2
42 84 2
43 85 9
43 86 7
44 87 8
44 88 6
45 89 10
45 90 10
46 91 1
46 92 6
47 93 1
47 94 8
48 95 4
48 96 9
49 97 9
49 98 10
50 99 4
50 100 1
