# Edges (u,v,w)
1 2 1
2 3 1
2 4 1
3 5 10
3 6 6
4 7 3
4 8 9
5 9 4
5 10 6
6 11 8
6 12 9
7 13 2
7 14 3
8 15 5
8 16 8
9 17 4
9 18 4
10 19 3
10 20 3
11 21 3
11 22 2
12 23 5
12 24 6
13 25 7
13 26 10
14 27 8
14 28 8
15 29 5
15 30 7
16 31 3
16 32 9
17 33 5
17 34 10
18 35 2
18 36 2
19 37 3
19 38 6
20 39 4
20 40 3
21 41 4
21 42 2
22 43 2
22 44 8
23 45 2
23 46 4
24 47 10
24 48 1
25 49 6
25 50 2
26 51 2
26 52 5
27 53 3
27 54 10
28 55 3
28 56 4
29 57 2
29 58 6
30 59 8
30 60 3
31 61 3
31 62 5
32 63 6
32 64 4
33 65 1
33 66 2
34 67 6
34 68 6
35 69 2
35 70 2
36 71 7
36 72 8
37 73 8
37 74 1
38 75 8
38 76 10
39 77 6
39 78 3
40 79 8
40 80 4
41 81 8
41 82 8
42 83 1
42 84 5
43 85 5
43 86 4
44 87 4
44 88 4
45 89 2
45 90 7
46 91 3
46 92 6
47 93 9
47 94 2
48 95 10
48 96 3
49 97 4
49 98 1
50 99 2
50 100 9
