# Edges (u,v,w)
1 2 10
2 3 1
2 4 4
3 5 8
3 6 8
4 7 9
4 8 8
5 9 3
5 10 7
6 11 1
6 12 6
7 13 3
7 14 10
8 15 10
8 16 9
9 17 6
9 18 2
10 19 8
10 20 8
11 21 1
11 22 1
12 23 10
12 24 10
13 25 4
13 26 9
14 27 7
14 28 6
15 29 8
15 30 4
16 31 9
16 32 2
17 33 2
17 34 9
18 35 2
18 36 9
19 37 3
19 38 3
20 39 4
20 40 9
21 41 7
21 42 4
22 43 8
22 44 5
23 45 7
23 46 8
24 47 9
24 48 4
25 49 4
25 50 1
26 51 3
26 52 6
27 53 6
27 54 6
28 55 2
28 56 3
29 57 8
29 58 6
30 59 4
30 60 7
31 61 4
31 62 6
32 63 10
32 64 1
33 65 5
33 66 5
34 67 8
34 68 5
35 69 3
35 70 7
36 71 8
36 72 3
37 73 10
37 74 4
38 75 2
38 76 6
39 77 3
39 78 2
40 79 10
40 80 6
41 81 8
41 82 5
42 83 2
42 84 10
43 85 6
43 86 2
44 87 7
44 88 8
45 89 4
45 90 1
46 91 1
46 92 10
47 93 5
47 94 5
48 95 8
48 96 3
49 97 3
49 98 2
50 99 6
50 100 4
