# Edges (u,v,w)
1 2 0
2 3 0
2 4 0
3 5 0
3 6 0
4 7 1
4 8 1
5 9 0
5 10 1
6 11 1
6 12 0
7 13 0
7 14 1
8 15 0
8 16 1
9 17 0
9 18 1
10 19 0
10 20 1
11 21 0
11 22 0
12 23 0
12 24 0
13 25 1
13 26 0
14 27 0
14 28 0
15 29 0
15 30 1
16 31 1
16 32 0
17 33 0
17 34 0
18 35 1
18 36 0
19 37 1
19 38 1
20 39 0
20 40 1
21 41 0
21 42 0
22 43 0
22 44 1
23 45 1
23 46 0
24 47 1
24 48 0
25 49 0
25 50 0
26 51 0
26 52 1
27 53 0
27 54 1
28 55 1
28 56 0
29 57 0
29 58 1
30 59 1
30 60 0
31 61 0
31 62 0
32 63 1
32 64 1
33 65 1
33 66 0
34 67 1
34 68 1
35 69 0
35 70 1
36 71 1
36 72 1
37 73 1
37 74 0
38 75 0
38 76 1
39 77 1
39 78 1
40 79 0
40 80 1
41 81 0
41 82 1
42 83 0
42 84 0
43 85 0
43 86 0
44 87 1
44 88 1
45 89 1
45 90 1
46 91 1
46 92 1
47 93 0
47 94 1
48 95 1
48 96 0
49 97 0
49 98 0
50 99 1
50 100 0
