# Edges (u,v,w)
1 2 5
2 3 9
2 4 2
3 5 1
3 6 7
4 7 7
4 8 7
5 9 8
5 10 8
6 11 10
6 12 6
7 13 8
7 14 3
8 15 1
8 16 3
9 17 8
9 18 2
10 19 7
10 20 6
11 21 8
11 22 9
12 23 5
12 24 1
13 25 4
13 26 7
14 27 2
14 28 10
15 29 2
15 30 4
16 31 1
16 32 3
17 33 7
17 34 8
18 35 9
18 36 3
19 37 9
19 38 8
20 39 5
20 40 10
21 41 7
21 42 8
22 43 6
22 44 5
23 45 1
23 46 8
24 47 1
24 48 9
25 49 9
25 50 3
26 51 6
26 52 4
27 53 7
27 54 10
28 55 4
28 56 2
29 57 1
29 58 7
30 59 4
30 60 8
31 61 9
31 62 8
32 63 10
32 64 9
33 65 4
33 66 1
34 67 9
34 68 3
35 69 1
35 70 9
36 71 2
36 72 9
37 73 9
37 74 7
38 75 1
38 76 10
39 77 1
39 78 4
40 79 2
40 80 2
41 81 7
41 82 10
42 83 3
42 84 3
43 85 1
43 86 2
44 87 2
44 88 3
45 89 1
45 90 3
46 91 6
46 92 3
47 93 1
47 94 8
48 95 9
48 96 7
49 97 7
49 98 8
50 99 6
50 100 9
