# Edges (u,v,w)
1 2 9
2 3 5
2 4 1
3 5 3
3 6 9
4 7 2
4 8 4
5 9 9
5 10 1
6 11 7
6 12 5
7 13 3
7 14 8
8 15 4
8 16 2
9 17 3
9 18 5
10 19 10
10 20 1
11 21 4
11 22 5
12 23 9
12 24 7
13 25 5
13 26 4
14 27 2
14 28 9
15 29 10
15 30 6
16 31 4
16 32 8
17 33 1
17 34 2
18 35 6
18 36 3
19 37 7
19 38 1
20 39 5
20 40 6
21 41 8
21 42 10
22 43 8
22 44 7
23 45 10
23 46 8
24 47 1
24 48 5
25 49 3
25 50 7
26 51 10
26 52 7
27 53 2
27 54 4
28 55 10
28 56 4
29 57 1
29 58 9
30 59 9
30 60 7
31 61 7
31 62 1
32 63 4
32 64 5
33 65 7
33 66 8
34 67 6
34 68 1
35 69 5
35 70 7
36 71 2
36 72 9
37 73 3
37 74 5
38 75 9
38 76 4
39 77 5
39 78 6
40 79 7
40 80 10
41 81 8
41 82 6
42 83 1
42 84 7
43 85 6
43 86 1
44 87 7
44 88 3
45 89 4
45 90 3
46 91 1
46 92 3
47 93 1
47 94 1
48 95 7
48 96 7
49 97 5
49 98 10
50 99 8
50 100 10
