# Edges (u,v,w)
1 2 8
2 3 1
2 4 3
3 5 10
3 6 5
4 7 6
4 8 9
5 9 4
5 10 9
6 11 7
6 12 4
7 13 1
7 14 7
8 15 7
8 16 5
9 17 3
9 18 8
10 19 1
10 20 6
11 21 9
11 22 2
12 23 5
12 24 7
13 25 5
13 26 8
14 27 2
14 28 9
15 29 8
15 30 3
16 31 4
16 32 3
17 33 5
17 34 3
18 35 5
18 36 9
19 37 3
19 38 5
20 39 2
20 40 10
21 41 6
21 42 7
22 43 10
22 44 6
23 45 4
23 46 9
24 47 7
24 48 1
25 49 10
25 50 2
26 51 8
26 52 4
27 53 5
27 54 8
28 55 5
28 56 8
29 57 8
29 58 6
30 59 6
30 60 2
31 61 9
31 62 6
32 63 6
32 64 9
33 65 9
33 66 6
34 67 3
34 68 8
35 69 3
35 70 2
36 71 4
36 72 5
37 73 9
37 74 6
38 75 2
38 76 2
39 77 7
39 78 7
40 79 1
40 80 4
41 81 6
41 82 9
42 83 1
42 84 2
43 85 4
43 86 5
44 87 3
44 88 4
45 89 6
45 90 5
46 91 6
46 92 8
47 93 8
47 94 4
48 95 10
48 96 6
49 97 5
49 98 10
50 99 3
50 100 10
