# Edges (u,v,w)
1 2 5
2 3 10
2 4 7
3 5 7
3 6 3
4 7 7
4 8 9
5 9 8
5 10 7
6 11 1
6 12 2
7 13 5
7 14 10
8 15 7
8 16 1
9 17 3
9 18 9
10 19 2
10 20 3
11 21 6
11 22 8
12 23 6
12 24 10
13 25 9
13 26 1
14 27 5
14 28 5
15 29 2
15 30 5
16 31 4
16 32 1
17 33 6
17 34 5
18 35 9
18 36 9
19 37 9
19 38 10
20 39 2
20 40 4
21 41 4
21 42 6
22 43 8
22 44 7
23 45 6
23 46 9
24 47 2
24 48 2
25 49 5
25 50 7
26 51 10
26 52 8
27 53 1
27 54 8
28 55 2
28 56 9
29 57 9
29 58 1
30 59 7
30 60 3
31 61 8
31 62 3
32 63 3
32 64 4
33 65 3
33 66 2
34 67 9
34 68 3
35 69 6
35 70 2
36 71 6
36 72 2
37 73 10
37 74 3
38 75 7
38 76 5
39 77 2
39 78 6
40 79 10
40 80 9
41 81 6
41 82 3
42 83 2
42 84 5
43 85 5
43 86 9
44 87 4
44 88 10
45 89 3
45 90 9
46 91 5
46 92 7
47 93 1
47 94 1
48 95 3
48 96 3
49 97 7
49 98 5
50 99 5
50 100 3
