# Edges (u,v,w)
1 2 0
2 3 0
2 4 0
3 5 0
3 6 1
4 7 1
4 8 1
5 9 0
5 10 1
6 11 0
6 12 0
7 13 1
7 14 0
8 15 0
8 16 1
9 17 0
9 18 1
10 19 0
10 20 0
11 21 0
11 22 1
12 23 0
12 24 1
13 25 0
13 26 1
14 27 1
14 28 1
15 29 1
15 30 1
16 31 1
16 32 0
17 33 0
17 34 0
18 35 1
18 36 0
19 37 0
19 38 1
20 39 1
20 40 1
21 41 0
21 42 1
22 43 0
22 44 1
23 45 1
23 46 1
24 47 1
24 48 0
25 49 0
25 50 1
26 51 1
26 52 1
27 53 1
27 54 0
28 55 1
28 56 1
29 57 1
29 58 1
30 59 1
30 60 1
31 61 0
31 62 1
32 63 0
32 64 0
33 65 1
33 66 0
34 67 0
34 68 1
35 69 0
35 70 1
36 71 1
36 72 1
37 73 0
37 74 1
38 75 0
38 76 0
39 77 1
39 78 0
40 79 0
40 80 0
41 81 1
41 82 0
42 83 0
42 84 1
43 85 0
43 86 0
44 87 0
44 88 1
45 89 0
45 90 0
46 91 1
46 92 1
47 93 1
47 94 0
48 95 0
48 96 1
49 97 1
49 98 0
50 99 1
50 100 0
