# Edges (u,v,w)
1 2 9
2 3 6
2 4 9
3 5 4
3 6 10
4 7 9
4 8 9
5 9 5
5 10 5
6 11 4
6 12 6
7 13 9
7 14 1
8 15 5
8 16 10
9 17 9
9 18 6
10 19 8
10 20 8
11 21 7
11 22 5
12 23 3
12 24 8
13 25 5
13 26 6
14 27 2
14 28 1
15 29 1
15 30 1
16 31 7
16 32 5
17 33 8
17 34 4
18 35 1
18 36 6
19 37 2
19 38 5
20 39 4
20 40 4
21 41 8
21 42 7
22 43 4
22 44 6
23 45 6
23 46 2
24 47 3
24 48 7
25 49 3
25 50 1
26 51 1
26 52 9
27 53 9
27 54 8
28 55 4
28 56 9
29 57 2
29 58 2
30 59 10
30 60 4
31 61 4
31 62 7
32 63 4
32 64 5
33 65 4
33 66 4
34 67 6
34 68 1
35 69 9
35 70 7
36 71 8
36 72 6
37 73 4
37 74 5
38 75 5
38 76 1
39 77 7
39 78 4
40 79 5
40 80 2
41 81 1
41 82 5
42 83 7
42 84 5
43 85 9
43 86 8
44 87 6
44 88 10
45 89 3
45 90 4
46 91 1
46 92 7
47 93 2
47 94 7
48 95 4
48 96 9
49 97 1
49 98 8
50 99 6
50 100 8
