# Edges (u,v,w)
1 2 10
2 3 3
2 4 4
3 5 6
3 6 7
4 7 8
4 8 4
5 9 3
5 10 5
6 11 3
6 12 3
7 13 8
7 14 10
8 15 7
8 16 6
9 17 8
9 18 1
10 19 5
10 20 2
11 21 4
11 22 7
12 23 9
12 24 7
13 25 1
13 26 6
14 27 9
14 28 4
15 29 6
15 30 8
16 31 6
16 32 9
17 33 3
17 34 3
18 35 1
18 36 8
19 37 4
19 38 9
20 39 3
20 40 9
21 41 4
21 42 9
22 43 10
22 44 3
23 45 6
23 46 3
24 47 5
24 48 3
25 49 4
25 50 4
26 51 6
26 52 1
27 53 3
27 54 10
28 55 3
28 56 6
29 57 3
29 58 4
30 59 8
30 60 3
31 61 9
31 62 6
32 63 10
32 64 3
33 65 6
33 66 3
34 67 3
34 68 3
35 69 4
35 70 5
36 71 7
36 72 8
37 73 1
37 74 9
38 75 10
38 76 6
39 77 8
39 78 10
40 79 6
40 80 9
41 81 3
41 82 10
42 83 1
42 84 4
43 85 9
43 86 3
44 87 4
44 88 8
45 89 8
45 90 4
46 91 1
46 92 4
47 93 7
47 94 3
48 95 3
48 96 8
49 97 7
49 98 9
50 99 2
50 100 6
