# Edges (u,v,w)
1 2 4
2 3 8
2 4 10
3 5 8
3 6 9
4 7 4
4 8 3
5 9 7
5 10 10
6 11 5
6 12 5
7 13 1
7 14 4
8 15 7
8 16 4
9 17 6
9 18 3
10 19 5
10 20 3
11 21 8
11 22 3
12 23 4
12 24 4
13 25 6
13 26 5
14 27 4
14 28 7
15 29 3
15 30 7
16 31 10
16 32 1
17 33 9
17 34 5
18 35 2
18 36 6
19 37 6
19 38 8
20 39 7
20 40 5
21 41 10
21 42 3
22 43 1
22 44 6
23 45 9
23 46 10
24 47 3
24 48 2
25 49 7
25 50 1
26 51 10
26 52 2
27 53 8
27 54 3
28 55 2
28 56 10
29 57 10
29 58 5
30 59 9
30 60 2
31 61 9
31 62 8
32 63 8
32 64 8
33 65 7
33 66 8
34 67 3
34 68 5
35 69 6
35 70 3
36 71 10
36 72 9
37 73 2
37 74 9
38 75 1
38 76 7
39 77 4
39 78 4
40 79 6
40 80 9
41 81 1
41 82 3
42 83 3
42 84 6
43 85 9
43 86 8
44 87 6
44 88 1
45 89 6
45 90 6
46 91 4
46 92 2
47 93 5
47 94 9
48 95 4
48 96 5
49 97 3
49 98 2
50 99 4
50 100 3
