# Edges (u,v,w)
1 2 8
2 3 2
2 4 9
3 5 4
3 6 1
4 7 1
4 8 6
5 9 7
5 10 6
6 11 3
6 12 6
7 13 7
7 14 7
8 15 5
8 16 8
9 17 3
9 18 8
10 19 5
10 20 6
11 21 5
11 22 7
12 23 10
12 24 2
13 25 7
13 26 1
14 27 6
14 28 10
15 29 6
15 30 1
16 31 6
16 32 6
17 33 7
17 34 10
18 35 9
18 36 6
19 37 5
19 38 3
20 39 4
20 40 2
21 41 3
21 42 7
22 43 8
22 44 6
23 45 7
23 46 1
24 47 2
24 48 6
25 49 9
25 50 4
26 51 4
26 52 6
27 53 8
27 54 7
28 55 4
28 56 5
29 57 2
29 58 3
30 59 3
30 60 8
31 61 2
31 62 10
32 63 4
32 64 4
33 65 9
33 66 7
34 67 7
34 68 10
35 69 1
35 70 8
36 71 7
36 72 3
37 73 8
37 74 8
38 75 4
38 76 7
39 77 1
39 78 6
40 79 9
40 80 1
41 81 5
41 82 1
42 83 8
42 84 2
43 85 7
43 86 7
44 87 10
44 88 3
45 89 9
45 90 5
46 91 2
46 92 9
47 93 5
47 94 1
48 95 2
48 96 4
49 97 1
49 98 5
50 99 3
50 100 7
