# Edges (u,v,w)
1 2 8
2 3 1
2 4 6
3 5 9
3 6 5
4 7 4
4 8 2
5 9 2
5 10 4
6 11 10
6 12 6
7 13 6
7 14 3
8 15 4
8 16 2
9 17 10
9 18 6
10 19 5
10 20 5
11 21 1
11 22 9
12 23 4
12 24 5
13 25 3
13 26 10
14 27 3
14 28 7
15 29 8
15 30 5
16 31 2
16 32 1
17 33 6
17 34 5
18 35 4
18 36 10
19 37 1
19 38 4
20 39 7
20 40 6
21 41 4
21 42 6
22 43 4
22 44 10
23 45 9
23 46 3
24 47 2
24 48 9
25 49 2
25 50 5
26 51 3
26 52 1
27 53 5
27 54 4
28 55 7
28 56 8
29 57 4
29 58 6
30 59 1
30 60 8
31 61 5
31 62 2
32 63 4
32 64 4
33 65 4
33 66 3
34 67 7
34 68 1
35 69 8
35 70 8
36 71 10
36 72 7
37 73 3
37 74 8
38 75 5
38 76 3
39 77 7
39 78 3
40 79 6
40 80 1
41 81 4
41 82 4
42 83 2
42 84 9
43 85 8
43 86 2
44 87 6
44 88 6
45 89 6
45 90 8
46 91 6
46 92 2
47 93 8
47 94 9
48 95 10
48 96 5
49 97 10
49 98 3
50 99 3
50 100 8
