# Edges (u,v,w)
1 2 9
2 3 6
2 4 4
3 5 4
3 6 8
4 7 3
4 8 3
5 9 10
5 10 4
6 11 10
6 12 2
7 13 8
7 14 6
8 15 8
8 16 10
9 17 2
9 18 1
10 19 8
10 20 1
11 21 10
11 22 1
12 23 4
12 24 7
13 25 1
13 26 2
14 27 4
14 28 2
15 29 2
15 30 7
16 31 9
16 32 4
17 33 1
17 34 2
18 35 4
18 36 7
19 37 10
19 38 3
20 39 6
20 40 7
21 41 3
21 42 5
22 43 5
22 44 10
23 45 3
23 46 8
24 47 6
24 48 6
25 49 2
25 50 7
26 51 10
26 52 4
27 53 4
27 54 5
28 55 8
28 56 6
29 57 9
29 58 10
30 59 1
30 60 3
31 61 7
31 62 7
32 63 5
32 64 5
33 65 4
33 66 4
34 67 9
34 68 2
35 69 7
35 70 3
36 71 7
36 72 9
37 73 1
37 74 7
38 75 2
38 76 2
39 77 7
39 78 2
40 79 5
40 80 7
41 81 1
41 82 9
42 83 10
42 84 1
43 85 5
43 86 6
44 87 3
44 88 9
45 89 9
45 90 8
46 91 1
46 92 2
47 93 2
47 94 1
48 95 8
48 96 10
49 97 6
49 98 5
50 99 1
50 100 3
