# Edges (u,v,w)
1 2 9
2 3 2
2 4 1
3 5 8
3 6 4
4 7 2
4 8 1
5 9 1
5 10 7
6 11 5
6 12 2
7 13 8
7 14 9
8 15 7
8 16 2
9 17 7
9 18 8
10 19 9
10 20 2
11 21 5
11 22 7
12 23 1
12 24 6
13 25 10
13 26 8
14 27 2
14 28 8
15 29 5
15 30 5
16 31 10
16 32 5
17 33 8
17 34 1
18 35 10
18 36 10
19 37 9
19 38 9
20 39 9
20 40 1
21 41 10
21 42 6
22 43 2
22 44 1
23 45 5
23 46 10
24 47 6
24 48 1
25 49 3
25 50 5
26 51 10
26 52 2
27 53 9
27 54 5
28 55 8
28 56 9
29 57 7
29 58 8
30 59 5
30 60 6
31 61 1
31 62 2
32 63 10
32 64 2
33 65 6
33 66 4
34 67 3
34 68 9
35 69 1
35 70 10
36 71 8
36 72 5
37 73 7
37 74 9
38 75 3
38 76 4
39 77 3
39 78 9
40 79 8
40 80 6
41 81 5
41 82 10
42 83 5
42 84 6
43 85 6
43 86 9
44 87 10
44 88 7
45 89 2
45 90 3
46 91 2
46 92 2
47 93 10
47 94 9
48 95 6
48 96 2
49 97 6
49 98 5
50 99 3
50 100 6
