# Edges (u,v,w)
1 2 2
2 3 3
2 4 1
3 5 2
3 6 2
4 7 6
4 8 2
5 9 3
5 10 1
6 11 9
6 12 10
7 13 8
7 14 6
8 15 3
8 16 8
9 17 9
9 18 8
10 19 7
10 20 7
11 21 9
11 22 1
12 23 7
12 24 8
13 25 9
13 26 7
14 27 7
14 28 7
15 29 2
15 30 7
16 31 1
16 32 8
17 33 3
17 34 5
18 35 5
18 36 2
19 37 2
19 38 8
20 39 10
20 40 9
21 41 8
21 42 7
22 43 8
22 44 7
23 45 4
23 46 6
24 47 8
24 48 10
25 49 7
25 50 5
26 51 4
26 52 6
27 53 7
27 54 6
28 55 2
28 56 5
29 57 2
29 58 6
30 59 5
30 60 6
31 61 1
31 62 9
32 63 9
32 64 6
33 65 4
33 66 10
34 67 4
34 68 9
35 69 8
35 70 8
36 71 7
36 72 8
37 73 1
37 74 1
38 75 5
38 76 5
39 77 7
39 78 7
40 79 1
40 80 8
41 81 5
41 82 6
42 83 3
42 84 6
43 85 10
43 86 5
44 87 6
44 88 8
45 89 1
45 90 1
46 91 5
46 92 10
47 93 8
47 94 9
48 95 4
48 96 9
49 97 9
49 98 2
50 99 9
50 100 6
