# Edges (u,v,w)
1 2 4
2 3 4
2 4 1
3 5 3
3 6 6
4 7 4
4 8 6
5 9 3
5 10 9
6 11 5
6 12 7
7 13 9
7 14 9
8 15 10
8 16 3
9 17 4
9 18 5
10 19 5
10 20 4
11 21 10
11 22 8
12 23 3
12 24 1
13 25 10
13 26 9
14 27 6
14 28 1
15 29 9
15 30 5
16 31 10
16 32 1
17 33 10
17 34 8
18 35 1
18 36 3
19 37 7
19 38 4
20 39 9
20 40 5
21 41 1
21 42 1
22 43 4
22 44 9
23 45 3
23 46 3
24 47 3
24 48 2
25 49 2
25 50 3
26 51 6
26 52 9
27 53 2
27 54 10
28 55 4
28 56 4
29 57 3
29 58 5
30 59 7
30 60 9
31 61 9
31 62 4
32 63 4
32 64 2
33 65 8
33 66 3
34 67 5
34 68 9
35 69 4
35 70 4
36 71 9
36 72 3
37 73 3
37 74 7
38 75 3
38 76 10
39 77 4
39 78 8
40 79 5
40 80 7
41 81 6
41 82 7
42 83 4
42 84 10
43 85 8
43 86 2
44 87 8
44 88 1
45 89 6
45 90 2
46 91 7
46 92 7
47 93 4
47 94 2
48 95 8
48 96 3
49 97 1
49 98 1
50 99 4
50 100 1
