# Edges (u,v,w)
1 2 1
2 3 8
2 4 5
3 5 4
3 6 8
4 7 2
4 8 2
5 9 9
5 10 5
6 11 7
6 12 3
7 13 1
7 14 3
8 15 2
8 16 8
9 17 10
9 18 9
10 19 7
10 20 9
11 21 2
11 22 2
12 23 1
12 24 9
13 25 7
13 26 9
14 27 1
14 28 4
15 29 6
15 30 5
16 31 4
16 32 10
17 33 1
17 34 4
18 35 7
18 36 6
19 37 8
19 38 1
20 39 7
20 40 3
21 41 1
21 42 7
22 43 2
22 44 10
23 45 2
23 46 2
24 47 5
24 48 7
25 49 2
25 50 5
26 51 4
26 52 8
27 53 8
27 54 2
28 55 8
28 56 7
29 57 4
29 58 6
30 59 7
30 60 2
31 61 5
31 62 2
32 63 10
32 64 4
33 65 2
33 66 8
34 67 1
34 68 9
35 69 3
35 70 4
36 71 5
36 72 10
37 73 7
37 74 9
38 75 3
38 76 7
39 77 3
39 78 3
40 79 4
40 80 9
41 81 4
41 82 6
42 83 4
42 84 7
43 85 1
43 86 6
44 87 3
44 88 5
45 89 7
45 90 4
46 91 8
46 92 4
47 93 7
47 94 10
48 95 8
48 96 10
49 97 4
49 98 3
50 99 6
50 100 5
