# Edges (u,v,w)
1 2 6
2 3 1
2 4 8
3 5 3
3 6 1
4 7 3
4 8 9
5 9 3
5 10 9
6 11 1
6 12 4
7 13 8
7 14 3
8 15 5
8 16 4
9 17 8
9 18 10
10 19 3
10 20 6
11 21 1
11 22 4
12 23 4
12 24 1
13 25 8
13 26 9
14 27 7
14 28 5
15 29 6
15 30 5
16 31 3
16 32 3
17 33 1
17 34 2
18 35 8
18 36 1
19 37 10
19 38 6
20 39 9
20 40 2
21 41 7
21 42 9
22 43 2
22 44 2
23 45 9
23 46 3
24 47 3
24 48 7
25 49 3
25 50 9
26 51 4
26 52 9
27 53 6
27 54 4
28 55 9
28 56 3
29 57 8
29 58 3
30 59 3
30 60 1
31 61 8
31 62 9
32 63 1
32 64 8
33 65 6
33 66 3
34 67 8
34 68 2
35 69 9
35 70 8
36 71 4
36 72 10
37 73 2
37 74 1
38 75 3
38 76 5
39 77 5
39 78 1
40 79 3
40 80 7
41 81 7
41 82 10
42 83 1
42 84 4
43 85 2
43 86 1
44 87 10
44 88 3
45 89 6
45 90 8
46 91 9
46 92 10
47 93 3
47 94 1
48 95 9
48 96 3
49 97 3
49 98 1
50 99 8
50 100 4
