# Edges (u,v,w)
1 2 6
2 3 2
2 4 10
3 5 8
3 6 8
4 7 10
4 8 3
5 9 3
5 10 9
6 11 10
6 12 8
7 13 7
7 14 7
8 15 5
8 16 10
9 17 5
9 18 7
10 19 2
10 20 1
11 21 3
11 22 5
12 23 1
12 24 8
13 25 7
13 26 10
14 27 1
14 28 4
15 29 7
15 30 2
16 31 7
16 32 2
17 33 6
17 34 4
18 35 1
18 36 2
19 37 10
19 38 2
20 39 5
20 40 4
21 41 1
21 42 4
22 43 4
22 44 5
23 45 5
23 46 7
24 47 6
24 48 7
25 49 3
25 50 5
26 51 4
26 52 1
27 53 4
27 54 1
28 55 8
28 56 8
29 57 3
29 58 9
30 59 10
30 60 5
31 61 2
31 62 3
32 63 6
32 64 2
33 65 8
33 66 10
34 67 3
34 68 7
35 69 3
35 70 7
36 71 8
36 72 5
37 73 6
37 74 10
38 75 3
38 76 1
39 77 9
39 78 9
40 79 1
40 80 7
41 81 4
41 82 9
42 83 5
42 84 10
43 85 10
43 86 5
44 87 7
44 88 4
45 89 9
45 90 1
46 91 5
46 92 2
47 93 3
47 94 8
48 95 6
48 96 6
49 97 3
49 98 3
50 99 7
50 100 7
