# Edges (u,v,w)
1 2 6
2 3 10
2 4 4
3 5 5
3 6 5
4 7 9
4 8 5
5 9 3
5 10 5
6 11 4
6 12 7
7 13 4
7 14 10
8 15 10
8 16 2
9 17 5
9 18 3
10 19 10
10 20 10
11 21 10
11 22 1
12 23 6
12 24 9
13 25 9
13 26 7
14 27 7
14 28 4
15 29 4
15 30 3
16 31 10
16 32 9
17 33 1
17 34 10
18 35 6
18 36 8
19 37 10
19 38 2
20 39 7
20 40 5
21 41 3
21 42 8
22 43 8
22 44 5
23 45 4
23 46 6
24 47 4
24 48 7
25 49 1
25 50 9
26 51 2
26 52 8
27 53 4
27 54 3
28 55 7
28 56 5
29 57 8
29 58 7
30 59 1
30 60 8
31 61 5
31 62 7
32 63 6
32 64 3
33 65 9
33 66 6
34 67 10
34 68 6
35 69 6
35 70 2
36 71 7
36 72 6
37 73 6
37 74 6
38 75 6
38 76 2
39 77 2
39 78 3
40 79 4
40 80 3
41 81 5
41 82 9
42 83 8
42 84 9
43 85 8
43 86 4
44 87 1
44 88 6
45 89 1
45 90 10
46 91 5
46 92 3
47 93 4
47 94 9
48 95 1
48 96 7
49 97 8
49 98 4
50 99 8
50 100 6
