# Edges (u,v,w)
1 2 0
2 3 0
2 4 1
3 5 0
3 6 0
4 7 1
4 8 0
5 9 0
5 10 0
6 11 1
6 12 0
7 13 1
7 14 0
8 15 1
8 16 0
9 17 1
9 18 0
10 19 1
10 20 0
11 21 1
11 22 0
12 23 1
12 24 1
13 25 1
13 26 0
14 27 1
14 28 1
15 29 0
15 30 1
16 31 0
16 32 0
17 33 1
17 34 0
18 35 0
18 36 1
19 37 1
19 38 1
20 39 0
20 40 1
21 41 1
21 42 1
22 43 1
22 44 0
23 45 0
23 46 1
24 47 0
24 48 1
25 49 1
25 50 0
26 51 1
26 52 0
27 53 0
27 54 0
28 55 1
28 56 0
29 57 0
29 58 0
30 59 1
30 60 0
31 61 0
31 62 0
32 63 0
32 64 0
33 65 0
33 66 1
34 67 1
34 68 1
35 69 1
35 70 0
36 71 0
36 72 1
37 73 0
37 74 0
38 75 0
38 76 1
39 77 0
39 78 1
40 79 0
40 80 1
41 81 1
41 82 1
42 83 0
42 84 1
43 85 0
43 86 0
44 87 1
44 88 1
45 89 0
45 90 0
46 91 1
46 92 1
47 93 0
47 94 0
48 95 0
48 96 1
49 97 1
49 98 0
50 99 1
50 100 0
