# Edges (u,v,w)
1 2 2
2 3 3
2 4 10
3 5 2
3 6 4
4 7 7
4 8 9
5 9 10
5 10 1
6 11 3
6 12 2
7 13 2
7 14 8
8 15 2
8 16 10
9 17 7
9 18 4
10 19 3
10 20 9
11 21 3
11 22 9
12 23 1
12 24 9
13 25 4
13 26 5
14 27 3
14 28 5
15 29 9
15 30 9
16 31 10
16 32 10
17 33 6
17 34 10
18 35 1
18 36 10
19 37 9
19 38 3
20 39 1
20 40 10
21 41 9
21 42 6
22 43 8
22 44 10
23 45 2
23 46 3
24 47 8
24 48 10
25 49 7
25 50 3
26 51 4
26 52 9
27 53 9
27 54 7
28 55 2
28 56 3
29 57 1
29 58 5
30 59 5
30 60 8
31 61 6
31 62 6
32 63 10
32 64 5
33 65 1
33 66 7
34 67 10
34 68 6
35 69 3
35 70 9
36 71 1
36 72 10
37 73 8
37 74 7
38 75 6
38 76 9
39 77 6
39 78 10
40 79 8
40 80 3
41 81 4
41 82 8
42 83 5
42 84 10
43 85 1
43 86 6
44 87 4
44 88 10
45 89 5
45 90 4
46 91 1
46 92 8
47 93 2
47 94 2
48 95 6
48 96 4
49 97 9
49 98 2
50 99 6
50 100 9
