# Edges (u,v,w)
1 2 0
2 3 0
2 4 0
3 5 0
3 6 0
4 7 0
4 8 0
5 9 0
5 10 1
6 11 1
6 12 0
7 13 1
7 14 1
8 15 0
8 16 1
9 17 1
9 18 1
10 19 1
10 20 0
11 21 1
11 22 1
12 23 0
12 24 0
13 25 0
13 26 1
14 27 0
14 28 0
15 29 1
15 30 0
16 31 0
16 32 1
17 33 0
17 34 0
18 35 0
18 36 1
19 37 0
19 38 1
20 39 1
20 40 1
21 41 1
21 42 1
22 43 1
22 44 1
23 45 0
23 46 0
24 47 0
24 48 0
25 49 0
25 50 0
26 51 0
26 52 0
27 53 1
27 54 1
28 55 0
28 56 1
29 57 0
29 58 0
30 59 0
30 60 0
31 61 1
31 62 1
32 63 1
32 64 0
33 65 0
33 66 1
34 67 1
34 68 0
35 69 1
35 70 0
36 71 0
36 72 0
37 73 0
37 74 1
38 75 1
38 76 0
39 77 0
39 78 0
40 79 0
40 80 1
41 81 1
41 82 1
42 83 0
42 84 0
43 85 0
43 86 1
44 87 0
44 88 1
45 89 1
45 90 0
46 91 1
46 92 0
47 93 1
47 94 0
48 95 1
48 96 1
49 97 0
49 98 0
50 99 1
50 100 1
