# Edges (u,v,w)
1 2 6
2 3 3
2 4 6
3 5 9
3 6 10
4 7 2
4 8 8
5 9 4
5 10 1
6 11 8
6 12 4
7 13 3
7 14 3
8 15 7
8 16 6
9 17 1
9 18 8
10 19 6
10 20 8
11 21 7
11 22 6
12 23 7
12 24 3
13 25 8
13 26 6
14 27 4
14 28 4
15 29 5
15 30 10
16 31 2
16 32 8
17 33 9
17 34 5
18 35 5
18 36 7
19 37 4
19 38 3
20 39 2
20 40 4
21 41 7
21 42 5
22 43 10
22 44 7
23 45 2
23 46 2
24 47 1
24 48 5
25 49 5
25 50 5
26 51 5
26 52 2
27 53 5
27 54 2
28 55 2
28 56 9
29 57 7
29 58 2
30 59 2
30 60 5
31 61 9
31 62 8
32 63 2
32 64 9
33 65 1
33 66 10
34 67 8
34 68 8
35 69 4
35 70 6
36 71 6
36 72 6
37 73 2
37 74 10
38 75 5
38 76 1
39 77 7
39 78 5
40 79 10
40 80 1
41 81 1
41 82 1
42 83 9
42 84 2
43 85 1
43 86 2
44 87 9
44 88 6
45 89 10
45 90 2
46 91 9
46 92 3
47 93 4
47 94 9
48 95 7
48 96 6
49 97 3
49 98 7
50 99 9
50 100 5
