# Edges (u,v,w)
1 2 9
2 3 10
2 4 10
3 5 6
3 6 2
4 7 5
4 8 5
5 9 1
5 10 9
6 11 6
6 12 1
7 13 3
7 14 6
8 15 9
8 16 3
9 17 9
9 18 7
10 19 7
10 20 4
11 21 6
11 22 8
12 23 7
12 24 8
13 25 5
13 26 10
14 27 5
14 28 3
15 29 5
15 30 8
16 31 6
16 32 5
17 33 9
17 34 5
18 35 8
18 36 6
19 37 3
19 38 2
20 39 6
20 40 7
21 41 3
21 42 4
22 43 9
22 44 10
23 45 10
23 46 2
24 47 7
24 48 10
25 49 9
25 50 7
26 51 10
26 52 4
27 53 9
27 54 8
28 55 9
28 56 5
29 57 4
29 58 2
30 59 3
30 60 10
31 61 10
31 62 1
32 63 10
32 64 3
33 65 4
33 66 10
34 67 1
34 68 2
35 69 2
35 70 9
36 71 9
36 72 2
37 73 7
37 74 5
38 75 8
38 76 2
39 77 3
39 78 7
40 79 5
40 80 10
41 81 5
41 82 3
42 83 7
42 84 3
43 85 9
43 86 1
44 87 10
44 88 4
45 89 3
45 90 6
46 91 4
46 92 1
47 93 10
47 94 9
48 95 3
48 96 5
49 97 3
49 98 8
50 99 1
50 100 2
