# Edges (u,v,w)
1 2 2
2 3 7
2 4 4
3 5 5
3 6 6
4 7 3
4 8 3
5 9 6
5 10 7
6 11 10
6 12 9
7 13 3
7 14 8
8 15 7
8 16 5
9 17 1
9 18 8
10 19 4
10 20 3
11 21 5
11 22 2
12 23 2
12 24 6
13 25 7
13 26 7
14 27 2
14 28 10
15 29 1
15 30 6
16 31 10
16 32 5
17 33 1
17 34 9
18 35 6
18 36 10
19 37 6
19 38 5
20 39 6
20 40 7
21 41 3
21 42 9
22 43 10
22 44 8
23 45 4
23 46 7
24 47 4
24 48 3
25 49 1
25 50 8
26 51 5
26 52 10
27 53 5
27 54 8
28 55 9
28 56 4
29 57 1
29 58 3
30 59 4
30 60 5
31 61 8
31 62 8
32 63 10
32 64 6
33 65 1
33 66 10
34 67 5
34 68 6
35 69 7
35 70 2
36 71 10
36 72 2
37 73 1
37 74 3
38 75 1
38 76 4
39 77 7
39 78 8
40 79 7
40 80 6
41 81 10
41 82 8
42 83 9
42 84 2
43 85 8
43 86 4
44 87 5
44 88 8
45 89 10
45 90 6
46 91 1
46 92 8
47 93 6
47 94 3
48 95 10
48 96 3
49 97 9
49 98 5
50 99 4
50 100 4
