# Edges (u,v,w)
1 2 6
2 3 2
2 4 10
3 5 3
3 6 1
4 7 5
4 8 6
5 9 10
5 10 3
6 11 4
6 12 8
7 13 5
7 14 6
8 15 3
8 16 7
9 17 5
9 18 1
10 19 3
10 20 6
11 21 9
11 22 9
12 23 6
12 24 8
13 25 7
13 26 8
14 27 3
14 28 9
15 29 9
15 30 2
16 31 8
16 32 7
17 33 1
17 34 6
18 35 5
18 36 10
19 37 8
19 38 7
20 39 9
20 40 5
21 41 9
21 42 9
22 43 3
22 44 6
23 45 3
23 46 10
24 47 1
24 48 2
25 49 7
25 50 5
26 51 2
26 52 1
27 53 5
27 54 1
28 55 8
28 56 5
29 57 2
29 58 1
30 59 10
30 60 8
31 61 1
31 62 9
32 63 9
32 64 1
33 65 5
33 66 3
34 67 2
34 68 6
35 69 7
35 70 9
36 71 9
36 72 4
37 73 3
37 74 6
38 75 9
38 76 2
39 77 7
39 78 8
40 79 10
40 80 7
41 81 5
41 82 5
42 83 9
42 84 9
43 85 10
43 86 5
44 87 2
44 88 3
45 89 7
45 90 6
46 91 3
46 92 2
47 93 8
47 94 1
48 95 8
48 96 9
49 97 1
49 98 10
50 99 8
50 100 4
