# Edges (u,v,w)
1 2 1
2 3 0
2 4 1
3 5 0
3 6 1
4 7 0
4 8 1
5 9 0
5 10 1
6 11 0
6 12 0
7 13 0
7 14 0
8 15 1
8 16 0
9 17 0
9 18 1
10 19 1
10 20 0
11 21 0
11 22 1
12 23 1
12 24 1
13 25 1
13 26 1
14 27 0
14 28 1
15 29 0
15 30 0
16 31 0
16 32 1
17 33 1
17 34 0
18 35 1
18 36 1
19 37 1
19 38 1
20 39 1
20 40 1
21 41 0
21 42 1
22 43 1
22 44 0
23 45 0
23 46 0
24 47 1
24 48 0
25 49 0
25 50 0
26 51 1
26 52 0
27 53 1
27 54 0
28 55 0
28 56 1
29 57 1
29 58 1
30 59 1
30 60 1
31 61 0
31 62 1
32 63 1
32 64 0
33 65 0
33 66 0
34 67 1
34 68 1
35 69 0
35 70 1
36 71 0
36 72 1
37 73 0
37 74 0
38 75 0
38 76 0
39 77 1
39 78 1
40 79 1
40 80 0
41 81 0
41 82 0
42 83 1
42 84 0
43 85 1
43 86 0
44 87 1
44 88 0
45 89 0
45 90 0
46 91 1
46 92 0
47 93 1
47 94 0
48 95 1
48 96 1
49 97 0
49 98 0
50 99 1
50 100 1
