# Edges (u,v,w)
1 2 5
2 3 4
2 4 10
3 5 9
3 6 6
4 7 8
4 8 1
5 9 10
5 10 1
6 11 7
6 12 8
7 13 5
7 14 10
8 15 1
8 16 1
9 17 9
9 18 2
10 19 2
10 20 6
11 21 7
11 22 5
12 23 9
12 24 6
13 25 8
13 26 2
14 27 6
14 28 6
15 29 10
15 30 1
16 31 8
16 32 3
17 33 10
17 34 5
18 35 4
18 36 4
19 37 3
19 38 5
20 39 4
20 40 6
21 41 9
21 42 3
22 43 4
22 44 3
23 45 10
23 46 5
24 47 10
24 48 2
25 49 2
25 50 3
26 51 1
26 52 3
27 53 8
27 54 9
28 55 3
28 56 5
29 57 8
29 58 3
30 59 6
30 60 8
31 61 9
31 62 2
32 63 10
32 64 10
33 65 1
33 66 4
34 67 6
34 68 2
35 69 7
35 70 3
36 71 10
36 72 6
37 73 2
37 74 3
38 75 6
38 76 2
39 77 9
39 78 1
40 79 3
40 80 1
41 81 3
41 82 5
42 83 1
42 84 1
43 85 4
43 86 5
44 87 7
44 88 5
45 89 9
45 90 10
46 91 1
46 92 2
47 93 4
47 94 5
48 95 3
48 96 5
49 97 2
49 98 4
50 99 2
50 100 10
