# Edges (u,v,w)
1 2 2
2 3 9
2 4 1
3 5 8
3 6 10
4 7 4
4 8 3
5 9 5
5 10 3
6 11 3
6 12 1
7 13 2
7 14 5
8 15 7
8 16 10
9 17 5
9 18 10
10 19 1
10 20 7
11 21 2
11 22 10
12 23 2
12 24 6
13 25 6
13 26 4
14 27 1
14 28 6
15 29 9
15 30 7
16 31 8
16 32 10
17 33 7
17 34 9
18 35 4
18 36 7
19 37 1
19 38 9
20 39 2
20 40 9
21 41 2
21 42 3
22 43 9
22 44 9
23 45 8
23 46 5
24 47 9
24 48 2
25 49 1
25 50 10
26 51 10
26 52 2
27 53 10
27 54 2
28 55 5
28 56 9
29 57 4
29 58 6
30 59 4
30 60 1
31 61 4
31 62 7
32 63 7
32 64 3
33 65 5
33 66 7
34 67 1
34 68 8
35 69 1
35 70 7
36 71 2
36 72 10
37 73 7
37 74 5
38 75 1
38 76 7
39 77 8
39 78 5
40 79 3
40 80 2
41 81 6
41 82 2
42 83 3
42 84 3
43 85 4
43 86 2
44 87 3
44 88 5
45 89 7
45 90 3
46 91 4
46 92 1
47 93 7
47 94 8
48 95 7
48 96 3
49 97 9
49 98 7
50 99 1
50 100 6
