# Edges (u,v,w)
1 2 1
2 3 0
2 4 1
3 5 0
3 6 1
4 7 1
4 8 1
5 9 0
5 10 1
6 11 0
6 12 0
7 13 1
7 14 0
8 15 1
8 16 0
9 17 1
9 18 0
10 19 1
10 20 0
11 21 0
11 22 1
12 23 1
12 24 0
13 25 1
13 26 1
14 27 1
14 28 0
15 29 0
15 30 0
16 31 0
16 32 0
17 33 0
17 34 1
18 35 1
18 36 0
19 37 0
19 38 1
20 39 1
20 40 0
21 41 1
21 42 1
22 43 0
22 44 0
23 45 0
23 46 1
24 47 1
24 48 0
25 49 0
25 50 1
26 51 0
26 52 1
27 53 1
27 54 1
28 55 0
28 56 1
29 57 0
29 58 0
30 59 1
30 60 1
31 61 1
31 62 1
32 63 0
32 64 0
33 65 0
33 66 0
34 67 0
34 68 0
35 69 0
35 70 1
36 71 0
36 72 0
37 73 0
37 74 0
38 75 1
38 76 0
39 77 0
39 78 0
40 79 1
40 80 1
41 81 0
41 82 1
42 83 1
42 84 0
43 85 1
43 86 1
44 87 1
44 88 0
45 89 0
45 90 0
46 91 1
46 92 1
47 93 1
47 94 1
48 95 1
48 96 0
49 97 1
49 98 1
50 99 1
50 100 1
