# Edges (u,v,w)
1 2 10
2 3 5
2 4 8
3 5 5
3 6 9
4 7 4
4 8 7
5 9 6
5 10 1
6 11 3
6 12 2
7 13 10
7 14 8
8 15 7
8 16 10
9 17 3
9 18 2
10 19 3
10 20 8
11 21 10
11 22 7
12 23 5
12 24 5
13 25 7
13 26 5
14 27 9
14 28 2
15 29 7
15 30 6
16 31 10
16 32 7
17 33 3
17 34 1
18 35 1
18 36 4
19 37 1
19 38 6
20 39 6
20 40 7
21 41 2
21 42 8
22 43 9
22 44 2
23 45 4
23 46 9
24 47 5
24 48 1
25 49 7
25 50 8
26 51 7
26 52 4
27 53 7
27 54 5
28 55 2
28 56 5
29 57 9
29 58 8
30 59 9
30 60 5
31 61 1
31 62 7
32 63 2
32 64 1
33 65 8
33 66 4
34 67 2
34 68 8
35 69 6
35 70 4
36 71 4
36 72 5
37 73 6
37 74 6
38 75 10
38 76 1
39 77 6
39 78 10
40 79 4
40 80 1
41 81 6
41 82 3
42 83 2
42 84 4
43 85 4
43 86 4
44 87 5
44 88 3
45 89 3
45 90 1
46 91 6
46 92 6
47 93 3
47 94 9
48 95 6
48 96 2
49 97 9
49 98 6
50 99 9
50 100 1
