# Edges (u,v,w)
1 2 2
2 3 1
2 4 8
3 5 5
3 6 10
4 7 4
4 8 6
5 9 6
5 10 5
6 11 2
6 12 2
7 13 1
7 14 4
8 15 7
8 16 1
9 17 1
9 18 1
10 19 5
10 20 8
11 21 10
11 22 8
12 23 8
12 24 6
13 25 8
13 26 2
14 27 5
14 28 1
15 29 5
15 30 2
16 31 6
16 32 8
17 33 10
17 34 6
18 35 7
18 36 2
19 37 3
19 38 2
20 39 6
20 40 1
21 41 10
21 42 6
22 43 6
22 44 6
23 45 6
23 46 7
24 47 3
24 48 4
25 49 8
25 50 6
26 51 7
26 52 7
27 53 7
27 54 5
28 55 3
28 56 9
29 57 5
29 58 2
30 59 8
30 60 7
31 61 5
31 62 10
32 63 6
32 64 3
33 65 5
33 66 8
34 67 9
34 68 4
35 69 10
35 70 8
36 71 10
36 72 1
37 73 5
37 74 6
38 75 10
38 76 7
39 77 8
39 78 7
40 79 9
40 80 10
41 81 9
41 82 4
42 83 1
42 84 8
43 85 7
43 86 6
44 87 6
44 88 2
45 89 2
45 90 1
46 91 3
46 92 4
47 93 8
47 94 3
48 95 4
48 96 4
49 97 10
49 98 6
50 99 1
50 100 4
