# Edges (u,v,w)
1 2 0
2 3 0
2 4 0
3 5 0
3 6 1
4 7 1
4 8 1
5 9 0
5 10 1
6 11 1
6 12 0
7 13 0
7 14 0
8 15 1
8 16 1
9 17 1
9 18 1
10 19 1
10 20 0
11 21 1
11 22 1
12 23 1
12 24 1
13 25 1
13 26 0
14 27 1
14 28 0
15 29 0
15 30 1
16 31 0
16 32 0
17 33 1
17 34 0
18 35 1
18 36 1
19 37 1
19 38 0
20 39 0
20 40 0
21 41 1
21 42 1
22 43 0
22 44 0
23 45 1
23 46 1
24 47 0
24 48 0
25 49 1
25 50 0
26 51 0
26 52 0
27 53 1
27 54 0
28 55 0
28 56 1
29 57 1
29 58 1
30 59 0
30 60 1
31 61 1
31 62 1
32 63 1
32 64 1
33 65 1
33 66 0
34 67 1
34 68 1
35 69 0
35 70 0
36 71 1
36 72 0
37 73 0
37 74 1
38 75 1
38 76 1
39 77 0
39 78 1
40 79 0
40 80 0
41 81 1
41 82 1
42 83 0
42 84 1
43 85 1
43 86 1
44 87 1
44 88 1
45 89 0
45 90 1
46 91 1
46 92 1
47 93 0
47 94 0
48 95 1
48 96 1
49 97 0
49 98 0
50 99 1
50 100 1
