# Edges (u,v,w)
1 2 5
2 3 7
2 4 3
3 5 5
3 6 2
4 7 5
4 8 3
5 9 5
5 10 8
6 11 9
6 12 10
7 13 5
7 14 1
8 15 8
8 16 8
9 17 1
9 18 10
10 19 10
10 20 10
11 21 2
11 22 1
12 23 7
12 24 8
13 25 4
13 26 2
14 27 3
14 28 9
15 29 5
15 30 10
16 31 7
16 32 7
17 33 8
17 34 2
18 35 1
18 36 5
19 37 10
19 38 3
20 39 3
20 40 3
21 41 7
21 42 4
22 43 8
22 44 6
23 45 5
23 46 7
24 47 6
24 48 3
25 49 9
25 50 2
26 51 6
26 52 8
27 53 9
27 54 4
28 55 6
28 56 5
29 57 7
29 58 6
30 59 4
30 60 5
31 61 5
31 62 3
32 63 4
32 64 6
33 65 5
33 66 6
34 67 10
34 68 1
35 69 6
35 70 4
36 71 7
36 72 3
37 73 4
37 74 5
38 75 8
38 76 4
39 77 9
39 78 8
40 79 10
40 80 10
41 81 6
41 82 3
42 83 2
42 84 2
43 85 8
43 86 6
44 87 3
44 88 1
45 89 8
45 90 1
46 91 10
46 92 6
47 93 1
47 94 9
48 95 3
48 96 1
49 97 10
49 98 10
50 99 1
50 100 8
