# Edges (u,v,w)
1 2 0
2 3 0
2 4 0
3 5 1
3 6 1
4 7 1
4 8 0
5 9 1
5 10 0
6 11 0
6 12 0
7 13 0
7 14 1
8 15 1
8 16 0
9 17 0
9 18 1
10 19 0
10 20 1
11 21 1
11 22 0
12 23 0
12 24 0
13 25 1
13 26 0
14 27 1
14 28 0
15 29 0
15 30 1
16 31 0
16 32 1
17 33 1
17 34 1
18 35 1
18 36 1
19 37 1
19 38 1
20 39 1
20 40 1
21 41 1
21 42 0
22 43 1
22 44 0
23 45 0
23 46 0
24 47 0
24 48 1
25 49 1
25 50 1
26 51 0
26 52 0
27 53 1
27 54 1
28 55 0
28 56 0
29 57 1
29 58 1
30 59 0
30 60 1
31 61 1
31 62 1
32 63 0
32 64 1
33 65 0
33 66 0
34 67 0
34 68 0
35 69 0
35 70 0
36 71 1
36 72 0
37 73 1
37 74 1
38 75 0
38 76 1
39 77 0
39 78 0
40 79 0
40 80 0
41 81 0
41 82 1
42 83 1
42 84 0
43 85 0
43 86 1
44 87 0
44 88 1
45 89 1
45 90 0
46 91 0
46 92 0
47 93 1
47 94 0
48 95 1
48 96 0
49 97 1
49 98 1
50 99 1
50 100 0
