# Edges (u,v,w)
1 2 10
2 3 10
2 4 8
3 5 2
3 6 4
4 7 1
4 8 3
5 9 7
5 10 3
6 11 10
6 12 4
7 13 10
7 14 10
8 15 3
8 16 10
9 17 8
9 18 10
10 19 4
10 20 5
11 21 8
11 22 2
12 23 9
12 24 1
13 25 2
13 26 1
14 27 4
14 28 7
15 29 5
15 30 10
16 31 2
16 32 7
17 33 5
17 34 5
18 35 6
18 36 8
19 37 4
19 38 8
20 39 10
20 40 10
21 41 8
21 42 6
22 43 5
22 44 7
23 45 7
23 46 6
24 47 10
24 48 4
25 49 10
25 50 1
26 51 7
26 52 2
27 53 6
27 54 5
28 55 2
28 56 5
29 57 1
29 58 8
30 59 4
30 60 10
31 61 9
31 62 1
32 63 9
32 64 8
33 65 7
33 66 7
34 67 8
34 68 2
35 69 6
35 70 7
36 71 1
36 72 9
37 73 6
37 74 2
38 75 10
38 76 3
39 77 2
39 78 9
40 79 6
40 80 6
41 81 8
41 82 3
42 83 3
42 84 2
43 85 2
43 86 5
44 87 3
44 88 3
45 89 2
45 90 9
46 91 10
46 92 6
47 93 10
47 94 8
48 95 8
48 96 2
49 97 9
49 98 8
50 99 2
50 100 6
