# Edges (u,v,w)
1 2 10
2 3 4
2 4 4
3 5 5
3 6 10
4 7 5
4 8 4
5 9 10
5 10 5
6 11 1
6 12 6
7 13 8
7 14 2
8 15 1
8 16 10
9 17 7
9 18 5
10 19 1
10 20 7
11 21 1
11 22 8
12 23 1
12 24 5
13 25 3
13 26 6
14 27 1
14 28 2
15 29 3
15 30 2
16 31 7
16 32 7
17 33 2
17 34 6
18 35 8
18 36 8
19 37 8
19 38 8
20 39 10
20 40 4
21 41 6
21 42 10
22 43 9
22 44 4
23 45 3
23 46 4
24 47 5
24 48 8
25 49 3
25 50 10
26 51 4
26 52 2
27 53 1
27 54 5
28 55 1
28 56 1
29 57 1
29 58 6
30 59 10
30 60 10
31 61 9
31 62 3
32 63 1
32 64 10
33 65 4
33 66 3
34 67 2
34 68 9
35 69 3
35 70 5
36 71 8
36 72 3
37 73 10
37 74 4
38 75 9
38 76 8
39 77 8
39 78 1
40 79 6
40 80 9
41 81 2
41 82 7
42 83 1
42 84 8
43 85 9
43 86 4
44 87 10
44 88 4
45 89 9
45 90 5
46 91 2
46 92 5
47 93 2
47 94 3
48 95 1
48 96 8
49 97 2
49 98 2
50 99 9
50 100 2
