# Edges (u,v,w)
1 2 1
2 3 0
2 4 0
3 5 1
3 6 1
4 7 0
4 8 1
5 9 1
5 10 1
6 11 0
6 12 0
7 13 1
7 14 1
8 15 0
8 16 1
9 17 0
9 18 1
10 19 1
10 20 0
11 21 0
11 22 0
12 23 1
12 24 1
13 25 1
13 26 1
14 27 0
14 28 1
15 29 0
15 30 1
16 31 0
16 32 1
17 33 1
17 34 1
18 35 1
18 36 0
19 37 1
19 38 0
20 39 1
20 40 0
21 41 0
21 42 1
22 43 0
22 44 1
23 45 1
23 46 1
24 47 1
24 48 0
25 49 1
25 50 0
26 51 1
26 52 1
27 53 0
27 54 1
28 55 0
28 56 1
29 57 1
29 58 0
30 59 0
30 60 0
31 61 0
31 62 0
32 63 1
32 64 0
33 65 0
33 66 0
34 67 1
34 68 1
35 69 1
35 70 1
36 71 0
36 72 1
37 73 1
37 74 0
38 75 1
38 76 1
39 77 0
39 78 0
40 79 0
40 80 0
41 81 1
41 82 0
42 83 1
42 84 1
43 85 1
43 86 0
44 87 0
44 88 1
45 89 1
45 90 1
46 91 0
46 92 0
47 93 0
47 94 1
48 95 0
48 96 0
49 97 1
49 98 0
50 99 1
50 100 1
