# Edges (u,v,w)
1 2 8
2 3 4
2 4 6
3 5 3
3 6 6
4 7 7
4 8 8
5 9 5
5 10 5
6 11 7
6 12 7
7 13 2
7 14 10
8 15 8
8 16 7
9 17 4
9 18 6
10 19 7
10 20 4
11 21 5
11 22 10
12 23 5
12 24 4
13 25 5
13 26 5
14 27 5
14 28 6
15 29 3
15 30 4
16 31 10
16 32 4
17 33 6
17 34 5
18 35 10
18 36 2
19 37 1
19 38 6
20 39 8
20 40 2
21 41 6
21 42 5
22 43 5
22 44 7
23 45 4
23 46 2
24 47 6
24 48 9
25 49 1
25 50 6
26 51 3
26 52 2
27 53 2
27 54 1
28 55 5
28 56 5
29 57 3
29 58 4
30 59 7
30 60 5
31 61 1
31 62 8
32 63 5
32 64 9
33 65 6
33 66 1
34 67 4
34 68 4
35 69 1
35 70 8
36 71 6
36 72 2
37 73 8
37 74 4
38 75 4
38 76 6
39 77 5
39 78 4
40 79 7
40 80 8
41 81 5
41 82 6
42 83 5
42 84 10
43 85 9
43 86 4
44 87 9
44 88 5
45 89 1
45 90 6
46 91 4
46 92 5
47 93 6
47 94 7
48 95 3
48 96 10
49 97 7
49 98 7
50 99 7
50 100 7
