# Edges (u,v,w)
1 2 8
2 3 2
2 4 10
3 5 9
3 6 9
4 7 3
4 8 5
5 9 1
5 10 1
6 11 5
6 12 4
7 13 5
7 14 3
8 15 8
8 16 3
9 17 9
9 18 5
10 19 10
10 20 6
11 21 1
11 22 9
12 23 1
12 24 1
13 25 5
13 26 10
14 27 5
14 28 1
15 29 4
15 30 5
16 31 2
16 32 8
17 33 7
17 34 6
18 35 4
18 36 3
19 37 2
19 38 3
20 39 9
20 40 10
21 41 9
21 42 4
22 43 4
22 44 10
23 45 10
23 46 3
24 47 10
24 48 6
25 49 2
25 50 7
26 51 5
26 52 2
27 53 3
27 54 9
28 55 9
28 56 5
29 57 8
29 58 2
30 59 8
30 60 3
31 61 2
31 62 2
32 63 5
32 64 8
33 65 9
33 66 7
34 67 6
34 68 1
35 69 3
35 70 1
36 71 1
36 72 10
37 73 8
37 74 8
38 75 7
38 76 3
39 77 9
39 78 8
40 79 5
40 80 4
41 81 4
41 82 6
42 83 1
42 84 9
43 85 5
43 86 8
44 87 2
44 88 6
45 89 9
45 90 8
46 91 2
46 92 4
47 93 5
47 94 4
48 95 3
48 96 2
49 97 7
49 98 8
50 99 2
50 100 10
