# Edges (u,v,w)
1 2 1
2 3 0
2 4 1
3 5 1
3 6 0
4 7 1
4 8 1
5 9 0
5 10 1
6 11 0
6 12 0
7 13 0
7 14 0
8 15 0
8 16 0
9 17 1
9 18 1
10 19 1
10 20 1
11 21 1
11 22 0
12 23 1
12 24 1
13 25 1
13 26 1
14 27 0
14 28 1
15 29 1
15 30 0
16 31 1
16 32 0
17 33 0
17 34 0
18 35 1
18 36 0
19 37 0
19 38 0
20 39 1
20 40 0
21 41 0
21 42 0
22 43 0
22 44 0
23 45 0
23 46 1
24 47 1
24 48 0
25 49 0
25 50 0
26 51 0
26 52 0
27 53 0
27 54 1
28 55 0
28 56 1
29 57 0
29 58 0
30 59 1
30 60 0
31 61 0
31 62 0
32 63 1
32 64 1
33 65 0
33 66 1
34 67 1
34 68 1
35 69 1
35 70 1
36 71 1
36 72 0
37 73 1
37 74 1
38 75 1
38 76 1
39 77 0
39 78 1
40 79 1
40 80 1
41 81 1
41 82 0
42 83 0
42 84 1
43 85 0
43 86 1
44 87 0
44 88 1
45 89 1
45 90 0
46 91 1
46 92 1
47 93 1
47 94 1
48 95 1
48 96 1
49 97 1
49 98 1
50 99 1
50 100 0
