# Edges (u,v,w)
1 2 10
2 3 5
2 4 8
3 5 5
3 6 7
4 7 3
4 8 10
5 9 10
5 10 2
6 11 10
6 12 10
7 13 1
7 14 10
8 15 10
8 16 1
9 17 9
9 18 3
10 19 5
10 20 6
11 21 6
11 22 10
12 23 9
12 24 4
13 25 2
13 26 3
14 27 4
14 28 7
15 29 2
15 30 6
16 31 1
16 32 7
17 33 2
17 34 10
18 35 3
18 36 10
19 37 10
19 38 4
20 39 4
20 40 8
21 41 4
21 42 3
22 43 2
22 44 2
23 45 1
23 46 4
24 47 3
24 48 8
25 49 3
25 50 2
26 51 10
26 52 9
27 53 5
27 54 3
28 55 5
28 56 9
29 57 8
29 58 1
30 59 8
30 60 3
31 61 10
31 62 7
32 63 5
32 64 6
33 65 10
33 66 2
34 67 8
34 68 4
35 69 9
35 70 10
36 71 5
36 72 6
37 73 9
37 74 2
38 75 10
38 76 6
39 77 1
39 78 5
40 79 8
40 80 9
41 81 6
41 82 8
42 83 4
42 84 7
43 85 7
43 86 8
44 87 1
44 88 10
45 89 3
45 90 1
46 91 6
46 92 9
47 93 9
47 94 8
48 95 4
48 96 5
49 97 9
49 98 7
50 99 9
50 100 2
