# Edges (u,v,w)
1 2 2
2 3 6
2 4 3
3 5 8
3 6 4
4 7 6
4 8 2
5 9 10
5 10 8
6 11 9
6 12 10
7 13 1
7 14 10
8 15 7
8 16 6
9 17 3
9 18 4
10 19 6
10 20 9
11 21 9
11 22 4
12 23 8
12 24 9
13 25 10
13 26 7
14 27 6
14 28 2
15 29 9
15 30 6
16 31 6
16 32 6
17 33 8
17 34 6
18 35 8
18 36 3
19 37 8
19 38 6
20 39 6
20 40 10
21 41 2
21 42 9
22 43 10
22 44 2
23 45 9
23 46 1
24 47 9
24 48 4
25 49 4
25 50 8
26 51 4
26 52 10
27 53 4
27 54 5
28 55 9
28 56 5
29 57 1
29 58 9
30 59 2
30 60 2
31 61 6
31 62 3
32 63 7
32 64 7
33 65 6
33 66 4
34 67 9
34 68 9
35 69 3
35 70 2
36 71 6
36 72 9
37 73 4
37 74 9
38 75 8
38 76 2
39 77 1
39 78 4
40 79 6
40 80 10
41 81 8
41 82 6
42 83 9
42 84 3
43 85 1
43 86 9
44 87 10
44 88 3
45 89 3
45 90 1
46 91 6
46 92 1
47 93 8
47 94 6
48 95 6
48 96 9
49 97 10
49 98 8
50 99 7
50 100 1
