# Edges (u,v,w)
1 2 9
2 3 9
2 4 5
3 5 7
3 6 2
4 7 6
4 8 5
5 9 10
5 10 2
6 11 1
6 12 7
7 13 9
7 14 2
8 15 3
8 16 5
9 17 8
9 18 1
10 19 4
10 20 2
11 21 8
11 22 6
12 23 6
12 24 5
13 25 2
13 26 7
14 27 10
14 28 6
15 29 7
15 30 2
16 31 5
16 32 10
17 33 3
17 34 7
18 35 2
18 36 9
19 37 3
19 38 3
20 39 3
20 40 5
21 41 1
21 42 3
22 43 4
22 44 10
23 45 5
23 46 5
24 47 6
24 48 7
25 49 2
25 50 3
26 51 7
26 52 8
27 53 7
27 54 3
28 55 5
28 56 5
29 57 10
29 58 1
30 59 1
30 60 2
31 61 7
31 62 1
32 63 5
32 64 7
33 65 7
33 66 1
34 67 10
34 68 10
35 69 4
35 70 1
36 71 6
36 72 10
37 73 3
37 74 5
38 75 1
38 76 7
39 77 2
39 78 1
40 79 2
40 80 9
41 81 5
41 82 5
42 83 7
42 84 10
43 85 10
43 86 9
44 87 9
44 88 4
45 89 9
45 90 6
46 91 2
46 92 6
47 93 2
47 94 8
48 95 8
48 96 1
49 97 5
49 98 10
50 99 8
50 100 1
