# Edges (u,v,w)
1 2 1
2 3 6
2 4 1
3 5 3
3 6 4
4 7 9
4 8 2
5 9 8
5 10 5
6 11 8
6 12 4
7 13 5
7 14 7
8 15 6
8 16 4
9 17 2
9 18 8
10 19 3
10 20 9
11 21 3
11 22 4
12 23 3
12 24 4
13 25 8
13 26 1
14 27 5
14 28 5
15 29 10
15 30 1
16 31 5
16 32 3
17 33 4
17 34 4
18 35 2
18 36 9
19 37 6
19 38 2
20 39 5
20 40 7
21 41 4
21 42 6
22 43 3
22 44 10
23 45 10
23 46 7
24 47 1
24 48 5
25 49 10
25 50 1
26 51 1
26 52 2
27 53 8
27 54 7
28 55 5
28 56 3
29 57 3
29 58 8
30 59 5
30 60 5
31 61 8
31 62 7
32 63 6
32 64 10
33 65 8
33 66 3
34 67 1
34 68 9
35 69 3
35 70 7
36 71 5
36 72 5
37 73 7
37 74 8
38 75 9
38 76 10
39 77 3
39 78 4
40 79 3
40 80 4
41 81 6
41 82 5
42 83 3
42 84 8
43 85 10
43 86 5
44 87 2
44 88 9
45 89 4
45 90 1
46 91 1
46 92 1
47 93 6
47 94 10
48 95 2
48 96 6
49 97 5
49 98 5
50 99 3
50 100 10
