# Edges (u,v,w)
1 2 2
2 3 1
2 4 8
3 5 1
3 6 6
4 7 4
4 8 10
5 9 4
5 10 6
6 11 6
6 12 9
7 13 3
7 14 7
8 15 2
8 16 7
9 17 5
9 18 9
10 19 4
10 20 8
11 21 10
11 22 5
12 23 6
12 24 7
13 25 8
13 26 7
14 27 2
14 28 4
15 29 3
15 30 9
16 31 3
16 32 3
17 33 6
17 34 3
18 35 5
18 36 9
19 37 9
19 38 9
20 39 4
20 40 8
21 41 6
21 42 10
22 43 7
22 44 4
23 45 8
23 46 3
24 47 10
24 48 2
25 49 4
25 50 9
26 51 3
26 52 7
27 53 8
27 54 6
28 55 8
28 56 10
29 57 3
29 58 10
30 59 5
30 60 3
31 61 4
31 62 9
32 63 4
32 64 5
33 65 7
33 66 9
34 67 8
34 68 7
35 69 7
35 70 10
36 71 1
36 72 10
37 73 8
37 74 4
38 75 3
38 76 8
39 77 10
39 78 8
40 79 8
40 80 7
41 81 7
41 82 1
42 83 1
42 84 1
43 85 4
43 86 6
44 87 8
44 88 10
45 89 7
45 90 1
46 91 1
46 92 3
47 93 5
47 94 3
48 95 9
48 96 6
49 97 4
49 98 6
50 99 4
50 100 3
