# Edges (u,v,w)
1 2 8
2 3 3
2 4 3
3 5 5
3 6 10
4 7 7
4 8 10
5 9 5
5 10 3
6 11 10
6 12 2
7 13 9
7 14 6
8 15 8
8 16 9
9 17 9
9 18 3
10 19 1
10 20 9
11 21 3
11 22 9
12 23 5
12 24 9
13 25 6
13 26 7
14 27 2
14 28 10
15 29 4
15 30 9
16 31 1
16 32 6
17 33 2
17 34 3
18 35 3
18 36 7
19 37 9
19 38 6
20 39 5
20 40 3
21 41 9
21 42 5
22 43 10
22 44 10
23 45 4
23 46 8
24 47 5
24 48 8
25 49 2
25 50 10
26 51 7
26 52 7
27 53 4
27 54 3
28 55 2
28 56 10
29 57 7
29 58 10
30 59 10
30 60 6
31 61 9
31 62 8
32 63 10
32 64 5
33 65 4
33 66 9
34 67 5
34 68 8
35 69 8
35 70 9
36 71 4
36 72 10
37 73 2
37 74 7
38 75 5
38 76 10
39 77 7
39 78 3
40 79 4
40 80 1
41 81 4
41 82 4
42 83 9
42 84 7
43 85 2
43 86 2
44 87 7
44 88 7
45 89 7
45 90 2
46 91 8
46 92 5
47 93 10
47 94 4
48 95 10
48 96 6
49 97 5
49 98 3
50 99 6
50 100 2
