# Edges (u,v,w)
1 2 9
2 3 6
2 4 4
3 5 4
3 6 3
4 7 8
4 8 9
5 9 4
5 10 10
6 11 7
6 12 4
7 13 9
7 14 7
8 15 6
8 16 6
9 17 2
9 18 10
10 19 1
10 20 8
11 21 5
11 22 10
12 23 7
12 24 5
13 25 4
13 26 9
14 27 2
14 28 10
15 29 4
15 30 10
16 31 8
16 32 4
17 33 1
17 34 8
18 35 10
18 36 1
19 37 4
19 38 10
20 39 1
20 40 7
21 41 8
21 42 1
22 43 9
22 44 8
23 45 2
23 46 2
24 47 1
24 48 5
25 49 8
25 50 7
26 51 2
26 52 6
27 53 5
27 54 9
28 55 7
28 56 9
29 57 10
29 58 9
30 59 8
30 60 3
31 61 9
31 62 8
32 63 2
32 64 2
33 65 2
33 66 9
34 67 2
34 68 9
35 69 10
35 70 1
36 71 3
36 72 7
37 73 8
37 74 6
38 75 5
38 76 3
39 77 10
39 78 5
40 79 6
40 80 1
41 81 7
41 82 6
42 83 8
42 84 4
43 85 10
43 86 1
44 87 2
44 88 6
45 89 2
45 90 7
46 91 10
46 92 5
47 93 3
47 94 7
48 95 7
48 96 4
49 97 1
49 98 3
50 99 9
50 100 2
