# Edges (u,v,w)
1 2 8
2 3 6
2 4 9
3 5 3
3 6 6
4 7 4
4 8 8
5 9 2
5 10 7
6 11 4
6 12 5
7 13 1
7 14 8
8 15 2
8 16 10
9 17 6
9 18 3
10 19 3
10 20 5
11 21 3
11 22 8
12 23 5
12 24 10
13 25 6
13 26 4
14 27 3
14 28 3
15 29 3
15 30 1
16 31 6
16 32 4
17 33 3
17 34 7
18 35 5
18 36 9
19 37 4
19 38 6
20 39 3
20 40 8
21 41 10
21 42 7
22 43 3
22 44 2
23 45 7
23 46 3
24 47 6
24 48 4
25 49 2
25 50 8
26 51 6
26 52 8
27 53 5
27 54 5
28 55 4
28 56 6
29 57 5
29 58 1
30 59 9
30 60 7
31 61 2
31 62 2
32 63 8
32 64 8
33 65 2
33 66 1
34 67 2
34 68 5
35 69 10
35 70 8
36 71 4
36 72 3
37 73 8
37 74 6
38 75 3
38 76 9
39 77 3
39 78 9
40 79 3
40 80 3
41 81 1
41 82 2
42 83 4
42 84 3
43 85 6
43 86 8
44 87 5
44 88 9
45 89 10
45 90 6
46 91 8
46 92 10
47 93 10
47 94 3
48 95 8
48 96 8
49 97 6
49 98 6
50 99 3
50 100 1
