# Edges (u,v,w)
1 2 1
2 3 5
2 4 1
3 5 3
3 6 3
4 7 10
4 8 5
5 9 8
5 10 9
6 11 2
6 12 4
7 13 10
7 14 2
8 15 2
8 16 7
9 17 9
9 18 4
10 19 6
10 20 2
11 21 7
11 22 2
12 23 1
12 24 4
13 25 4
13 26 10
14 27 10
14 28 3
15 29 7
15 30 10
16 31 2
16 32 4
17 33 4
17 34 10
18 35 2
18 36 1
19 37 6
19 38 5
20 39 5
20 40 8
21 41 6
21 42 6
22 43 3
22 44 9
23 45 4
23 46 2
24 47 7
24 48 6
25 49 6
25 50 2
26 51 10
26 52 7
27 53 1
27 54 9
28 55 8
28 56 7
29 57 9
29 58 4
30 59 4
30 60 10
31 61 8
31 62 3
32 63 4
32 64 4
33 65 4
33 66 8
34 67 7
34 68 10
35 69 1
35 70 3
36 71 3
36 72 6
37 73 4
37 74 3
38 75 3
38 76 5
39 77 1
39 78 2
40 79 2
40 80 5
41 81 2
41 82 8
42 83 3
42 84 10
43 85 7
43 86 6
44 87 6
44 88 8
45 89 6
45 90 3
46 91 7
46 92 6
47 93 8
47 94 6
48 95 5
48 96 4
49 97 8
49 98 2
50 99 6
50 100 7
