# Edges (u,v,w)
1 2 7
2 3 1
2 4 3
3 5 3
3 6 8
4 7 4
4 8 9
5 9 7
5 10 4
6 11 10
6 12 8
7 13 9
7 14 2
8 15 3
8 16 1
9 17 7
9 18 6
10 19 3
10 20 10
11 21 10
11 22 3
12 23 5
12 24 2
13 25 7
13 26 2
14 27 3
14 28 7
15 29 9
15 30 2
16 31 4
16 32 1
17 33 4
17 34 6
18 35 2
18 36 1
19 37 1
19 38 5
20 39 7
20 40 9
21 41 5
21 42 9
22 43 4
22 44 7
23 45 5
23 46 10
24 47 9
24 48 8
25 49 5
25 50 5
26 51 1
26 52 7
27 53 6
27 54 1
28 55 9
28 56 8
29 57 6
29 58 9
30 59 7
30 60 1
31 61 3
31 62 2
32 63 6
32 64 4
33 65 2
33 66 10
34 67 4
34 68 9
35 69 6
35 70 5
36 71 7
36 72 2
37 73 10
37 74 3
38 75 2
38 76 1
39 77 7
39 78 6
40 79 10
40 80 9
41 81 5
41 82 8
42 83 8
42 84 4
43 85 6
43 86 6
44 87 8
44 88 8
45 89 5
45 90 6
46 91 6
46 92 9
47 93 3
47 94 10
48 95 1
48 96 3
49 97 1
49 98 4
50 99 5
50 100 9
