# Edges (u,v,w)
1 2 6
2 3 2
2 4 1
3 5 8
3 6 1
4 7 6
4 8 1
5 9 4
5 10 5
6 11 6
6 12 7
7 13 1
7 14 2
8 15 3
8 16 4
9 17 7
9 18 2
10 19 6
10 20 8
11 21 8
11 22 5
12 23 5
12 24 3
13 25 5
13 26 9
14 27 6
14 28 10
15 29 3
15 30 3
16 31 3
16 32 6
17 33 9
17 34 9
18 35 3
18 36 9
19 37 3
19 38 6
20 39 7
20 40 4
21 41 5
21 42 6
22 43 7
22 44 3
23 45 4
23 46 6
24 47 9
24 48 6
25 49 5
25 50 2
26 51 7
26 52 8
27 53 1
27 54 9
28 55 6
28 56 6
29 57 4
29 58 7
30 59 2
30 60 8
31 61 2
31 62 3
32 63 8
32 64 2
33 65 1
33 66 6
34 67 9
34 68 4
35 69 7
35 70 7
36 71 9
36 72 6
37 73 2
37 74 10
38 75 7
38 76 3
39 77 4
39 78 3
40 79 6
40 80 5
41 81 1
41 82 5
42 83 6
42 84 7
43 85 4
43 86 2
44 87 5
44 88 5
45 89 1
45 90 6
46 91 5
46 92 6
47 93 5
47 94 10
48 95 8
48 96 8
49 97 4
49 98 7
50 99 1
50 100 10
