# Edges (u,v,w)
1 2 1
2 3 3
2 4 10
3 5 7
3 6 3
4 7 7
4 8 6
5 9 3
5 10 1
6 11 9
6 12 7
7 13 10
7 14 4
8 15 7
8 16 4
9 17 1
9 18 4
10 19 5
10 20 2
11 21 8
11 22 5
12 23 5
12 24 9
13 25 1
13 26 8
14 27 5
14 28 9
15 29 4
15 30 1
16 31 9
16 32 5
17 33 10
17 34 8
18 35 6
18 36 2
19 37 1
19 38 2
20 39 7
20 40 6
21 41 6
21 42 8
22 43 4
22 44 5
23 45 7
23 46 8
24 47 7
24 48 4
25 49 5
25 50 5
26 51 9
26 52 1
27 53 9
27 54 3
28 55 3
28 56 8
29 57 2
29 58 9
30 59 5
30 60 1
31 61 1
31 62 7
32 63 5
32 64 4
33 65 10
33 66 9
34 67 10
34 68 9
35 69 3
35 70 10
36 71 7
36 72 1
37 73 3
37 74 8
38 75 4
38 76 2
39 77 9
39 78 9
40 79 1
40 80 10
41 81 9
41 82 3
42 83 3
42 84 2
43 85 9
43 86 1
44 87 3
44 88 1
45 89 3
45 90 7
46 91 5
46 92 9
47 93 8
47 94 9
48 95 6
48 96 1
49 97 9
49 98 5
50 99 9
50 100 2
