# Edges (u,v,w)
1 2 94
1 3 95
2 4 84
2 5 87
3 6 73
3 7 87
4 8 24
4 9 31
5 10 7
5 11 28
6 12 66
6 13 72
7 14 1
7 15 3
8 16 64
8 17 32
9 18 19
9 19 80
10 20 10
10 21 88
11 22 71
11 23 73
12 24 100
12 25 8
13 26 19
13 27 19
14 28 26
14 29 40
15 30 92
15 31 36
16 32 69
16 33 8
17 34 63
17 35 31
18 36 94
18 37 41
19 38 20
19 39 42
20 40 13
20 41 96
21 42 28
21 43 63
22 44 72
22 45 37
23 46 24
23 47 42
24 48 55
24 49 24
25 50 33
25 51 1
26 52 34
26 53 12
27 54 52
27 55 33
28 56 7
28 57 63
29 58 64
29 59 71
30 60 79
30 61 99
31 62 81
31 63 96
32 64 35
32 65 100
33 66 17
33 67 91
34 68 90
34 69 14
35 70 24
35 71 30
36 72 87
36 73 33
37 74 5
37 75 44
38 76 51
38 77 23
39 78 37
39 79 56
40 80 88
