# Edges (u,v,w)
1 2 93
1 3 47
2 4 24
2 5 89
3 6 84
3 7 25
4 8 74
4 9 4
5 10 38
5 11 47
6 12 94
6 13 55
7 14 89
7 15 100
8 16 90
8 17 81
9 18 28
9 19 28
10 20 54
10 21 90
11 22 18
11 23 85
12 24 45
12 25 22
13 26 8
13 27 43
14 28 59
14 29 65
15 30 11
15 31 46
16 32 61
16 33 74
17 34 96
17 35 66
18 36 65
18 37 88
19 38 88
19 39 28
20 40 4
20 41 52
21 42 94
21 43 98
22 44 79
22 45 100
23 46 56
23 47 83
24 48 88
24 49 3
25 50 69
25 51 69
26 52 4
26 53 57
27 54 88
27 55 70
28 56 99
28 57 1
29 58 35
29 59 56
30 60 74
30 61 72
31 62 4
31 63 83
32 64 1
32 65 84
33 66 30
33 67 23
34 68 94
34 69 89
35 70 42
35 71 84
36 72 18
36 73 67
37 74 69
37 75 78
38 76 89
38 77 34
39 78 80
39 79 79
40 80 100
