# Edges (u,v,w)
1 2 88
1 3 75
2 4 93
2 5 28
3 6 6
3 7 33
4 8 35
4 9 83
5 10 64
5 11 84
6 12 48
6 13 68
7 14 48
7 15 92
8 16 83
8 17 91
9 18 11
9 19 33
10 20 49
10 21 12
11 22 40
11 23 96
12 24 50
12 25 33
13 26 27
13 27 80
14 28 79
14 29 12
15 30 60
15 31 58
16 32 14
16 33 30
17 34 79
17 35 67
18 36 21
18 37 30
19 38 24
19 39 82
20 40 32
20 41 63
21 42 32
21 43 35
22 44 51
22 45 24
23 46 65
23 47 46
24 48 71
24 49 45
25 50 25
25 51 91
26 52 97
26 53 95
27 54 12
27 55 77
28 56 26
28 57 68
29 58 15
29 59 37
30 60 7
30 61 84
31 62 99
31 63 100
32 64 39
32 65 1
33 66 76
33 67 89
34 68 78
34 69 11
35 70 49
35 71 50
36 72 40
36 73 27
37 74 1
37 75 72
38 76 56
38 77 59
39 78 28
39 79 46
40 80 30
