# Edges (u,v,w)
1 2 44
1 3 97
2 4 69
2 5 61
3 6 5
3 7 87
4 8 20
4 9 25
5 10 27
5 11 4
6 12 84
6 13 70
7 14 95
7 15 34
8 16 15
8 17 38
9 18 30
9 19 97
10 20 31
10 21 82
11 22 29
11 23 12
12 24 9
12 25 21
13 26 40
13 27 53
14 28 43
14 29 64
15 30 42
15 31 41
16 32 48
16 33 64
17 34 86
17 35 62
18 36 46
18 37 11
19 38 57
19 39 15
20 40 62
20 41 28
21 42 73
21 43 83
22 44 92
22 45 38
23 46 64
23 47 90
24 48 98
24 49 67
25 50 76
25 51 45
26 52 31
26 53 86
27 54 14
27 55 62
28 56 93
28 57 24
29 58 86
29 59 52
30 60 90
30 61 8
31 62 93
31 63 60
32 64 49
32 65 32
33 66 19
33 67 60
34 68 43
34 69 44
35 70 15
35 71 85
36 72 83
36 73 59
37 74 55
37 75 36
38 76 74
38 77 45
39 78 70
39 79 45
40 80 60
