# Edges (u,v,w)
1 2 19
1 3 74
2 4 76
2 5 4
3 6 31
3 7 79
4 8 13
4 9 60
5 10 19
5 11 85
6 12 88
6 13 40
7 14 37
7 15 92
8 16 10
8 17 2
9 18 77
9 19 39
10 20 73
10 21 89
11 22 32
11 23 99
12 24 18
12 25 89
13 26 38
13 27 26
14 28 91
14 29 54
15 30 80
15 31 28
16 32 69
16 33 95
17 34 64
17 35 65
18 36 38
18 37 57
19 38 45
19 39 42
20 40 90
20 41 70
21 42 87
21 43 44
22 44 9
22 45 67
23 46 1
23 47 10
24 48 36
24 49 90
25 50 39
25 51 91
26 52 62
26 53 34
27 54 32
27 55 43
28 56 38
28 57 34
29 58 93
29 59 86
30 60 66
30 61 51
31 62 31
31 63 2
32 64 41
32 65 2
33 66 96
33 67 66
34 68 35
34 69 16
35 70 70
35 71 51
36 72 2
36 73 90
37 74 79
37 75 82
38 76 89
38 77 8
39 78 31
39 79 78
40 80 94
