# Edges (u,v,w)
1 2 63
1 3 18
2 4 61
2 5 7
3 6 76
3 7 98
4 8 54
4 9 69
5 10 16
5 11 1
6 12 7
6 13 11
7 14 69
7 15 84
8 16 57
8 17 38
9 18 89
9 19 13
10 20 12
10 21 30
11 22 25
11 23 74
12 24 82
12 25 29
13 26 100
13 27 83
14 28 87
14 29 57
15 30 45
15 31 7
16 32 56
16 33 67
17 34 85
17 35 9
18 36 59
18 37 64
19 38 28
19 39 92
20 40 63
20 41 32
21 42 59
21 43 79
22 44 53
22 45 49
23 46 89
23 47 41
24 48 28
24 49 3
25 50 10
25 51 10
26 52 4
26 53 76
27 54 11
27 55 92
28 56 23
28 57 32
29 58 76
29 59 2
30 60 17
30 61 71
31 62 60
31 63 52
32 64 1
32 65 40
33 66 57
33 67 63
34 68 45
34 69 30
35 70 60
35 71 32
36 72 21
36 73 44
37 74 66
37 75 45
38 76 75
38 77 84
39 78 78
39 79 64
40 80 52
