# Edges (u,v,w)
1 2 49
1 3 22
2 4 61
2 5 63
3 6 93
3 7 43
4 8 60
4 9 69
5 10 86
5 11 17
6 12 11
6 13 24
7 14 68
7 15 4
8 16 48
8 17 98
9 18 59
9 19 97
10 20 51
10 21 83
11 22 98
11 23 8
12 24 76
12 25 65
13 26 39
13 27 96
14 28 17
14 29 63
15 30 78
15 31 3
16 32 58
16 33 40
17 34 4
17 35 47
18 36 16
18 37 53
19 38 16
19 39 58
20 40 57
20 41 94
21 42 7
21 43 63
22 44 22
22 45 64
23 46 49
23 47 25
24 48 75
24 49 47
25 50 8
25 51 6
26 52 7
26 53 76
27 54 98
27 55 79
28 56 48
28 57 48
29 58 87
29 59 82
30 60 78
30 61 64
31 62 3
31 63 80
32 64 14
32 65 36
33 66 18
33 67 41
34 68 78
34 69 28
35 70 84
35 71 18
36 72 34
36 73 65
37 74 71
37 75 6
38 76 16
38 77 76
39 78 15
39 79 96
40 80 8
