# Edges (u,v,w)
1 2 46
1 3 88
2 4 100
2 5 97
3 6 95
3 7 51
4 8 94
4 9 48
5 10 18
5 11 75
6 12 36
6 13 59
7 14 33
7 15 98
8 16 10
8 17 4
9 18 40
9 19 51
10 20 80
10 21 69
11 22 60
11 23 61
12 24 71
12 25 69
13 26 3
13 27 98
14 28 44
14 29 13
15 30 59
15 31 45
16 32 66
16 33 44
17 34 80
17 35 39
18 36 66
18 37 77
19 38 21
19 39 16
20 40 64
20 41 48
21 42 56
21 43 3
22 44 13
22 45 36
23 46 22
23 47 92
24 48 49
24 49 53
25 50 86
25 51 45
26 52 32
26 53 55
27 54 13
27 55 46
28 56 84
28 57 55
29 58 18
29 59 92
30 60 50
30 61 21
31 62 41
31 63 80
32 64 24
32 65 98
33 66 20
33 67 22
34 68 11
34 69 56
35 70 77
35 71 6
36 72 78
36 73 31
37 74 58
37 75 88
38 76 90
38 77 58
39 78 11
39 79 37
40 80 93
