# Edges (u,v,w)
1 2 57
1 3 87
2 4 63
2 5 9
3 6 99
3 7 21
4 8 85
4 9 27
5 10 3
5 11 68
6 12 60
6 13 73
7 14 13
7 15 24
8 16 35
8 17 74
9 18 47
9 19 1
10 20 95
10 21 17
11 22 67
11 23 5
12 24 53
12 25 13
13 26 78
13 27 69
14 28 48
14 29 24
15 30 36
15 31 34
16 32 10
16 33 20
17 34 52
17 35 21
18 36 82
18 37 8
19 38 15
19 39 72
20 40 76
20 41 67
21 42 22
21 43 100
22 44 30
22 45 57
23 46 8
23 47 73
24 48 34
24 49 76
25 50 79
25 51 76
26 52 61
26 53 56
27 54 11
27 55 35
28 56 27
28 57 67
29 58 56
29 59 10
30 60 20
30 61 92
31 62 1
31 63 43
32 64 57
32 65 75
33 66 5
33 67 75
34 68 60
34 69 75
35 70 28
35 71 57
36 72 84
36 73 31
37 74 8
37 75 6
38 76 24
38 77 26
39 78 33
39 79 93
40 80 24
