# Edges (u,v,w)
1 2 36
1 3 98
2 4 40
2 5 95
3 6 85
3 7 18
4 8 10
4 9 64
5 10 74
5 11 36
6 12 27
6 13 62
7 14 79
7 15 58
8 16 82
8 17 30
9 18 3
9 19 80
10 20 47
10 21 98
11 22 16
11 23 12
12 24 77
12 25 10
13 26 81
13 27 15
14 28 41
14 29 90
15 30 2
15 31 18
16 32 79
16 33 93
17 34 52
17 35 98
18 36 42
18 37 20
19 38 41
19 39 29
20 40 2
20 41 16
21 42 45
21 43 51
22 44 55
22 45 28
23 46 9
23 47 63
24 48 27
24 49 92
25 50 91
25 51 88
26 52 57
26 53 7
27 54 15
27 55 8
28 56 97
28 57 96
29 58 34
29 59 75
30 60 99
30 61 81
31 62 49
31 63 58
32 64 100
32 65 27
33 66 57
33 67 86
34 68 65
34 69 4
35 70 92
35 71 52
36 72 37
36 73 66
37 74 100
37 75 51
38 76 3
38 77 7
39 78 92
39 79 33
40 80 69
