# Edges (u,v,w)
1 2 36
1 3 55
2 4 51
2 5 38
3 6 33
3 7 10
4 8 99
4 9 69
5 10 98
5 11 35
6 12 31
6 13 5
7 14 74
7 15 52
8 16 72
8 17 22
9 18 92
9 19 80
10 20 57
10 21 79
11 22 91
11 23 90
12 24 43
12 25 76
13 26 16
13 27 88
14 28 46
14 29 79
15 30 81
15 31 59
16 32 43
16 33 43
17 34 45
17 35 35
18 36 12
18 37 7
19 38 19
19 39 71
20 40 64
20 41 45
21 42 18
21 43 34
22 44 1
22 45 19
23 46 94
23 47 53
24 48 98
24 49 34
25 50 45
25 51 9
26 52 79
26 53 4
27 54 22
27 55 62
28 56 8
28 57 16
29 58 31
29 59 31
30 60 76
30 61 74
31 62 36
31 63 65
32 64 62
32 65 31
33 66 37
33 67 27
34 68 45
34 69 100
35 70 22
35 71 69
36 72 45
36 73 32
37 74 31
37 75 30
38 76 4
38 77 78
39 78 86
39 79 1
40 80 26
