# Edges (u,v,w)
1 2 79
1 3 56
2 4 77
2 5 9
3 6 49
3 7 54
4 8 9
4 9 50
5 10 39
5 11 1
6 12 69
6 13 7
7 14 18
7 15 85
8 16 96
8 17 90
9 18 35
9 19 61
10 20 39
10 21 53
11 22 10
11 23 43
12 24 12
12 25 96
13 26 95
13 27 78
14 28 92
14 29 56
15 30 44
15 31 31
16 32 56
16 33 67
17 34 4
17 35 67
18 36 30
18 37 84
19 38 22
19 39 4
20 40 30
20 41 11
21 42 25
21 43 67
22 44 10
22 45 89
23 46 18
23 47 33
24 48 40
24 49 74
25 50 8
25 51 11
26 52 94
26 53 37
27 54 66
27 55 92
28 56 76
28 57 71
29 58 32
29 59 46
30 60 98
30 61 54
31 62 36
31 63 80
32 64 94
32 65 16
33 66 2
33 67 33
34 68 94
34 69 73
35 70 30
35 71 62
36 72 57
36 73 93
37 74 14
37 75 40
38 76 9
38 77 15
39 78 78
39 79 39
40 80 36
