# Edges (u,v,w)
1 2 37
1 3 60
2 4 73
2 5 45
3 6 11
3 7 20
4 8 82
4 9 44
5 10 6
5 11 35
6 12 93
6 13 67
7 14 63
7 15 51
8 16 73
8 17 19
9 18 48
9 19 97
10 20 59
10 21 1
11 22 42
11 23 76
12 24 39
12 25 10
13 26 53
13 27 99
14 28 47
14 29 87
15 30 63
15 31 71
16 32 91
16 33 58
17 34 81
17 35 31
18 36 62
18 37 52
19 38 89
19 39 97
20 40 77
20 41 1
21 42 95
21 43 83
22 44 63
22 45 54
23 46 52
23 47 35
24 48 43
24 49 51
25 50 67
25 51 84
26 52 96
26 53 61
27 54 49
27 55 24
28 56 56
28 57 86
29 58 73
29 59 57
30 60 25
30 61 13
31 62 20
31 63 60
32 64 1
32 65 6
33 66 81
33 67 43
34 68 70
34 69 63
35 70 33
35 71 69
36 72 13
36 73 79
37 74 99
37 75 98
38 76 93
38 77 18
39 78 51
39 79 25
40 80 97
