# Edges (u,v,w)
1 2 52
1 3 64
2 4 2
2 5 59
3 6 45
3 7 12
4 8 37
4 9 40
5 10 59
5 11 22
6 12 16
6 13 73
7 14 89
7 15 31
8 16 6
8 17 9
9 18 73
9 19 97
10 20 25
10 21 35
11 22 84
11 23 37
12 24 34
12 25 40
13 26 88
13 27 60
14 28 35
14 29 7
15 30 31
15 31 33
16 32 23
16 33 57
17 34 35
17 35 3
18 36 56
18 37 25
19 38 53
19 39 11
20 40 36
20 41 35
21 42 32
21 43 39
22 44 93
22 45 46
23 46 8
23 47 96
24 48 20
24 49 44
25 50 61
25 51 99
26 52 68
26 53 7
27 54 96
27 55 47
28 56 16
28 57 82
29 58 23
29 59 90
30 60 58
30 61 8
31 62 59
31 63 55
32 64 64
32 65 17
33 66 76
33 67 76
34 68 29
34 69 6
35 70 37
35 71 84
36 72 96
36 73 52
37 74 51
37 75 6
38 76 30
38 77 90
39 78 41
39 79 59
40 80 81
