# Edges (u,v,w)
1 2 94
1 3 55
2 4 16
2 5 8
3 6 74
3 7 69
4 8 20
4 9 41
5 10 87
5 11 9
6 12 5
6 13 58
7 14 90
7 15 7
8 16 61
8 17 92
9 18 72
9 19 87
10 20 66
10 21 96
11 22 49
11 23 93
12 24 35
12 25 37
13 26 65
13 27 10
14 28 13
14 29 75
15 30 12
15 31 82
16 32 3
16 33 67
17 34 42
17 35 19
18 36 21
18 37 69
19 38 44
19 39 82
20 40 50
20 41 92
21 42 77
21 43 32
22 44 31
22 45 64
23 46 100
23 47 80
24 48 74
24 49 74
25 50 62
25 51 44
26 52 45
26 53 21
27 54 19
27 55 29
28 56 46
28 57 68
29 58 38
29 59 78
30 60 30
30 61 83
31 62 48
31 63 26
32 64 99
32 65 13
33 66 3
33 67 10
34 68 44
34 69 3
35 70 15
35 71 68
36 72 64
36 73 58
37 74 47
37 75 94
38 76 10
38 77 74
39 78 5
39 79 17
40 80 23
