# Edges (u,v,w)
1 2 98
1 3 64
2 4 86
2 5 22
3 6 75
3 7 81
4 8 73
4 9 4
5 10 90
5 11 26
6 12 14
6 13 50
7 14 27
7 15 38
8 16 63
8 17 28
9 18 93
9 19 7
10 20 13
10 21 10
11 22 79
11 23 80
12 24 94
12 25 67
13 26 24
13 27 34
14 28 12
14 29 88
15 30 20
15 31 7
16 32 63
16 33 31
17 34 16
17 35 28
18 36 17
18 37 56
19 38 77
19 39 4
20 40 8
20 41 98
21 42 95
21 43 80
22 44 56
22 45 91
23 46 79
23 47 18
24 48 51
24 49 44
25 50 16
25 51 63
26 52 63
26 53 34
27 54 10
27 55 13
28 56 63
28 57 80
29 58 2
29 59 9
30 60 19
30 61 92
31 62 80
31 63 94
32 64 78
32 65 61
33 66 91
33 67 16
34 68 50
34 69 49
35 70 16
35 71 7
36 72 16
36 73 92
37 74 54
37 75 49
38 76 71
38 77 92
39 78 65
39 79 28
40 80 91
