# Edges (u,v,w)
1 2 84
1 3 58
2 4 95
2 5 78
3 6 38
3 7 86
4 8 68
4 9 73
5 10 56
5 11 57
6 12 39
6 13 35
7 14 17
7 15 25
8 16 100
8 17 81
9 18 55
9 19 57
10 20 51
10 21 3
11 22 27
11 23 49
12 24 19
12 25 71
13 26 70
13 27 87
14 28 8
14 29 4
15 30 28
15 31 43
16 32 30
16 33 53
17 34 36
17 35 91
18 36 19
18 37 76
19 38 94
19 39 96
20 40 53
20 41 97
21 42 39
21 43 14
22 44 60
22 45 65
23 46 35
23 47 31
24 48 52
24 49 20
25 50 85
25 51 32
26 52 100
26 53 97
27 54 2
27 55 15
28 56 12
28 57 7
29 58 19
29 59 27
30 60 81
30 61 60
31 62 19
31 63 21
32 64 94
32 65 21
33 66 6
33 67 20
34 68 74
34 69 73
35 70 20
35 71 93
36 72 83
36 73 84
37 74 20
37 75 99
38 76 86
38 77 34
39 78 35
39 79 13
40 80 93
