# Edges (u,v,w)
1 2 52
1 3 96
2 4 70
2 5 59
3 6 58
3 7 12
4 8 66
4 9 82
5 10 11
5 11 87
6 12 39
6 13 84
7 14 76
7 15 54
8 16 96
8 17 63
9 18 81
9 19 54
10 20 100
10 21 45
11 22 7
11 23 17
12 24 69
12 25 12
13 26 70
13 27 86
14 28 39
14 29 55
15 30 84
15 31 11
16 32 16
16 33 31
17 34 53
17 35 34
18 36 85
18 37 77
19 38 88
19 39 57
20 40 87
20 41 52
21 42 39
21 43 67
22 44 28
22 45 94
23 46 77
23 47 53
24 48 52
24 49 39
25 50 79
25 51 82
26 52 27
26 53 87
27 54 21
27 55 63
28 56 84
28 57 41
29 58 29
29 59 88
30 60 44
30 61 67
31 62 98
31 63 6
32 64 20
32 65 12
33 66 76
33 67 47
34 68 4
34 69 7
35 70 54
35 71 100
36 72 76
36 73 47
37 74 65
37 75 52
38 76 70
38 77 48
39 78 66
39 79 2
40 80 59
