# Edges (u,v,w)
1 2 46
1 3 90
2 4 13
2 5 75
3 6 70
3 7 81
4 8 60
4 9 27
5 10 93
5 11 99
6 12 35
6 13 75
7 14 77
7 15 9
8 16 23
8 17 3
9 18 52
9 19 9
10 20 70
10 21 70
11 22 23
11 23 81
12 24 31
12 25 82
13 26 40
13 27 84
14 28 12
14 29 2
15 30 57
15 31 98
16 32 69
16 33 47
17 34 96
17 35 92
18 36 13
18 37 25
19 38 8
19 39 54
20 40 87
20 41 87
21 42 47
21 43 21
22 44 55
22 45 34
23 46 27
23 47 52
24 48 86
24 49 18
25 50 28
25 51 41
26 52 47
26 53 91
27 54 3
27 55 22
28 56 61
28 57 90
29 58 81
29 59 63
30 60 39
30 61 8
31 62 46
31 63 49
32 64 62
32 65 55
33 66 49
33 67 3
34 68 85
34 69 70
35 70 61
35 71 5
36 72 11
36 73 46
37 74 13
37 75 1
38 76 8
38 77 68
39 78 3
39 79 14
40 80 68
