# Edges (u,v,w)
1 2 97
1 3 29
2 4 85
2 5 81
3 6 47
3 7 6
4 8 12
4 9 58
5 10 82
5 11 74
6 12 24
6 13 4
7 14 20
7 15 91
8 16 83
8 17 20
9 18 36
9 19 46
10 20 43
10 21 56
11 22 96
11 23 78
12 24 29
12 25 57
13 26 16
13 27 52
14 28 84
14 29 15
15 30 94
15 31 20
16 32 41
16 33 29
17 34 44
17 35 54
18 36 92
18 37 45
19 38 52
19 39 69
20 40 15
20 41 29
21 42 96
21 43 34
22 44 64
22 45 1
23 46 27
23 47 59
24 48 70
24 49 45
25 50 61
25 51 44
26 52 32
26 53 93
27 54 19
27 55 72
28 56 26
28 57 74
29 58 10
29 59 67
30 60 44
30 61 34
31 62 40
31 63 61
32 64 8
32 65 92
33 66 92
33 67 28
34 68 91
34 69 96
35 70 68
35 71 92
36 72 61
36 73 20
37 74 45
37 75 72
38 76 45
38 77 73
39 78 45
39 79 65
40 80 58
