# Edges (u,v,w)
1 2 63
1 3 85
2 4 71
2 5 78
3 6 96
3 7 96
4 8 31
4 9 39
5 10 94
5 11 42
6 12 31
6 13 92
7 14 92
7 15 35
8 16 78
8 17 27
9 18 15
9 19 45
10 20 56
10 21 8
11 22 2
11 23 95
12 24 95
12 25 41
13 26 15
13 27 15
14 28 38
14 29 57
15 30 5
15 31 87
16 32 7
16 33 9
17 34 33
17 35 85
18 36 89
18 37 92
19 38 15
19 39 51
20 40 10
20 41 4
21 42 13
21 43 10
22 44 19
22 45 81
23 46 5
23 47 22
24 48 94
24 49 94
25 50 75
25 51 41
26 52 21
26 53 20
27 54 88
27 55 92
28 56 76
28 57 78
29 58 55
29 59 78
30 60 21
30 61 59
31 62 74
31 63 83
32 64 88
32 65 61
33 66 50
33 67 92
34 68 60
34 69 1
35 70 82
35 71 95
36 72 63
36 73 13
37 74 78
37 75 42
38 76 92
38 77 9
39 78 26
39 79 66
40 80 35
