# Edges (u,v,w)
1 2 87
1 3 27
2 4 16
2 5 25
3 6 72
3 7 97
4 8 24
4 9 75
5 10 27
5 11 4
6 12 41
6 13 63
7 14 54
7 15 100
8 16 90
8 17 97
9 18 29
9 19 86
10 20 4
10 21 14
11 22 84
11 23 60
12 24 84
12 25 11
13 26 27
13 27 84
14 28 24
14 29 11
15 30 79
15 31 45
16 32 75
16 33 45
17 34 81
17 35 28
18 36 80
18 37 41
19 38 90
19 39 60
20 40 89
20 41 29
21 42 53
21 43 42
22 44 89
22 45 35
23 46 98
23 47 45
24 48 5
24 49 18
25 50 52
25 51 68
26 52 12
26 53 48
27 54 48
27 55 65
28 56 37
28 57 43
29 58 36
29 59 36
30 60 82
30 61 32
31 62 84
31 63 96
32 64 40
32 65 45
33 66 17
33 67 81
34 68 47
34 69 99
35 70 19
35 71 79
36 72 12
36 73 69
37 74 49
37 75 37
38 76 4
38 77 42
39 78 61
39 79 91
40 80 27
