# Edges (u,v,w)
1 2 97
1 3 18
2 4 52
2 5 10
3 6 38
3 7 47
4 8 78
4 9 70
5 10 12
5 11 9
6 12 4
6 13 29
7 14 20
7 15 76
8 16 13
8 17 65
9 18 73
9 19 85
10 20 71
10 21 50
11 22 92
11 23 33
12 24 81
12 25 33
13 26 46
13 27 73
14 28 37
14 29 37
15 30 29
15 31 61
16 32 59
16 33 99
17 34 12
17 35 17
18 36 24
18 37 18
19 38 94
19 39 58
20 40 70
20 41 42
21 42 60
21 43 98
22 44 31
22 45 65
23 46 71
23 47 36
24 48 96
24 49 54
25 50 91
25 51 6
26 52 54
26 53 48
27 54 21
27 55 94
28 56 41
28 57 27
29 58 28
29 59 21
30 60 88
30 61 7
31 62 96
31 63 99
32 64 61
32 65 28
33 66 99
33 67 78
34 68 42
34 69 71
35 70 69
35 71 5
36 72 34
36 73 10
37 74 33
37 75 95
38 76 19
38 77 65
39 78 68
39 79 60
40 80 35
