# Edges (u,v,w)
1 2 71
1 3 22
2 4 13
2 5 79
3 6 21
3 7 99
4 8 70
4 9 76
5 10 56
5 11 92
6 12 81
6 13 59
7 14 25
7 15 38
8 16 74
8 17 55
9 18 15
9 19 56
10 20 66
10 21 95
11 22 71
11 23 23
12 24 8
12 25 33
13 26 5
13 27 33
14 28 3
14 29 46
15 30 91
15 31 89
16 32 98
16 33 82
17 34 89
17 35 73
18 36 71
18 37 97
19 38 57
19 39 33
20 40 77
20 41 17
21 42 12
21 43 59
22 44 45
22 45 66
23 46 66
23 47 52
24 48 29
24 49 53
25 50 81
25 51 82
26 52 45
26 53 19
27 54 4
27 55 11
28 56 73
28 57 77
29 58 48
29 59 70
30 60 64
30 61 10
31 62 26
31 63 62
32 64 94
32 65 15
33 66 41
33 67 31
34 68 52
34 69 75
35 70 81
35 71 67
36 72 17
36 73 62
37 74 88
37 75 10
38 76 1
38 77 24
39 78 40
39 79 3
40 80 94
