# Edges (u,v,w)
1 2 10
1 3 85
2 4 56
2 5 12
3 6 97
3 7 2
4 8 100
4 9 76
5 10 53
5 11 63
6 12 8
6 13 17
7 14 58
7 15 64
8 16 61
8 17 19
9 18 52
9 19 11
10 20 11
10 21 63
11 22 53
11 23 36
12 24 72
12 25 62
13 26 26
13 27 3
14 28 29
14 29 10
15 30 40
15 31 44
16 32 1
16 33 42
17 34 47
17 35 63
18 36 81
18 37 6
19 38 99
19 39 67
20 40 60
20 41 91
21 42 55
21 43 53
22 44 86
22 45 61
23 46 75
23 47 67
24 48 40
24 49 53
25 50 77
25 51 25
26 52 61
26 53 70
27 54 100
27 55 72
28 56 27
28 57 63
29 58 76
29 59 85
30 60 96
30 61 59
31 62 24
31 63 96
32 64 79
32 65 71
33 66 75
33 67 17
34 68 47
34 69 3
35 70 29
35 71 16
36 72 48
36 73 32
37 74 14
37 75 70
38 76 50
38 77 86
39 78 86
39 79 67
40 80 24
