# Edges (u,v,w)
1 2 75
1 3 3
2 4 23
2 5 68
3 6 23
3 7 13
4 8 69
4 9 9
5 10 26
5 11 52
6 12 20
6 13 89
7 14 95
7 15 24
8 16 6
8 17 36
9 18 80
9 19 57
10 20 81
10 21 20
11 22 26
11 23 16
12 24 19
12 25 18
13 26 85
13 27 91
14 28 32
14 29 77
15 30 87
15 31 22
16 32 28
16 33 26
17 34 13
17 35 79
18 36 4
18 37 40
19 38 67
19 39 73
20 40 90
20 41 90
21 42 50
21 43 33
22 44 21
22 45 73
23 46 61
23 47 60
24 48 87
24 49 30
25 50 27
25 51 88
26 52 35
26 53 77
27 54 16
27 55 93
28 56 93
28 57 73
29 58 33
29 59 88
30 60 15
30 61 6
31 62 32
31 63 28
32 64 44
32 65 6
33 66 62
33 67 94
34 68 58
34 69 33
35 70 58
35 71 16
36 72 60
36 73 17
37 74 36
37 75 80
38 76 14
38 77 97
39 78 70
39 79 29
40 80 51
