# Edges (u,v,w)
1 2 59
1 3 97
2 4 62
2 5 80
3 6 57
3 7 45
4 8 63
4 9 31
5 10 13
5 11 93
6 12 5
6 13 41
7 14 76
7 15 100
8 16 87
8 17 83
9 18 100
9 19 60
10 20 47
10 21 1
11 22 32
11 23 86
12 24 99
12 25 63
13 26 9
13 27 87
14 28 23
14 29 68
15 30 31
15 31 33
16 32 34
16 33 21
17 34 96
17 35 55
18 36 22
18 37 49
19 38 19
19 39 36
20 40 66
20 41 44
21 42 85
21 43 32
22 44 1
22 45 57
23 46 58
23 47 22
24 48 8
24 49 11
25 50 58
25 51 6
26 52 5
26 53 61
27 54 72
27 55 48
28 56 5
28 57 70
29 58 29
29 59 28
30 60 79
30 61 82
31 62 9
31 63 82
32 64 74
32 65 23
33 66 41
33 67 78
34 68 21
34 69 80
35 70 22
35 71 36
36 72 94
36 73 79
37 74 97
37 75 7
38 76 71
38 77 89
39 78 76
39 79 8
40 80 1
