# Edges (u,v,w)
1 2 17
1 3 6
2 4 95
2 5 1
3 6 9
3 7 89
4 8 66
4 9 57
5 10 69
5 11 92
6 12 44
6 13 81
7 14 68
7 15 67
8 16 98
8 17 40
9 18 62
9 19 59
10 20 16
10 21 39
11 22 39
11 23 52
12 24 75
12 25 79
13 26 54
13 27 77
14 28 91
14 29 15
15 30 12
15 31 8
16 32 93
16 33 42
17 34 17
17 35 78
18 36 68
18 37 89
19 38 55
19 39 82
20 40 5
20 41 6
21 42 72
21 43 28
22 44 30
22 45 16
23 46 19
23 47 34
24 48 59
24 49 48
25 50 57
25 51 98
26 52 88
26 53 53
27 54 63
27 55 89
28 56 54
28 57 57
29 58 50
29 59 74
30 60 62
30 61 64
31 62 10
31 63 40
32 64 95
32 65 72
33 66 30
33 67 94
34 68 57
34 69 70
35 70 33
35 71 46
36 72 14
36 73 69
37 74 69
37 75 94
38 76 16
38 77 88
39 78 8
39 79 34
40 80 2
