# Edges (u,v,w)
1 2 47
1 3 88
2 4 11
2 5 82
3 6 38
3 7 99
4 8 3
4 9 68
5 10 47
5 11 37
6 12 32
6 13 96
7 14 89
7 15 5
8 16 32
8 17 23
9 18 55
9 19 10
10 20 93
10 21 59
11 22 5
11 23 94
12 24 31
12 25 20
13 26 80
13 27 52
14 28 58
14 29 67
15 30 55
15 31 28
16 32 59
16 33 12
17 34 95
17 35 45
18 36 19
18 37 55
19 38 24
19 39 54
20 40 95
20 41 73
21 42 9
21 43 40
22 44 47
22 45 88
23 46 21
23 47 77
24 48 76
24 49 19
25 50 28
25 51 30
26 52 20
26 53 47
27 54 6
27 55 54
28 56 17
28 57 34
29 58 71
29 59 14
30 60 66
30 61 56
31 62 58
31 63 67
32 64 17
32 65 90
33 66 16
33 67 15
34 68 41
34 69 97
35 70 38
35 71 45
36 72 26
36 73 66
37 74 97
37 75 18
38 76 58
38 77 87
39 78 72
39 79 24
40 80 24
