# Edges (u,v,w)
1 2 1
1 3 6
2 4 52
2 5 64
3 6 87
3 7 69
4 8 88
4 9 33
5 10 32
5 11 45
6 12 8
6 13 81
7 14 51
7 15 46
8 16 69
8 17 51
9 18 48
9 19 50
10 20 8
10 21 74
11 22 93
11 23 29
12 24 26
12 25 42
13 26 62
13 27 50
14 28 39
14 29 11
15 30 18
15 31 82
16 32 28
16 33 1
17 34 41
17 35 44
18 36 100
18 37 24
19 38 44
19 39 12
20 40 28
20 41 16
21 42 57
21 43 18
22 44 15
22 45 72
23 46 11
23 47 92
24 48 45
24 49 24
25 50 51
25 51 29
26 52 9
26 53 13
27 54 69
27 55 12
28 56 47
28 57 6
29 58 31
29 59 88
30 60 61
30 61 3
31 62 42
31 63 12
32 64 63
32 65 94
33 66 85
33 67 78
34 68 29
34 69 27
35 70 29
35 71 27
36 72 35
36 73 53
37 74 60
37 75 25
38 76 3
38 77 96
39 78 78
39 79 25
40 80 59
