# Edges (u,v,w)
1 2 73
1 3 57
2 4 23
2 5 5
3 6 71
3 7 36
4 8 17
4 9 28
5 10 18
5 11 82
6 12 35
6 13 6
7 14 82
7 15 91
8 16 71
8 17 90
9 18 5
9 19 90
10 20 76
10 21 74
11 22 58
11 23 69
12 24 31
12 25 77
13 26 25
13 27 48
14 28 96
14 29 18
15 30 72
15 31 98
16 32 28
16 33 65
17 34 98
17 35 100
18 36 65
18 37 49
19 38 40
19 39 52
20 40 20
20 41 98
21 42 22
21 43 51
22 44 59
22 45 41
23 46 99
23 47 89
24 48 70
24 49 56
25 50 46
25 51 79
26 52 52
26 53 21
27 54 93
27 55 93
28 56 73
28 57 13
29 58 74
29 59 30
30 60 72
30 61 86
31 62 18
31 63 88
32 64 81
32 65 12
33 66 24
33 67 50
34 68 11
34 69 57
35 70 76
35 71 3
36 72 54
36 73 19
37 74 68
37 75 36
38 76 1
38 77 43
39 78 71
39 79 1
40 80 20
