# Edges (u,v,w)
1 2 51
1 3 14
2 4 31
2 5 86
3 6 43
3 7 74
4 8 2
4 9 39
5 10 86
5 11 87
6 12 34
6 13 76
7 14 30
7 15 49
8 16 65
8 17 83
9 18 66
9 19 44
10 20 7
10 21 43
11 22 78
11 23 24
12 24 65
12 25 62
13 26 70
13 27 69
14 28 12
14 29 63
15 30 84
15 31 96
16 32 60
16 33 12
17 34 60
17 35 53
18 36 16
18 37 57
19 38 10
19 39 70
20 40 77
20 41 47
21 42 17
21 43 77
22 44 66
22 45 89
23 46 5
23 47 21
24 48 76
24 49 69
25 50 31
25 51 88
26 52 76
26 53 2
27 54 1
27 55 75
28 56 24
28 57 90
29 58 34
29 59 7
30 60 72
30 61 34
31 62 36
31 63 77
32 64 82
32 65 89
33 66 64
33 67 52
34 68 55
34 69 68
35 70 77
35 71 22
36 72 65
36 73 22
37 74 72
37 75 42
38 76 22
38 77 53
39 78 72
39 79 34
40 80 1
