# Edges (u,v,w)
1 2 95
1 3 7
2 4 99
2 5 81
3 6 64
3 7 98
4 8 95
4 9 9
5 10 62
5 11 9
6 12 56
6 13 2
7 14 32
7 15 38
8 16 21
8 17 46
9 18 40
9 19 98
10 20 28
10 21 47
11 22 12
11 23 80
12 24 39
12 25 66
13 26 87
13 27 69
14 28 32
14 29 83
15 30 37
15 31 35
16 32 23
16 33 28
17 34 98
17 35 10
18 36 65
18 37 71
19 38 58
19 39 66
20 40 76
20 41 33
21 42 72
21 43 4
22 44 30
22 45 57
23 46 60
23 47 24
24 48 54
24 49 78
25 50 90
25 51 19
26 52 64
26 53 93
27 54 66
27 55 81
28 56 15
28 57 91
29 58 63
29 59 58
30 60 36
30 61 63
31 62 97
31 63 61
32 64 36
32 65 26
33 66 46
33 67 22
34 68 7
34 69 35
35 70 67
35 71 83
36 72 78
36 73 67
37 74 67
37 75 14
38 76 13
38 77 86
39 78 95
39 79 64
40 80 6
