# Edges (u,v,w)
1 2 56
1 3 84
2 4 50
2 5 57
3 6 58
3 7 5
4 8 35
4 9 88
5 10 8
5 11 96
6 12 94
6 13 20
7 14 41
7 15 57
8 16 87
8 17 34
9 18 18
9 19 35
10 20 73
10 21 55
11 22 82
11 23 40
12 24 39
12 25 29
13 26 31
13 27 53
14 28 86
14 29 25
15 30 23
15 31 76
16 32 18
16 33 91
17 34 50
17 35 93
18 36 46
18 37 39
19 38 51
19 39 77
20 40 100
20 41 9
21 42 26
21 43 65
22 44 51
22 45 86
23 46 36
23 47 84
24 48 77
24 49 65
25 50 9
25 51 98
26 52 49
26 53 33
27 54 100
27 55 81
28 56 30
28 57 61
29 58 41
29 59 84
30 60 1
30 61 18
31 62 95
31 63 83
32 64 9
32 65 99
33 66 21
33 67 96
34 68 90
34 69 74
35 70 90
35 71 71
36 72 25
36 73 80
37 74 85
37 75 23
38 76 46
38 77 52
39 78 49
39 79 73
40 80 12
