# Edges (u,v,w)
1 2 70
1 3 36
2 4 24
2 5 2
3 6 70
3 7 56
4 8 88
4 9 44
5 10 74
5 11 62
6 12 71
6 13 75
7 14 18
7 15 99
8 16 11
8 17 26
9 18 27
9 19 36
10 20 53
10 21 57
11 22 8
11 23 27
12 24 36
12 25 27
13 26 62
13 27 59
14 28 77
14 29 43
15 30 76
15 31 57
16 32 22
16 33 43
17 34 55
17 35 60
18 36 65
18 37 19
19 38 73
19 39 69
20 40 19
20 41 20
21 42 47
21 43 93
22 44 40
22 45 14
23 46 25
23 47 33
24 48 4
24 49 13
25 50 28
25 51 38
26 52 40
26 53 96
27 54 41
27 55 50
28 56 10
28 57 54
29 58 85
29 59 87
30 60 25
30 61 33
31 62 18
31 63 33
32 64 22
32 65 10
33 66 37
33 67 38
34 68 2
34 69 31
35 70 33
35 71 87
36 72 78
36 73 83
37 74 70
37 75 29
38 76 52
38 77 8
39 78 47
39 79 12
40 80 2
