# Edges (u,v,w)
1 2 83
1 3 28
2 4 96
2 5 63
3 6 82
3 7 71
4 8 16
4 9 49
5 10 26
5 11 37
6 12 45
6 13 60
7 14 74
7 15 79
8 16 68
8 17 35
9 18 99
9 19 54
10 20 89
10 21 79
11 22 31
11 23 18
12 24 80
12 25 63
13 26 58
13 27 12
14 28 87
14 29 33
15 30 55
15 31 86
16 32 29
16 33 4
17 34 52
17 35 6
18 36 36
18 37 81
19 38 49
19 39 47
20 40 80
20 41 100
21 42 39
21 43 73
22 44 16
22 45 27
23 46 27
23 47 1
24 48 74
24 49 64
25 50 19
25 51 12
26 52 47
26 53 96
27 54 9
27 55 48
28 56 7
28 57 24
29 58 5
29 59 58
30 60 2
30 61 73
31 62 25
31 63 90
32 64 8
32 65 15
33 66 57
33 67 98
34 68 60
34 69 58
35 70 89
35 71 8
36 72 76
36 73 52
37 74 88
37 75 8
38 76 95
38 77 39
39 78 91
39 79 10
40 80 31
