# Edges (u,v,w)
1 2 91
1 3 15
2 4 92
2 5 67
3 6 12
3 7 94
4 8 98
4 9 62
5 10 27
5 11 81
6 12 63
6 13 41
7 14 10
7 15 58
8 16 88
8 17 6
9 18 61
9 19 26
10 20 12
10 21 65
11 22 42
11 23 9
12 24 92
12 25 11
13 26 36
13 27 31
14 28 84
14 29 35
15 30 66
15 31 62
16 32 52
16 33 77
17 34 51
17 35 98
18 36 33
18 37 88
19 38 41
19 39 93
20 40 97
20 41 92
21 42 58
21 43 24
22 44 6
22 45 53
23 46 76
23 47 19
24 48 78
24 49 46
25 50 50
25 51 58
26 52 36
26 53 12
27 54 30
27 55 45
28 56 60
28 57 93
29 58 69
29 59 61
30 60 26
30 61 52
31 62 74
31 63 62
32 64 100
32 65 8
33 66 5
33 67 86
34 68 71
34 69 60
35 70 97
35 71 69
36 72 19
36 73 65
37 74 96
37 75 85
38 76 38
38 77 62
39 78 73
39 79 12
40 80 97
