# Edges (u,v,w)
1 2 77
1 3 43
2 4 41
2 5 22
3 6 30
3 7 51
4 8 33
4 9 63
5 10 56
5 11 63
6 12 86
6 13 23
7 14 89
7 15 37
8 16 97
8 17 72
9 18 55
9 19 25
10 20 80
10 21 12
11 22 70
11 23 39
12 24 2
12 25 84
13 26 98
13 27 47
14 28 7
14 29 11
15 30 12
15 31 34
16 32 84
16 33 3
17 34 35
17 35 5
18 36 63
18 37 75
19 38 92
19 39 47
20 40 86
20 41 20
21 42 36
21 43 59
22 44 64
22 45 75
23 46 37
23 47 21
24 48 69
24 49 42
25 50 26
25 51 37
26 52 38
26 53 87
27 54 34
27 55 45
28 56 90
28 57 34
29 58 91
29 59 8
30 60 38
30 61 10
31 62 17
31 63 54
32 64 29
32 65 62
33 66 66
33 67 84
34 68 83
34 69 79
35 70 91
35 71 15
36 72 96
36 73 94
37 74 8
37 75 13
38 76 45
38 77 3
39 78 23
39 79 96
40 80 57
