# Edges (u,v,w)
1 2 59
1 3 88
2 4 9
2 5 8
3 6 37
3 7 37
4 8 73
4 9 28
5 10 31
5 11 25
6 12 63
6 13 20
7 14 90
7 15 32
8 16 92
8 17 88
9 18 56
9 19 59
10 20 36
10 21 93
11 22 26
11 23 15
12 24 32
12 25 19
13 26 39
13 27 38
14 28 14
14 29 59
15 30 24
15 31 21
16 32 28
16 33 5
17 34 57
17 35 47
18 36 20
18 37 85
19 38 32
19 39 85
20 40 10
20 41 85
21 42 64
21 43 22
22 44 8
22 45 24
23 46 29
23 47 26
24 48 35
24 49 57
25 50 97
25 51 99
26 52 49
26 53 77
27 54 29
27 55 67
28 56 9
28 57 79
29 58 76
29 59 81
30 60 31
30 61 94
31 62 18
31 63 28
32 64 51
32 65 7
33 66 76
33 67 85
34 68 71
34 69 8
35 70 50
35 71 31
36 72 19
36 73 96
37 74 31
37 75 24
38 76 99
38 77 97
39 78 3
39 79 46
40 80 35
