# Edges (u,v,w)
1 2 94
1 3 76
2 4 48
2 5 92
3 6 38
3 7 59
4 8 83
4 9 96
5 10 9
5 11 15
6 12 73
6 13 45
7 14 20
7 15 62
8 16 32
8 17 76
9 18 50
9 19 39
10 20 56
10 21 85
11 22 63
11 23 3
12 24 37
12 25 74
13 26 58
13 27 13
14 28 30
14 29 98
15 30 96
15 31 93
16 32 40
16 33 88
17 34 13
17 35 18
18 36 95
18 37 5
19 38 60
19 39 58
20 40 89
20 41 33
21 42 56
21 43 27
22 44 58
22 45 62
23 46 70
23 47 11
24 48 63
24 49 72
25 50 70
25 51 94
26 52 26
26 53 52
27 54 2
27 55 73
28 56 99
28 57 33
29 58 82
29 59 16
30 60 84
30 61 3
31 62 41
31 63 33
32 64 86
32 65 29
33 66 17
33 67 87
34 68 12
34 69 40
35 70 71
35 71 62
36 72 12
36 73 77
37 74 78
37 75 64
38 76 71
38 77 14
39 78 80
39 79 13
40 80 62
