# Edges (u,v,w)
1 2 60
1 3 62
2 4 36
2 5 85
3 6 44
3 7 94
4 8 59
4 9 78
5 10 23
5 11 69
6 12 44
6 13 39
7 14 40
7 15 5
8 16 27
8 17 62
9 18 88
9 19 99
10 20 49
10 21 20
11 22 1
11 23 58
12 24 84
12 25 86
13 26 38
13 27 40
14 28 40
14 29 93
15 30 13
15 31 85
16 32 74
16 33 12
17 34 6
17 35 46
18 36 31
18 37 49
19 38 87
19 39 21
20 40 91
20 41 83
21 42 83
21 43 26
22 44 2
22 45 52
23 46 90
23 47 19
24 48 76
24 49 52
25 50 86
25 51 91
26 52 36
26 53 97
27 54 62
27 55 31
28 56 10
28 57 40
29 58 33
29 59 30
30 60 22
30 61 79
31 62 36
31 63 97
32 64 23
32 65 39
33 66 57
33 67 9
34 68 85
34 69 53
35 70 18
35 71 56
36 72 31
36 73 53
37 74 59
37 75 30
38 76 70
38 77 36
39 78 6
39 79 54
40 80 53
