# Edges (u,v,w)
1 2 45
1 3 66
2 4 63
2 5 53
3 6 23
3 7 51
4 8 88
4 9 96
5 10 73
5 11 40
6 12 62
6 13 96
7 14 58
7 15 56
8 16 25
8 17 38
9 18 65
9 19 80
10 20 98
10 21 15
11 22 47
11 23 11
12 24 40
12 25 1
13 26 20
13 27 14
14 28 19
14 29 18
15 30 83
15 31 99
16 32 54
16 33 11
17 34 11
17 35 63
18 36 9
18 37 19
19 38 73
19 39 12
20 40 40
20 41 39
21 42 44
21 43 46
22 44 70
22 45 9
23 46 56
23 47 4
24 48 92
24 49 18
25 50 46
25 51 28
26 52 54
26 53 34
27 54 35
27 55 87
28 56 46
28 57 93
29 58 1
29 59 8
30 60 56
30 61 35
31 62 37
31 63 90
32 64 70
32 65 93
33 66 56
33 67 10
34 68 25
34 69 76
35 70 61
35 71 89
36 72 11
36 73 68
37 74 85
37 75 13
38 76 77
38 77 36
39 78 27
39 79 27
40 80 7
