# Edges (u,v,w)
1 2 16
1 3 1
2 4 86
2 5 46
3 6 12
3 7 41
4 8 93
4 9 59
5 10 68
5 11 43
6 12 63
6 13 22
7 14 77
7 15 79
8 16 73
8 17 44
9 18 76
9 19 7
10 20 7
10 21 68
11 22 95
11 23 48
12 24 20
12 25 78
13 26 54
13 27 71
14 28 40
14 29 25
15 30 75
15 31 60
16 32 6
16 33 72
17 34 16
17 35 17
18 36 5
18 37 12
19 38 8
19 39 57
20 40 60
20 41 18
21 42 94
21 43 66
22 44 31
22 45 100
23 46 67
23 47 75
24 48 25
24 49 22
25 50 29
25 51 84
26 52 4
26 53 69
27 54 8
27 55 54
28 56 86
28 57 71
29 58 45
29 59 6
30 60 14
30 61 29
31 62 16
31 63 5
32 64 92
32 65 54
33 66 87
33 67 3
34 68 43
34 69 99
35 70 36
35 71 94
36 72 45
36 73 38
37 74 9
37 75 25
38 76 70
38 77 97
39 78 82
39 79 62
40 80 78
