# Edges (u,v,w)
1 2 80
1 3 87
2 4 51
2 5 1
3 6 93
3 7 45
4 8 38
4 9 58
5 10 87
5 11 13
6 12 61
6 13 92
7 14 77
7 15 63
8 16 99
8 17 61
9 18 53
9 19 24
10 20 42
10 21 42
11 22 45
11 23 69
12 24 93
12 25 22
13 26 52
13 27 100
14 28 14
14 29 86
15 30 22
15 31 89
16 32 17
16 33 20
17 34 4
17 35 76
18 36 62
18 37 47
19 38 3
19 39 2
20 40 82
20 41 45
21 42 78
21 43 27
22 44 77
22 45 12
23 46 61
23 47 23
24 48 85
24 49 78
25 50 6
25 51 37
26 52 33
26 53 11
27 54 45
27 55 75
28 56 23
28 57 41
29 58 87
29 59 8
30 60 43
30 61 57
31 62 70
31 63 20
32 64 45
32 65 8
33 66 82
33 67 55
34 68 71
34 69 63
35 70 68
35 71 84
36 72 91
36 73 31
37 74 43
37 75 43
38 76 41
38 77 97
39 78 3
39 79 60
40 80 91
