# Edges (u,v,w)
1 2 47
1 3 63
2 4 41
2 5 75
3 6 41
3 7 75
4 8 54
4 9 78
5 10 1
5 11 41
6 12 9
6 13 11
7 14 32
7 15 12
8 16 3
8 17 39
9 18 45
9 19 78
10 20 16
10 21 76
11 22 29
11 23 60
12 24 69
12 25 16
13 26 13
13 27 70
14 28 78
14 29 79
15 30 28
15 31 19
16 32 94
16 33 11
17 34 54
17 35 66
18 36 62
18 37 84
19 38 18
19 39 11
20 40 36
20 41 51
21 42 48
21 43 99
22 44 87
22 45 75
23 46 59
23 47 90
24 48 37
24 49 77
25 50 66
25 51 29
26 52 71
26 53 68
27 54 86
27 55 59
28 56 58
28 57 77
29 58 64
29 59 26
30 60 17
30 61 97
31 62 96
31 63 50
32 64 65
32 65 56
33 66 71
33 67 77
34 68 59
34 69 52
35 70 21
35 71 11
36 72 13
36 73 41
37 74 100
37 75 9
38 76 2
38 77 39
39 78 1
39 79 42
40 80 66
