# Edges (u,v,w)
1 2 90
1 3 20
2 4 47
2 5 27
3 6 69
3 7 39
4 8 69
4 9 67
5 10 31
5 11 40
6 12 30
6 13 98
7 14 47
7 15 78
8 16 24
8 17 39
9 18 99
9 19 27
10 20 71
10 21 62
11 22 57
11 23 78
12 24 41
12 25 42
13 26 34
13 27 79
14 28 54
14 29 27
15 30 72
15 31 97
16 32 81
16 33 14
17 34 10
17 35 83
18 36 83
18 37 3
19 38 35
19 39 15
20 40 55
20 41 54
21 42 38
21 43 23
22 44 99
22 45 40
23 46 59
23 47 18
24 48 42
24 49 14
25 50 56
25 51 38
26 52 74
26 53 68
27 54 24
27 55 72
28 56 22
28 57 82
29 58 62
29 59 85
30 60 35
30 61 71
31 62 68
31 63 71
32 64 93
32 65 54
33 66 22
33 67 19
34 68 82
34 69 67
35 70 69
35 71 57
36 72 86
36 73 66
37 74 91
37 75 76
38 76 82
38 77 71
39 78 56
39 79 6
40 80 75
