# Edges (u,v,w)
1 2 51
1 3 96
2 4 26
2 5 21
3 6 79
3 7 82
4 8 78
4 9 9
5 10 5
5 11 24
6 12 19
6 13 62
7 14 14
7 15 67
8 16 62
8 17 47
9 18 59
9 19 42
10 20 42
10 21 47
11 22 52
11 23 20
12 24 37
12 25 20
13 26 45
13 27 50
14 28 80
14 29 62
15 30 88
15 31 1
16 32 38
16 33 79
17 34 53
17 35 25
18 36 48
18 37 57
19 38 99
19 39 53
20 40 45
20 41 12
21 42 25
21 43 92
22 44 19
22 45 63
23 46 29
23 47 12
24 48 81
24 49 6
25 50 90
25 51 96
26 52 93
26 53 93
27 54 17
27 55 52
28 56 60
28 57 52
29 58 26
29 59 92
30 60 41
30 61 87
31 62 100
31 63 76
32 64 31
32 65 27
33 66 85
33 67 24
34 68 23
34 69 97
35 70 85
35 71 40
36 72 86
36 73 17
37 74 5
37 75 70
38 76 78
38 77 86
39 78 51
39 79 98
40 80 43
