# Edges (u,v,w)
1 2 1
1 3 36
2 4 94
2 5 14
3 6 41
3 7 31
4 8 28
4 9 11
5 10 53
5 11 93
6 12 31
6 13 88
7 14 34
7 15 25
8 16 91
8 17 61
9 18 55
9 19 21
10 20 42
10 21 95
11 22 25
11 23 62
12 24 80
12 25 78
13 26 37
13 27 97
14 28 47
14 29 70
15 30 25
15 31 12
16 32 83
16 33 7
17 34 5
17 35 18
18 36 8
18 37 57
19 38 89
19 39 31
20 40 51
20 41 34
21 42 11
21 43 72
22 44 94
22 45 98
23 46 49
23 47 50
24 48 86
24 49 18
25 50 74
25 51 68
26 52 12
26 53 47
27 54 87
27 55 50
28 56 62
28 57 81
29 58 7
29 59 89
30 60 78
30 61 71
31 62 45
31 63 10
32 64 72
32 65 31
33 66 13
33 67 43
34 68 4
34 69 95
35 70 6
35 71 78
36 72 69
36 73 71
37 74 6
37 75 86
38 76 82
38 77 81
39 78 14
39 79 52
40 80 27
