# Edges (u,v,w)
1 2 79
1 3 87
2 4 80
2 5 78
3 6 23
3 7 40
4 8 97
4 9 37
5 10 11
5 11 60
6 12 27
6 13 41
7 14 29
7 15 30
8 16 55
8 17 47
9 18 37
9 19 18
10 20 58
10 21 92
11 22 77
11 23 77
12 24 100
12 25 69
13 26 51
13 27 76
14 28 11
14 29 86
15 30 28
15 31 56
16 32 3
16 33 46
17 34 31
17 35 81
18 36 73
18 37 43
19 38 2
19 39 77
20 40 48
20 41 6
21 42 76
21 43 44
22 44 98
22 45 1
23 46 16
23 47 91
24 48 21
24 49 1
25 50 38
25 51 99
26 52 3
26 53 26
27 54 3
27 55 51
28 56 28
28 57 99
29 58 56
29 59 36
30 60 82
30 61 22
31 62 90
31 63 56
32 64 85
32 65 65
33 66 64
33 67 9
34 68 80
34 69 31
35 70 77
35 71 55
36 72 40
36 73 42
37 74 48
37 75 71
38 76 43
38 77 55
39 78 68
39 79 88
40 80 49
