# Edges (u,v,w)
1 2 60
1 3 2
2 4 39
2 5 66
3 6 23
3 7 8
4 8 88
4 9 92
5 10 70
5 11 30
6 12 39
6 13 11
7 14 38
7 15 21
8 16 56
8 17 44
9 18 16
9 19 10
10 20 39
10 21 13
11 22 39
11 23 100
12 24 54
12 25 28
13 26 55
13 27 84
14 28 61
14 29 66
15 30 51
15 31 22
16 32 11
16 33 81
17 34 10
17 35 5
18 36 77
18 37 64
19 38 12
19 39 53
20 40 84
20 41 77
21 42 66
21 43 64
22 44 20
22 45 40
23 46 16
23 47 91
24 48 22
24 49 64
25 50 69
25 51 88
26 52 89
26 53 54
27 54 42
27 55 15
28 56 72
28 57 27
29 58 15
29 59 97
30 60 63
30 61 3
31 62 78
31 63 37
32 64 51
32 65 68
33 66 17
33 67 44
34 68 74
34 69 24
35 70 80
35 71 85
36 72 1
36 73 84
37 74 62
37 75 37
38 76 56
38 77 11
39 78 26
39 79 48
40 80 64
