# Edges (u,v,w)
1 2 28
1 3 57
2 4 73
2 5 21
3 6 83
3 7 2
4 8 16
4 9 28
5 10 41
5 11 74
6 12 21
6 13 82
7 14 87
7 15 62
8 16 2
8 17 89
9 18 59
9 19 82
10 20 41
10 21 68
11 22 51
11 23 93
12 24 71
12 25 91
13 26 96
13 27 28
14 28 51
14 29 11
15 30 80
15 31 52
16 32 83
16 33 26
17 34 56
17 35 10
18 36 33
18 37 31
19 38 1
19 39 99
20 40 51
20 41 71
21 42 46
21 43 32
22 44 35
22 45 26
23 46 32
23 47 10
24 48 49
24 49 78
25 50 44
25 51 82
26 52 25
26 53 100
27 54 89
27 55 85
28 56 38
28 57 80
29 58 8
29 59 68
30 60 45
30 61 84
31 62 20
31 63 98
32 64 99
32 65 31
33 66 25
33 67 23
34 68 93
34 69 67
35 70 75
35 71 32
36 72 41
36 73 26
37 74 56
37 75 29
38 76 97
38 77 83
39 78 95
39 79 75
40 80 27
