# Edges (u,v,w)
1 2 55
1 3 39
2 4 10
2 5 30
3 6 57
3 7 12
4 8 29
4 9 43
5 10 73
5 11 59
6 12 55
6 13 81
7 14 94
7 15 92
8 16 55
8 17 21
9 18 57
9 19 26
10 20 37
10 21 97
11 22 9
11 23 61
12 24 75
12 25 63
13 26 41
13 27 15
14 28 45
14 29 86
15 30 48
15 31 32
16 32 58
16 33 6
17 34 74
17 35 97
18 36 92
18 37 7
19 38 67
19 39 32
20 40 28
20 41 39
21 42 15
21 43 4
22 44 7
22 45 31
23 46 43
23 47 26
24 48 82
24 49 74
25 50 7
25 51 70
26 52 11
26 53 1
27 54 5
27 55 66
28 56 72
28 57 2
29 58 6
29 59 2
30 60 70
30 61 79
31 62 22
31 63 59
32 64 85
32 65 48
33 66 95
33 67 56
34 68 59
34 69 99
35 70 73
35 71 80
36 72 58
36 73 53
37 74 28
37 75 76
38 76 99
38 77 32
39 78 58
39 79 21
40 80 62
