# Edges (u,v,w)
1 2 53
1 3 49
2 4 78
2 5 63
3 6 19
3 7 49
4 8 41
4 9 96
5 10 45
5 11 34
6 12 87
6 13 5
7 14 67
7 15 62
8 16 97
8 17 34
9 18 56
9 19 58
10 20 86
10 21 9
11 22 27
11 23 41
12 24 1
12 25 11
13 26 92
13 27 84
14 28 58
14 29 53
15 30 25
15 31 47
16 32 86
16 33 93
17 34 33
17 35 65
18 36 70
18 37 64
19 38 63
19 39 45
20 40 68
20 41 17
21 42 59
21 43 80
22 44 93
22 45 59
23 46 18
23 47 88
24 48 28
24 49 37
25 50 88
25 51 95
26 52 74
26 53 72
27 54 50
27 55 96
28 56 89
28 57 55
29 58 95
29 59 20
30 60 72
30 61 11
31 62 12
31 63 90
32 64 85
32 65 61
33 66 26
33 67 43
34 68 65
34 69 100
35 70 30
35 71 47
36 72 33
36 73 13
37 74 56
37 75 7
38 76 82
38 77 77
39 78 62
39 79 36
40 80 39
