# Edges (u,v,w)
1 2 71
1 3 95
2 4 6
2 5 7
3 6 8
3 7 93
4 8 57
4 9 62
5 10 37
5 11 40
6 12 70
6 13 14
7 14 89
7 15 52
8 16 46
8 17 41
9 18 74
9 19 47
10 20 40
10 21 60
11 22 72
11 23 31
12 24 99
12 25 30
13 26 96
13 27 34
14 28 14
14 29 61
15 30 86
15 31 36
16 32 42
16 33 30
17 34 88
17 35 31
18 36 55
18 37 33
19 38 21
19 39 87
20 40 54
20 41 65
21 42 2
21 43 86
22 44 80
22 45 88
23 46 42
23 47 17
24 48 26
24 49 25
25 50 53
25 51 57
26 52 61
26 53 98
27 54 82
27 55 78
28 56 95
28 57 12
29 58 19
29 59 80
30 60 27
30 61 57
31 62 64
31 63 88
32 64 31
32 65 93
33 66 100
33 67 72
34 68 73
34 69 86
35 70 42
35 71 77
36 72 11
36 73 94
37 74 8
37 75 55
38 76 84
38 77 82
39 78 17
39 79 39
40 80 84
