# Edges (u,v,w)
1 2 45
1 3 77
2 4 66
2 5 5
3 6 52
3 7 88
4 8 95
4 9 67
5 10 91
5 11 69
6 12 66
6 13 7
7 14 42
7 15 32
8 16 100
8 17 26
9 18 25
9 19 56
10 20 36
10 21 70
11 22 99
11 23 28
12 24 62
12 25 81
13 26 33
13 27 44
14 28 58
14 29 69
15 30 65
15 31 86
16 32 47
16 33 14
17 34 97
17 35 94
18 36 46
18 37 31
19 38 28
19 39 54
20 40 38
20 41 63
21 42 58
21 43 42
22 44 42
22 45 51
23 46 94
23 47 33
24 48 76
24 49 20
25 50 33
25 51 5
26 52 60
26 53 19
27 54 68
27 55 73
28 56 26
28 57 13
29 58 26
29 59 55
30 60 35
30 61 31
31 62 78
31 63 12
32 64 64
32 65 87
33 66 52
33 67 76
34 68 2
34 69 30
35 70 11
35 71 48
36 72 1
36 73 60
37 74 35
37 75 10
38 76 58
38 77 3
39 78 37
39 79 33
40 80 78
