# Edges (u,v,w)
1 2 97
1 3 42
2 4 25
2 5 62
3 6 63
3 7 6
4 8 3
4 9 59
5 10 62
5 11 98
6 12 78
6 13 30
7 14 93
7 15 64
8 16 74
8 17 45
9 18 56
9 19 22
10 20 67
10 21 9
11 22 96
11 23 38
12 24 16
12 25 94
13 26 23
13 27 32
14 28 52
14 29 70
15 30 6
15 31 80
16 32 13
16 33 43
17 34 97
17 35 13
18 36 71
18 37 4
19 38 36
19 39 17
20 40 91
20 41 54
21 42 71
21 43 26
22 44 35
22 45 96
23 46 36
23 47 73
24 48 80
24 49 19
25 50 30
25 51 73
26 52 46
26 53 90
27 54 36
27 55 73
28 56 38
28 57 37
29 58 67
29 59 7
30 60 22
30 61 76
31 62 100
31 63 94
32 64 61
32 65 1
33 66 96
33 67 26
34 68 91
34 69 36
35 70 7
35 71 97
36 72 55
36 73 38
37 74 75
37 75 18
38 76 86
38 77 47
39 78 87
39 79 27
40 80 76
