# Edges (u,v,w)
1 2 55
1 3 22
2 4 17
2 5 76
3 6 64
3 7 27
4 8 37
4 9 35
5 10 28
5 11 42
6 12 5
6 13 25
7 14 71
7 15 30
8 16 57
8 17 19
9 18 83
9 19 76
10 20 88
10 21 70
11 22 89
11 23 62
12 24 44
12 25 72
13 26 53
13 27 23
14 28 54
14 29 29
15 30 9
15 31 82
16 32 49
16 33 5
17 34 76
17 35 52
18 36 49
18 37 67
19 38 43
19 39 43
20 40 36
20 41 6
21 42 25
21 43 34
22 44 21
22 45 71
23 46 6
23 47 5
24 48 49
24 49 23
25 50 54
25 51 70
26 52 80
26 53 24
27 54 33
27 55 29
28 56 98
28 57 96
29 58 63
29 59 74
30 60 62
30 61 31
31 62 17
31 63 54
32 64 68
32 65 81
33 66 90
33 67 34
34 68 29
34 69 88
35 70 88
35 71 91
36 72 37
36 73 71
37 74 80
37 75 3
38 76 22
38 77 23
39 78 21
39 79 19
40 80 83
