# Edges (u,v,w)
1 2 60
1 3 98
2 4 67
2 5 94
3 6 86
3 7 55
4 8 77
4 9 74
5 10 8
5 11 4
6 12 88
6 13 88
7 14 83
7 15 17
8 16 82
8 17 49
9 18 38
9 19 24
10 20 74
10 21 29
11 22 36
11 23 23
12 24 24
12 25 39
13 26 77
13 27 61
14 28 94
14 29 32
15 30 25
15 31 3
16 32 9
16 33 42
17 34 30
17 35 54
18 36 68
18 37 93
19 38 49
19 39 79
20 40 60
20 41 56
21 42 9
21 43 14
22 44 19
22 45 35
23 46 58
23 47 29
24 48 77
24 49 24
25 50 22
25 51 13
26 52 7
26 53 87
27 54 71
27 55 92
28 56 4
28 57 8
29 58 73
29 59 63
30 60 72
30 61 25
31 62 10
31 63 84
32 64 94
32 65 43
33 66 80
33 67 67
34 68 82
34 69 55
35 70 39
35 71 100
36 72 55
36 73 90
37 74 53
37 75 28
38 76 96
38 77 2
39 78 61
39 79 41
40 80 30
