# Edges (u,v,w)
1 2 81
1 3 7
2 4 93
2 5 76
3 6 59
3 7 14
4 8 21
4 9 75
5 10 67
5 11 75
6 12 31
6 13 13
7 14 78
7 15 95
8 16 3
8 17 49
9 18 23
9 19 74
10 20 48
10 21 67
11 22 61
11 23 35
12 24 62
12 25 38
13 26 54
13 27 20
14 28 84
14 29 59
15 30 64
15 31 16
16 32 82
16 33 48
17 34 96
17 35 80
18 36 23
18 37 85
19 38 36
19 39 15
20 40 86
20 41 90
21 42 93
21 43 88
22 44 14
22 45 9
23 46 18
23 47 46
24 48 1
24 49 94
25 50 33
25 51 39
26 52 17
26 53 91
27 54 22
27 55 81
28 56 78
28 57 65
29 58 42
29 59 89
30 60 98
30 61 80
31 62 60
31 63 84
32 64 49
32 65 10
33 66 94
33 67 70
34 68 98
34 69 14
35 70 28
35 71 53
36 72 67
36 73 13
37 74 48
37 75 5
38 76 13
38 77 52
39 78 68
39 79 97
40 80 22
