# Edges (u,v,w)
1 2 39
1 3 64
2 4 93
2 5 39
3 6 26
3 7 54
4 8 71
4 9 40
5 10 84
5 11 80
6 12 37
6 13 34
7 14 63
7 15 86
8 16 72
8 17 14
9 18 78
9 19 49
10 20 50
10 21 61
11 22 66
11 23 43
12 24 80
12 25 23
13 26 67
13 27 22
14 28 25
14 29 46
15 30 73
15 31 26
16 32 5
16 33 2
17 34 16
17 35 40
18 36 75
18 37 24
19 38 81
19 39 93
20 40 68
20 41 95
21 42 24
21 43 56
22 44 47
22 45 46
23 46 92
23 47 19
24 48 91
24 49 50
25 50 30
25 51 12
26 52 62
26 53 29
27 54 61
27 55 42
28 56 52
28 57 35
29 58 54
29 59 35
30 60 82
30 61 91
31 62 73
31 63 45
32 64 68
32 65 71
33 66 21
33 67 41
34 68 99
34 69 94
35 70 25
35 71 3
36 72 1
36 73 78
37 74 98
37 75 61
38 76 99
38 77 83
39 78 62
39 79 11
40 80 23
