# Edges (u,v,w)
1 2 16
1 3 64
2 4 22
2 5 39
3 6 2
3 7 56
4 8 3
4 9 91
5 10 57
5 11 54
6 12 16
6 13 32
7 14 1
7 15 100
8 16 44
8 17 66
9 18 58
9 19 66
10 20 2
10 21 89
11 22 63
11 23 83
12 24 78
12 25 3
13 26 70
13 27 50
14 28 45
14 29 74
15 30 15
15 31 75
16 32 83
16 33 73
17 34 82
17 35 29
18 36 34
18 37 33
19 38 81
19 39 76
20 40 47
20 41 51
21 42 42
21 43 16
22 44 38
22 45 13
23 46 100
23 47 18
24 48 79
24 49 24
25 50 39
25 51 62
26 52 44
26 53 30
27 54 7
27 55 13
28 56 89
28 57 9
29 58 82
29 59 48
30 60 35
30 61 75
31 62 40
31 63 32
32 64 81
32 65 63
33 66 84
33 67 40
34 68 89
34 69 44
35 70 92
35 71 8
36 72 91
36 73 77
37 74 48
37 75 25
38 76 10
38 77 37
39 78 40
39 79 41
40 80 12
