# Edges (u,v,w)
1 2 17
1 3 14
2 4 37
2 5 14
3 6 26
3 7 23
4 8 30
4 9 65
5 10 94
5 11 20
6 12 62
6 13 75
7 14 83
7 15 87
8 16 86
8 17 26
9 18 25
9 19 92
10 20 17
10 21 81
11 22 70
11 23 49
12 24 27
12 25 51
13 26 95
13 27 21
14 28 73
14 29 46
15 30 32
15 31 70
16 32 22
16 33 3
17 34 47
17 35 29
18 36 99
18 37 51
19 38 42
19 39 74
20 40 11
20 41 87
21 42 22
21 43 7
22 44 68
22 45 59
23 46 31
23 47 63
24 48 71
24 49 91
25 50 68
25 51 74
26 52 66
26 53 21
27 54 36
27 55 91
28 56 21
28 57 32
29 58 85
29 59 32
30 60 29
30 61 92
31 62 69
31 63 77
32 64 56
32 65 19
33 66 82
33 67 3
34 68 57
34 69 18
35 70 100
35 71 36
36 72 63
36 73 20
37 74 76
37 75 70
38 76 70
38 77 49
39 78 31
39 79 99
40 80 33
