# Edges (u,v,w)
1 2 48
1 3 73
2 4 49
2 5 52
3 6 7
3 7 42
4 8 59
4 9 96
5 10 49
5 11 52
6 12 6
6 13 84
7 14 5
7 15 64
8 16 12
8 17 46
9 18 15
9 19 25
10 20 39
10 21 96
11 22 14
11 23 2
12 24 70
12 25 47
13 26 30
13 27 53
14 28 100
14 29 1
15 30 65
15 31 54
16 32 27
16 33 99
17 34 5
17 35 97
18 36 82
18 37 23
19 38 64
19 39 42
20 40 55
20 41 87
21 42 22
21 43 80
22 44 22
22 45 56
23 46 90
23 47 87
24 48 79
24 49 53
25 50 80
25 51 65
26 52 71
26 53 54
27 54 79
27 55 81
28 56 60
28 57 48
29 58 38
29 59 89
30 60 62
30 61 80
31 62 50
31 63 55
32 64 55
32 65 62
33 66 32
33 67 11
34 68 7
34 69 54
35 70 14
35 71 4
36 72 44
36 73 37
37 74 20
37 75 75
38 76 42
38 77 91
39 78 81
39 79 89
40 80 78
