# Edges (u,v,w)
1 2 68
1 3 43
2 4 41
2 5 48
3 6 41
3 7 98
4 8 29
4 9 69
5 10 62
5 11 9
6 12 65
6 13 59
7 14 29
7 15 52
8 16 83
8 17 95
9 18 61
9 19 33
10 20 6
10 21 78
11 22 43
11 23 62
12 24 4
12 25 65
13 26 20
13 27 14
14 28 79
14 29 7
15 30 10
15 31 93
16 32 4
16 33 74
17 34 7
17 35 30
18 36 34
18 37 49
19 38 5
19 39 23
20 40 47
20 41 79
21 42 5
21 43 79
22 44 36
22 45 73
23 46 51
23 47 64
24 48 46
24 49 44
25 50 91
25 51 44
26 52 49
26 53 93
27 54 82
27 55 10
28 56 62
28 57 10
29 58 78
29 59 6
30 60 47
30 61 70
31 62 22
31 63 84
32 64 6
32 65 4
33 66 7
33 67 61
34 68 10
34 69 89
35 70 4
35 71 86
36 72 72
36 73 85
37 74 11
37 75 96
38 76 54
38 77 70
39 78 27
39 79 26
40 80 80
