# Edges (u,v,w)
1 2 55
1 3 20
2 4 17
2 5 15
3 6 61
3 7 70
4 8 49
4 9 60
5 10 37
5 11 50
6 12 87
6 13 68
7 14 92
7 15 80
8 16 6
8 17 57
9 18 82
9 19 22
10 20 57
10 21 95
11 22 91
11 23 75
12 24 78
12 25 25
13 26 71
13 27 15
14 28 97
14 29 34
15 30 32
15 31 22
16 32 36
16 33 8
17 34 53
17 35 35
18 36 55
18 37 73
19 38 43
19 39 23
20 40 22
20 41 74
21 42 70
21 43 16
22 44 25
22 45 19
23 46 8
23 47 52
24 48 31
24 49 63
25 50 4
25 51 15
26 52 88
26 53 63
27 54 18
27 55 27
28 56 52
28 57 16
29 58 76
29 59 65
30 60 12
30 61 89
31 62 50
31 63 44
32 64 40
32 65 87
33 66 55
33 67 10
34 68 10
34 69 81
35 70 16
35 71 31
36 72 35
36 73 89
37 74 14
37 75 30
38 76 82
38 77 25
39 78 46
39 79 96
40 80 49
