# Edges (u,v,w)
1 2 99
1 3 15
2 4 47
2 5 87
3 6 34
3 7 96
4 8 36
4 9 33
5 10 38
5 11 45
6 12 97
6 13 11
7 14 16
7 15 64
8 16 70
8 17 18
9 18 27
9 19 13
10 20 95
10 21 27
11 22 49
11 23 2
12 24 53
12 25 13
13 26 84
13 27 16
14 28 45
14 29 60
15 30 21
15 31 43
16 32 37
16 33 73
17 34 6
17 35 11
18 36 6
18 37 95
19 38 5
19 39 27
20 40 18
20 41 65
21 42 6
21 43 42
22 44 63
22 45 2
23 46 96
23 47 66
24 48 30
24 49 78
25 50 6
25 51 69
26 52 42
26 53 64
27 54 43
27 55 78
28 56 97
28 57 4
29 58 16
29 59 88
30 60 8
30 61 89
31 62 60
31 63 45
32 64 84
32 65 47
33 66 72
33 67 24
34 68 54
34 69 19
35 70 32
35 71 48
36 72 4
36 73 80
37 74 88
37 75 54
38 76 94
38 77 84
39 78 24
39 79 38
40 80 43
