# Edges (u,v,w)
1 2 89
1 3 37
2 4 98
2 5 87
3 6 6
3 7 94
4 8 35
4 9 96
5 10 71
5 11 39
6 12 93
6 13 34
7 14 39
7 15 18
8 16 34
8 17 97
9 18 11
9 19 37
10 20 48
10 21 73
11 22 58
11 23 80
12 24 93
12 25 22
13 26 20
13 27 15
14 28 25
14 29 49
15 30 94
15 31 8
16 32 90
16 33 39
17 34 33
17 35 20
18 36 77
18 37 31
19 38 44
19 39 6
20 40 55
20 41 55
21 42 15
21 43 75
22 44 71
22 45 31
23 46 35
23 47 46
24 48 26
24 49 98
25 50 98
25 51 71
26 52 5
26 53 63
27 54 94
27 55 47
28 56 54
28 57 12
29 58 39
29 59 93
30 60 77
30 61 68
31 62 62
31 63 17
32 64 48
32 65 93
33 66 15
33 67 81
34 68 90
34 69 42
35 70 17
35 71 39
36 72 3
36 73 89
37 74 14
37 75 25
38 76 37
38 77 48
39 78 57
39 79 34
40 80 12
