# Edges (u,v,w)
1 2 41
1 3 84
2 4 70
2 5 4
3 6 13
3 7 68
4 8 16
4 9 28
5 10 51
5 11 58
6 12 25
6 13 73
7 14 13
7 15 64
8 16 97
8 17 77
9 18 73
9 19 99
10 20 41
10 21 33
11 22 100
11 23 36
12 24 52
12 25 50
13 26 95
13 27 53
14 28 41
14 29 96
15 30 67
15 31 14
16 32 47
16 33 3
17 34 95
17 35 47
18 36 90
18 37 85
19 38 42
19 39 42
20 40 38
20 41 4
21 42 56
21 43 55
22 44 61
22 45 46
23 46 100
23 47 31
24 48 8
24 49 24
25 50 22
25 51 23
26 52 48
26 53 18
27 54 45
27 55 83
28 56 77
28 57 41
29 58 79
29 59 14
30 60 93
30 61 81
31 62 93
31 63 18
32 64 62
32 65 56
33 66 57
33 67 99
34 68 100
34 69 37
35 70 77
35 71 6
36 72 2
36 73 28
37 74 58
37 75 64
38 76 48
38 77 6
39 78 38
39 79 100
40 80 79
