# Edges (u,v,w)
1 2 69
1 3 45
2 4 26
2 5 54
3 6 33
3 7 26
4 8 20
4 9 100
5 10 27
5 11 23
6 12 47
6 13 7
7 14 85
7 15 27
8 16 9
8 17 13
9 18 14
9 19 82
10 20 5
10 21 2
11 22 10
11 23 36
12 24 84
12 25 14
13 26 10
13 27 44
14 28 68
14 29 40
15 30 78
15 31 12
16 32 95
16 33 33
17 34 69
17 35 39
18 36 10
18 37 81
19 38 74
19 39 93
20 40 25
20 41 29
21 42 4
21 43 34
22 44 52
22 45 36
23 46 37
23 47 81
24 48 33
24 49 15
25 50 31
25 51 87
26 52 82
26 53 38
27 54 27
27 55 100
28 56 11
28 57 24
29 58 13
29 59 22
30 60 41
30 61 67
31 62 76
31 63 63
32 64 86
32 65 22
33 66 5
33 67 54
34 68 38
34 69 80
35 70 69
35 71 36
36 72 10
36 73 93
37 74 17
37 75 15
38 76 72
38 77 14
39 78 50
39 79 8
40 80 35
