# Edges (u,v,w)
1 2 63
1 3 2
2 4 85
2 5 39
3 6 98
3 7 89
4 8 75
4 9 4
5 10 23
5 11 79
6 12 24
6 13 38
7 14 3
7 15 21
8 16 98
8 17 91
9 18 24
9 19 24
10 20 30
10 21 8
11 22 95
11 23 29
12 24 62
12 25 79
13 26 66
13 27 7
14 28 60
14 29 40
15 30 32
15 31 7
16 32 53
16 33 69
17 34 32
17 35 7
18 36 29
18 37 16
19 38 23
19 39 32
20 40 94
20 41 10
21 42 20
21 43 94
22 44 83
22 45 46
23 46 23
23 47 54
24 48 91
24 49 12
25 50 60
25 51 33
26 52 100
26 53 40
27 54 66
27 55 7
28 56 73
28 57 52
29 58 92
29 59 2
30 60 63
30 61 84
31 62 61
31 63 58
32 64 29
32 65 37
33 66 26
33 67 15
34 68 9
34 69 34
35 70 87
35 71 10
36 72 48
36 73 96
37 74 26
37 75 71
38 76 20
38 77 34
39 78 74
39 79 40
40 80 94
