# Edges (u,v,w)
1 2 47
1 3 23
2 4 47
2 5 62
3 6 7
3 7 93
4 8 92
4 9 10
5 10 99
5 11 21
6 12 90
6 13 48
7 14 24
7 15 12
8 16 11
8 17 86
9 18 42
9 19 6
10 20 12
10 21 86
11 22 85
11 23 14
12 24 19
12 25 23
13 26 15
13 27 5
14 28 25
14 29 96
15 30 98
15 31 10
16 32 8
16 33 65
17 34 41
17 35 10
18 36 81
18 37 66
19 38 25
19 39 23
20 40 9
20 41 37
21 42 74
21 43 96
22 44 23
22 45 20
23 46 45
23 47 97
24 48 46
24 49 31
25 50 22
25 51 12
26 52 50
26 53 42
27 54 13
27 55 50
28 56 87
28 57 13
29 58 91
29 59 61
30 60 20
30 61 92
31 62 13
31 63 34
32 64 73
32 65 2
33 66 87
33 67 77
34 68 64
34 69 99
35 70 79
35 71 58
36 72 97
36 73 24
37 74 26
37 75 10
38 76 90
38 77 2
39 78 72
39 79 83
40 80 51
