# Edges (u,v,w)
1 2 97
1 3 22
2 4 8
2 5 26
3 6 21
3 7 66
4 8 30
4 9 12
5 10 29
5 11 87
6 12 7
6 13 30
7 14 8
7 15 76
8 16 70
8 17 22
9 18 16
9 19 100
10 20 73
10 21 13
11 22 20
11 23 98
12 24 33
12 25 29
13 26 62
13 27 51
14 28 27
14 29 39
15 30 72
15 31 44
16 32 99
16 33 93
17 34 43
17 35 62
18 36 88
18 37 85
19 38 37
19 39 16
20 40 36
20 41 4
21 42 61
21 43 58
22 44 24
22 45 89
23 46 67
23 47 51
24 48 80
24 49 96
25 50 48
25 51 48
26 52 83
26 53 81
27 54 53
27 55 61
28 56 98
28 57 95
29 58 95
29 59 6
30 60 69
30 61 27
31 62 36
31 63 89
32 64 97
32 65 94
33 66 82
33 67 72
34 68 19
34 69 19
35 70 74
35 71 44
36 72 61
36 73 60
37 74 48
37 75 80
38 76 53
38 77 4
39 78 76
39 79 92
40 80 4
