# Edges (u,v,w)
1 2 65
1 3 58
2 4 41
2 5 23
3 6 39
3 7 78
4 8 7
4 9 31
5 10 86
5 11 64
6 12 80
6 13 97
7 14 42
7 15 74
8 16 52
8 17 88
9 18 56
9 19 3
10 20 28
10 21 71
11 22 16
11 23 73
12 24 73
12 25 26
13 26 20
13 27 83
14 28 1
14 29 28
15 30 5
15 31 41
16 32 14
16 33 100
17 34 12
17 35 36
18 36 83
18 37 33
19 38 44
19 39 73
20 40 8
20 41 23
21 42 87
21 43 3
22 44 20
22 45 38
23 46 80
23 47 58
24 48 35
24 49 51
25 50 84
25 51 76
26 52 21
26 53 21
27 54 94
27 55 53
28 56 58
28 57 71
29 58 37
29 59 45
30 60 55
30 61 86
31 62 74
31 63 69
32 64 61
32 65 35
33 66 16
33 67 95
34 68 48
34 69 53
35 70 74
35 71 92
36 72 15
36 73 90
37 74 94
37 75 6
38 76 55
38 77 61
39 78 89
39 79 68
40 80 67
