# Edges (u,v,w)
1 2 80
1 3 17
2 4 38
2 5 62
3 6 44
3 7 47
4 8 25
4 9 49
5 10 99
5 11 58
6 12 13
6 13 18
7 14 94
7 15 56
8 16 40
8 17 18
9 18 72
9 19 68
10 20 65
10 21 24
11 22 18
11 23 48
12 24 93
12 25 20
13 26 73
13 27 67
14 28 43
14 29 28
15 30 79
15 31 49
16 32 59
16 33 31
17 34 49
17 35 59
18 36 6
18 37 30
19 38 44
19 39 73
20 40 20
20 41 64
21 42 64
21 43 24
22 44 97
22 45 54
23 46 22
23 47 55
24 48 69
24 49 94
25 50 3
25 51 93
26 52 6
26 53 65
27 54 71
27 55 82
28 56 5
28 57 31
29 58 33
29 59 63
30 60 62
30 61 45
31 62 98
31 63 15
32 64 10
32 65 87
33 66 68
33 67 12
34 68 89
34 69 59
35 70 32
35 71 78
36 72 3
36 73 38
37 74 39
37 75 68
38 76 99
38 77 53
39 78 77
39 79 60
40 80 97
