# Edges (u,v,w)
1 2 11
1 3 8
2 4 70
2 5 69
3 6 35
3 7 72
4 8 48
4 9 98
5 10 2
5 11 87
6 12 37
6 13 29
7 14 65
7 15 55
8 16 41
8 17 23
9 18 39
9 19 35
10 20 50
10 21 80
11 22 1
11 23 58
12 24 77
12 25 58
13 26 24
13 27 71
14 28 65
14 29 86
15 30 49
15 31 39
16 32 88
16 33 9
17 34 30
17 35 15
18 36 79
18 37 31
19 38 43
19 39 62
20 40 81
20 41 85
21 42 49
21 43 86
22 44 87
22 45 80
23 46 29
23 47 39
24 48 50
24 49 62
25 50 78
25 51 79
26 52 88
26 53 90
27 54 62
27 55 98
28 56 58
28 57 62
29 58 85
29 59 62
30 60 3
30 61 95
31 62 97
31 63 98
32 64 48
32 65 41
33 66 43
33 67 88
34 68 34
34 69 3
35 70 17
35 71 35
36 72 72
36 73 59
37 74 40
37 75 10
38 76 11
38 77 69
39 78 72
39 79 57
40 80 15
