# Edges (u,v,w)
1 2 27
1 3 29
2 4 46
2 5 38
3 6 11
3 7 8
4 8 2
4 9 99
5 10 65
5 11 94
6 12 1
6 13 81
7 14 52
7 15 68
8 16 58
8 17 57
9 18 70
9 19 92
10 20 36
10 21 15
11 22 72
11 23 68
12 24 57
12 25 61
13 26 77
13 27 53
14 28 31
14 29 80
15 30 53
15 31 38
16 32 48
16 33 49
17 34 85
17 35 85
18 36 38
18 37 77
19 38 33
19 39 82
20 40 67
20 41 63
21 42 40
21 43 63
22 44 34
22 45 14
23 46 59
23 47 50
24 48 8
24 49 100
25 50 80
25 51 84
26 52 21
26 53 27
27 54 12
27 55 30
28 56 45
28 57 21
29 58 92
29 59 85
30 60 90
30 61 68
31 62 39
31 63 55
32 64 26
32 65 35
33 66 35
33 67 55
34 68 97
34 69 17
35 70 49
35 71 60
36 72 85
36 73 38
37 74 61
37 75 85
38 76 6
38 77 79
39 78 25
39 79 63
40 80 70
