# Edges (u,v,w)
1 2 19
1 3 91
2 4 16
2 5 39
3 6 62
3 7 36
4 8 9
4 9 6
5 10 47
5 11 86
6 12 79
6 13 99
7 14 45
7 15 47
8 16 12
8 17 41
9 18 68
9 19 78
10 20 78
10 21 30
11 22 45
11 23 88
12 24 95
12 25 51
13 26 18
13 27 65
14 28 19
14 29 9
15 30 48
15 31 13
16 32 44
16 33 83
17 34 95
17 35 31
18 36 57
18 37 57
19 38 17
19 39 36
20 40 8
20 41 7
21 42 9
21 43 32
22 44 24
22 45 34
23 46 37
23 47 77
24 48 23
24 49 76
25 50 15
25 51 8
26 52 4
26 53 12
27 54 8
27 55 89
28 56 95
28 57 98
29 58 22
29 59 98
30 60 21
30 61 79
31 62 43
31 63 92
32 64 57
32 65 96
33 66 67
33 67 96
34 68 55
34 69 71
35 70 1
35 71 85
36 72 48
36 73 73
37 74 89
37 75 82
38 76 48
38 77 79
39 78 50
39 79 48
40 80 94
