# Edges (u,v,w)
1 2 43
1 3 46
2 4 49
2 5 98
3 6 66
3 7 36
4 8 53
4 9 55
5 10 39
5 11 1
6 12 36
6 13 37
7 14 78
7 15 39
8 16 86
8 17 83
9 18 18
9 19 100
10 20 8
10 21 58
11 22 38
11 23 2
12 24 46
12 25 43
13 26 40
13 27 25
14 28 54
14 29 1
15 30 79
15 31 52
16 32 85
16 33 69
17 34 3
17 35 51
18 36 47
18 37 21
19 38 86
19 39 10
20 40 6
20 41 51
21 42 8
21 43 44
22 44 98
22 45 22
23 46 1
23 47 81
24 48 86
24 49 98
25 50 79
25 51 33
26 52 100
26 53 39
27 54 87
27 55 74
28 56 82
28 57 51
29 58 7
29 59 29
30 60 76
30 61 74
31 62 99
31 63 47
32 64 21
32 65 63
33 66 39
33 67 28
34 68 9
34 69 99
35 70 91
35 71 81
36 72 54
36 73 92
37 74 99
37 75 67
38 76 47
38 77 49
39 78 95
39 79 96
40 80 27
