# Edges (u,v,w)
1 2 82
1 3 57
2 4 30
2 5 5
3 6 72
3 7 33
4 8 9
4 9 37
5 10 48
5 11 99
6 12 33
6 13 74
7 14 39
7 15 92
8 16 39
8 17 98
9 18 80
9 19 14
10 20 76
10 21 33
11 22 99
11 23 38
12 24 21
12 25 28
13 26 91
13 27 17
14 28 12
14 29 33
15 30 26
15 31 83
16 32 41
16 33 81
17 34 75
17 35 51
18 36 8
18 37 20
19 38 36
19 39 16
20 40 54
20 41 23
21 42 20
21 43 28
22 44 2
22 45 58
23 46 49
23 47 34
24 48 6
24 49 32
25 50 65
25 51 1
26 52 81
26 53 31
27 54 86
27 55 1
28 56 30
28 57 97
29 58 98
29 59 87
30 60 100
30 61 7
31 62 32
31 63 91
32 64 70
32 65 33
33 66 11
33 67 17
34 68 18
34 69 98
35 70 74
35 71 7
36 72 11
36 73 74
37 74 2
37 75 43
38 76 51
38 77 10
39 78 17
39 79 79
40 80 19
