# Edges (u,v,w)
1 2 77
1 3 77
2 4 100
2 5 70
3 6 36
3 7 18
4 8 82
4 9 35
5 10 72
5 11 36
6 12 5
6 13 74
7 14 19
7 15 44
8 16 40
8 17 60
9 18 84
9 19 69
10 20 42
10 21 10
11 22 50
11 23 54
12 24 86
12 25 53
13 26 51
13 27 26
14 28 94
14 29 96
15 30 42
15 31 50
16 32 12
16 33 8
17 34 21
17 35 98
18 36 26
18 37 70
19 38 71
19 39 19
20 40 9
20 41 80
21 42 71
21 43 87
22 44 14
22 45 86
23 46 34
23 47 29
24 48 51
24 49 96
25 50 88
25 51 48
26 52 62
26 53 45
27 54 52
27 55 4
28 56 28
28 57 44
29 58 4
29 59 93
30 60 97
30 61 28
31 62 63
31 63 80
32 64 37
32 65 64
33 66 48
33 67 87
34 68 94
34 69 84
35 70 48
35 71 76
36 72 63
36 73 64
37 74 6
37 75 89
38 76 56
38 77 8
39 78 79
39 79 3
40 80 14
