# Edges (u,v,w)
1 2 68
1 3 37
2 4 55
2 5 74
3 6 73
3 7 56
4 8 76
4 9 46
5 10 73
5 11 51
6 12 89
6 13 73
7 14 61
7 15 35
8 16 73
8 17 10
9 18 72
9 19 66
10 20 99
10 21 24
11 22 76
11 23 43
12 24 1
12 25 93
13 26 98
13 27 34
14 28 5
14 29 53
15 30 36
15 31 54
16 32 44
16 33 96
17 34 56
17 35 31
18 36 53
18 37 83
19 38 2
19 39 13
20 40 2
20 41 93
21 42 46
21 43 20
22 44 14
22 45 59
23 46 24
23 47 16
24 48 13
24 49 27
25 50 53
25 51 39
26 52 93
26 53 100
27 54 78
27 55 34
28 56 91
28 57 76
29 58 18
29 59 87
30 60 51
30 61 90
31 62 7
31 63 22
32 64 78
32 65 38
33 66 5
33 67 60
34 68 67
34 69 37
35 70 1
35 71 98
36 72 42
36 73 40
37 74 39
37 75 10
38 76 76
38 77 6
39 78 88
39 79 16
40 80 85
