# Edges (u,v,w)
1 2 69
1 3 22
2 4 15
2 5 79
3 6 51
3 7 89
4 8 68
4 9 98
5 10 61
5 11 65
6 12 69
6 13 10
7 14 20
7 15 40
8 16 64
8 17 66
9 18 62
9 19 94
10 20 86
10 21 11
11 22 32
11 23 7
12 24 52
12 25 67
13 26 84
13 27 70
14 28 31
14 29 22
15 30 66
15 31 97
16 32 68
16 33 95
17 34 76
17 35 36
18 36 100
18 37 16
19 38 9
19 39 81
20 40 64
20 41 44
21 42 20
21 43 58
22 44 58
22 45 62
23 46 27
23 47 16
24 48 81
24 49 46
25 50 9
25 51 81
26 52 50
26 53 46
27 54 20
27 55 90
28 56 39
28 57 7
29 58 74
29 59 31
30 60 92
30 61 11
31 62 52
31 63 38
32 64 85
32 65 61
33 66 83
33 67 59
34 68 19
34 69 81
35 70 10
35 71 69
36 72 5
36 73 88
37 74 77
37 75 33
38 76 34
38 77 28
39 78 3
39 79 97
40 80 43
