# Edges (u,v,w)
1 2 26
1 3 93
2 4 50
2 5 79
3 6 98
3 7 90
4 8 34
4 9 76
5 10 35
5 11 80
6 12 31
6 13 37
7 14 94
7 15 66
8 16 52
8 17 83
9 18 83
9 19 23
10 20 38
10 21 87
11 22 12
11 23 57
12 24 62
12 25 98
13 26 22
13 27 49
14 28 72
14 29 51
15 30 14
15 31 6
16 32 32
16 33 80
17 34 23
17 35 35
18 36 98
18 37 55
19 38 27
19 39 56
20 40 8
20 41 28
21 42 19
21 43 65
22 44 9
22 45 6
23 46 29
23 47 13
24 48 97
24 49 90
25 50 9
25 51 17
26 52 99
26 53 55
27 54 31
27 55 96
28 56 55
28 57 4
29 58 52
29 59 81
30 60 11
30 61 67
31 62 1
31 63 52
32 64 56
32 65 26
33 66 13
33 67 44
34 68 25
34 69 58
35 70 79
35 71 89
36 72 10
36 73 69
37 74 72
37 75 51
38 76 40
38 77 22
39 78 9
39 79 20
40 80 59
