# Edges (u,v,w)
1 2 57
1 3 2
2 4 58
2 5 19
3 6 63
3 7 68
4 8 87
4 9 54
5 10 8
5 11 89
6 12 67
6 13 70
7 14 74
7 15 64
8 16 83
8 17 76
9 18 82
9 19 34
10 20 75
10 21 90
11 22 26
11 23 41
12 24 58
12 25 79
13 26 5
13 27 18
14 28 95
14 29 34
15 30 27
15 31 53
16 32 34
16 33 61
17 34 17
17 35 3
18 36 69
18 37 15
19 38 83
19 39 72
20 40 57
20 41 48
21 42 66
21 43 77
22 44 1
22 45 50
23 46 6
23 47 65
24 48 36
24 49 18
25 50 86
25 51 73
26 52 70
26 53 49
27 54 62
27 55 69
28 56 37
28 57 50
29 58 69
29 59 74
30 60 63
30 61 1
31 62 30
31 63 98
32 64 78
32 65 40
33 66 83
33 67 99
34 68 66
34 69 18
35 70 35
35 71 57
36 72 86
36 73 25
37 74 81
37 75 75
38 76 3
38 77 30
39 78 51
39 79 69
40 80 13
