# Edges (u,v,w)
1 2 75
1 3 2
2 4 80
2 5 75
3 6 34
3 7 83
4 8 30
4 9 38
5 10 7
5 11 42
6 12 20
6 13 99
7 14 61
7 15 88
8 16 24
8 17 44
9 18 99
9 19 37
10 20 5
10 21 48
11 22 99
11 23 9
12 24 49
12 25 43
13 26 2
13 27 96
14 28 91
14 29 5
15 30 58
15 31 81
16 32 15
16 33 32
17 34 36
17 35 55
18 36 85
18 37 23
19 38 52
19 39 25
20 40 3
20 41 55
21 42 6
21 43 51
22 44 12
22 45 2
23 46 16
23 47 97
24 48 12
24 49 68
25 50 78
25 51 22
26 52 21
26 53 35
27 54 88
27 55 28
28 56 37
28 57 46
29 58 98
29 59 49
30 60 6
30 61 24
31 62 4
31 63 75
32 64 25
32 65 72
33 66 19
33 67 28
34 68 26
34 69 28
35 70 62
35 71 48
36 72 43
36 73 26
37 74 26
37 75 66
38 76 33
38 77 33
39 78 88
39 79 100
40 80 2
