# Edges (u,v,w)
1 2 59
1 3 15
2 4 88
2 5 25
3 6 70
3 7 88
4 8 21
4 9 32
5 10 35
5 11 15
6 12 57
6 13 67
7 14 87
7 15 77
8 16 84
8 17 97
9 18 90
9 19 7
10 20 18
10 21 56
11 22 10
11 23 98
12 24 95
12 25 4
13 26 11
13 27 73
14 28 76
14 29 84
15 30 79
15 31 42
16 32 10
16 33 32
17 34 69
17 35 20
18 36 62
18 37 28
19 38 96
19 39 76
20 40 27
20 41 3
21 42 88
21 43 73
22 44 55
22 45 85
23 46 5
23 47 90
24 48 42
24 49 35
25 50 10
25 51 60
26 52 32
26 53 89
27 54 45
27 55 90
28 56 25
28 57 5
29 58 20
29 59 20
30 60 83
30 61 36
31 62 80
31 63 43
32 64 19
32 65 87
33 66 15
33 67 92
34 68 54
34 69 23
35 70 1
35 71 86
36 72 37
36 73 19
37 74 47
37 75 12
38 76 21
38 77 77
39 78 94
39 79 86
40 80 97
