# Edges (u,v,w)
1 2 69
1 3 69
2 4 41
2 5 25
3 6 61
3 7 70
4 8 21
4 9 20
5 10 3
5 11 93
6 12 33
6 13 3
7 14 66
7 15 14
8 16 53
8 17 24
9 18 47
9 19 87
10 20 18
10 21 3
11 22 7
11 23 67
12 24 15
12 25 37
13 26 98
13 27 93
14 28 61
14 29 70
15 30 36
15 31 72
16 32 32
16 33 39
17 34 59
17 35 14
18 36 75
18 37 89
19 38 68
19 39 22
20 40 61
20 41 28
21 42 55
21 43 54
22 44 97
22 45 2
23 46 89
23 47 36
24 48 19
24 49 8
25 50 95
25 51 12
26 52 85
26 53 28
27 54 81
27 55 98
28 56 48
28 57 31
29 58 74
29 59 97
30 60 40
30 61 83
31 62 97
31 63 53
32 64 89
32 65 89
33 66 19
33 67 16
34 68 68
34 69 36
35 70 94
35 71 99
36 72 19
36 73 82
37 74 53
37 75 60
38 76 92
38 77 80
39 78 45
39 79 68
40 80 26
