# Edges (u,v,w)
1 2 46
1 3 35
2 4 12
2 5 86
3 6 80
3 7 44
4 8 62
4 9 26
5 10 18
5 11 81
6 12 17
6 13 65
7 14 66
7 15 99
8 16 90
8 17 56
9 18 1
9 19 7
10 20 69
10 21 44
11 22 37
11 23 9
12 24 20
12 25 54
13 26 90
13 27 46
14 28 28
14 29 61
15 30 61
15 31 88
16 32 82
16 33 32
17 34 53
17 35 9
18 36 33
18 37 23
19 38 1
19 39 73
20 40 5
20 41 65
21 42 100
21 43 40
22 44 23
22 45 56
23 46 91
23 47 41
24 48 89
24 49 16
25 50 38
25 51 28
26 52 15
26 53 45
27 54 15
27 55 98
28 56 57
28 57 14
29 58 12
29 59 51
30 60 63
30 61 83
31 62 74
31 63 26
32 64 37
32 65 88
33 66 76
33 67 88
34 68 60
34 69 14
35 70 11
35 71 66
36 72 66
36 73 62
37 74 26
37 75 72
38 76 15
38 77 7
39 78 87
39 79 25
40 80 37
