# Edges (u,v,w)
1 2 42
1 3 1
2 4 14
2 5 57
3 6 19
3 7 83
4 8 87
4 9 40
5 10 27
5 11 64
6 12 7
6 13 26
7 14 79
7 15 11
8 16 33
8 17 52
9 18 62
9 19 89
10 20 36
10 21 72
11 22 55
11 23 93
12 24 87
12 25 77
13 26 21
13 27 28
14 28 48
14 29 32
15 30 21
15 31 87
16 32 96
16 33 76
17 34 77
17 35 30
18 36 98
18 37 9
19 38 51
19 39 76
20 40 80
20 41 34
21 42 27
21 43 88
22 44 67
22 45 65
23 46 38
23 47 33
24 48 66
24 49 18
25 50 89
25 51 68
26 52 6
26 53 74
27 54 44
27 55 17
28 56 10
28 57 35
29 58 4
29 59 26
30 60 84
30 61 33
31 62 80
31 63 67
32 64 73
32 65 49
33 66 37
33 67 55
34 68 81
34 69 43
35 70 46
35 71 14
36 72 99
36 73 85
37 74 81
37 75 63
38 76 57
38 77 26
39 78 22
39 79 81
40 80 92
