# Edges (u,v,w)
1 2 53
1 3 80
2 4 95
2 5 41
3 6 24
3 7 65
4 8 88
4 9 17
5 10 32
5 11 18
6 12 26
6 13 91
7 14 91
7 15 74
8 16 90
8 17 73
9 18 70
9 19 74
10 20 60
10 21 22
11 22 7
11 23 44
12 24 84
12 25 26
13 26 67
13 27 74
14 28 90
14 29 22
15 30 32
15 31 5
16 32 22
16 33 67
17 34 17
17 35 24
18 36 2
18 37 35
19 38 98
19 39 54
20 40 79
20 41 3
21 42 8
21 43 20
22 44 25
22 45 45
23 46 48
23 47 99
24 48 6
24 49 51
25 50 18
25 51 65
26 52 32
26 53 79
27 54 60
27 55 31
28 56 11
28 57 99
29 58 13
29 59 29
30 60 82
30 61 95
31 62 90
31 63 74
32 64 47
32 65 10
33 66 72
33 67 76
34 68 31
34 69 25
35 70 16
35 71 53
36 72 16
36 73 55
37 74 28
37 75 17
38 76 29
38 77 3
39 78 90
39 79 28
40 80 81
