# Edges (u,v,w)
1 2 9
1 3 53
2 4 19
2 5 62
3 6 16
3 7 66
4 8 32
4 9 22
5 10 92
5 11 65
6 12 70
6 13 12
7 14 34
7 15 36
8 16 87
8 17 75
9 18 41
9 19 91
10 20 92
10 21 37
11 22 34
11 23 8
12 24 33
12 25 14
13 26 17
13 27 47
14 28 96
14 29 24
15 30 8
15 31 93
16 32 48
16 33 34
17 34 98
17 35 16
18 36 47
18 37 37
19 38 39
19 39 69
20 40 11
20 41 46
21 42 1
21 43 8
22 44 16
22 45 46
23 46 97
23 47 96
24 48 61
24 49 80
25 50 59
25 51 39
26 52 29
26 53 82
27 54 69
27 55 47
28 56 7
28 57 46
29 58 93
29 59 74
30 60 96
30 61 83
31 62 91
31 63 17
32 64 53
32 65 60
33 66 49
33 67 88
34 68 86
34 69 38
35 70 20
35 71 55
36 72 37
36 73 92
37 74 97
37 75 27
38 76 69
38 77 28
39 78 28
39 79 5
40 80 32
