# Edges (u,v,w)
1 2 72
1 3 10
2 4 73
2 5 44
3 6 54
3 7 45
4 8 84
4 9 19
5 10 46
5 11 72
6 12 38
6 13 40
7 14 92
7 15 59
8 16 44
8 17 23
9 18 40
9 19 19
10 20 56
10 21 20
11 22 66
11 23 46
12 24 3
12 25 76
13 26 81
13 27 90
14 28 99
14 29 31
15 30 61
15 31 73
16 32 24
16 33 23
17 34 48
17 35 73
18 36 40
18 37 77
19 38 63
19 39 49
20 40 30
20 41 100
21 42 50
21 43 97
22 44 74
22 45 20
23 46 100
23 47 5
24 48 64
24 49 60
25 50 46
25 51 80
26 52 48
26 53 61
27 54 11
27 55 13
28 56 64
28 57 5
29 58 6
29 59 84
30 60 56
30 61 14
31 62 24
31 63 3
32 64 18
32 65 82
33 66 65
33 67 57
34 68 11
34 69 77
35 70 13
35 71 90
36 72 33
36 73 37
37 74 81
37 75 87
38 76 43
38 77 99
39 78 21
39 79 96
40 80 8
