# Edges (u,v,w)
1 2 64
1 3 40
2 4 35
2 5 4
3 6 10
3 7 87
4 8 80
4 9 90
5 10 56
5 11 29
6 12 98
6 13 40
7 14 41
7 15 25
8 16 9
8 17 43
9 18 40
9 19 22
10 20 29
10 21 90
11 22 31
11 23 71
12 24 86
12 25 75
13 26 87
13 27 26
14 28 60
14 29 38
15 30 8
15 31 83
16 32 7
16 33 86
17 34 31
17 35 93
18 36 39
18 37 95
19 38 48
19 39 36
20 40 98
20 41 68
21 42 42
21 43 16
22 44 9
22 45 96
23 46 100
23 47 93
24 48 88
24 49 100
25 50 65
25 51 31
26 52 20
26 53 83
27 54 90
27 55 64
28 56 53
28 57 24
29 58 55
29 59 2
30 60 73
30 61 100
31 62 68
31 63 30
32 64 55
32 65 45
33 66 50
33 67 54
34 68 6
34 69 82
35 70 28
35 71 96
36 72 93
36 73 21
37 74 94
37 75 89
38 76 1
38 77 9
39 78 91
39 79 41
40 80 68
