# Edges (u,v,w)
1 2 23
1 3 70
2 4 70
2 5 69
3 6 8
3 7 72
4 8 47
4 9 14
5 10 99
5 11 97
6 12 42
6 13 3
7 14 85
7 15 25
8 16 28
8 17 15
9 18 28
9 19 40
10 20 98
10 21 66
11 22 20
11 23 32
12 24 89
12 25 99
13 26 98
13 27 48
14 28 64
14 29 74
15 30 37
15 31 75
16 32 46
16 33 85
17 34 33
17 35 69
18 36 18
18 37 79
19 38 20
19 39 62
20 40 79
20 41 4
21 42 83
21 43 82
22 44 7
22 45 15
23 46 7
23 47 1
24 48 92
24 49 19
25 50 51
25 51 60
26 52 92
26 53 4
27 54 59
27 55 37
28 56 45
28 57 9
29 58 66
29 59 50
30 60 41
30 61 2
31 62 78
31 63 83
32 64 72
32 65 59
33 66 15
33 67 6
34 68 63
34 69 53
35 70 18
35 71 64
36 72 90
36 73 6
37 74 1
37 75 42
38 76 6
38 77 55
39 78 34
39 79 26
40 80 8
