# Edges (u,v,w)
1 2 64
1 3 61
2 4 15
2 5 35
3 6 8
3 7 7
4 8 31
4 9 51
5 10 74
5 11 41
6 12 31
6 13 62
7 14 17
7 15 39
8 16 10
8 17 88
9 18 64
9 19 51
10 20 54
10 21 16
11 22 78
11 23 49
12 24 4
12 25 89
13 26 6
13 27 52
14 28 80
14 29 17
15 30 48
15 31 30
16 32 7
16 33 49
17 34 14
17 35 14
18 36 44
18 37 20
19 38 9
19 39 41
20 40 63
20 41 66
21 42 18
21 43 4
22 44 80
22 45 24
23 46 39
23 47 12
24 48 100
24 49 27
25 50 61
25 51 99
26 52 61
26 53 49
27 54 84
27 55 10
28 56 63
28 57 83
29 58 42
29 59 78
30 60 3
30 61 26
31 62 52
31 63 59
32 64 47
32 65 69
33 66 94
33 67 88
34 68 48
34 69 18
35 70 65
35 71 94
36 72 55
36 73 30
37 74 36
37 75 11
38 76 56
38 77 5
39 78 82
39 79 96
40 80 52
