# Edges (u,v,w)
1 2 73
1 3 36
2 4 25
2 5 77
3 6 52
3 7 38
4 8 73
4 9 27
5 10 70
5 11 96
6 12 43
6 13 83
7 14 3
7 15 92
8 16 27
8 17 62
9 18 5
9 19 90
10 20 47
10 21 92
11 22 20
11 23 24
12 24 34
12 25 15
13 26 38
13 27 10
14 28 96
14 29 33
15 30 58
15 31 99
16 32 48
16 33 5
17 34 82
17 35 52
18 36 6
18 37 33
19 38 71
19 39 48
20 40 30
20 41 78
21 42 16
21 43 33
22 44 58
22 45 97
23 46 15
23 47 46
24 48 63
24 49 100
25 50 54
25 51 1
26 52 24
26 53 29
27 54 12
27 55 16
28 56 57
28 57 41
29 58 86
29 59 33
30 60 19
30 61 36
31 62 96
31 63 94
32 64 95
32 65 87
33 66 99
33 67 94
34 68 79
34 69 34
35 70 90
35 71 77
36 72 53
36 73 34
37 74 69
37 75 82
38 76 76
38 77 20
39 78 58
39 79 89
40 80 2
