# Edges (u,v,w)
1 2 52
1 3 47
2 4 79
2 5 96
3 6 79
3 7 62
4 8 91
4 9 85
5 10 42
5 11 67
6 12 10
6 13 51
7 14 8
7 15 99
8 16 28
8 17 22
9 18 100
9 19 74
10 20 32
10 21 75
11 22 85
11 23 53
12 24 58
12 25 94
13 26 15
13 27 86
14 28 58
14 29 35
15 30 27
15 31 12
16 32 37
16 33 62
17 34 5
17 35 66
18 36 34
18 37 62
19 38 48
19 39 32
20 40 52
20 41 29
21 42 2
21 43 84
22 44 44
22 45 2
23 46 65
23 47 17
24 48 5
24 49 16
25 50 4
25 51 23
26 52 42
26 53 66
27 54 57
27 55 25
28 56 62
28 57 11
29 58 29
29 59 50
30 60 74
30 61 26
31 62 17
31 63 19
32 64 74
32 65 71
33 66 75
33 67 40
34 68 2
34 69 4
35 70 9
35 71 39
36 72 48
36 73 75
37 74 5
37 75 43
38 76 8
38 77 2
39 78 66
39 79 99
40 80 2
