# Edges (u,v,w)
1 2 49
1 3 5
2 4 55
2 5 95
3 6 37
3 7 15
4 8 68
4 9 76
5 10 53
5 11 88
6 12 66
6 13 36
7 14 18
7 15 5
8 16 49
8 17 47
9 18 89
9 19 53
10 20 32
10 21 17
11 22 44
11 23 56
12 24 65
12 25 70
13 26 44
13 27 69
14 28 86
14 29 83
15 30 11
15 31 1
16 32 64
16 33 66
17 34 32
17 35 9
18 36 47
18 37 75
19 38 20
19 39 74
20 40 3
20 41 77
21 42 44
21 43 92
22 44 73
22 45 3
23 46 33
23 47 98
24 48 34
24 49 26
25 50 5
25 51 31
26 52 55
26 53 91
27 54 44
27 55 41
28 56 71
28 57 78
29 58 47
29 59 92
30 60 2
30 61 4
31 62 39
31 63 56
32 64 45
32 65 14
33 66 57
33 67 54
34 68 76
34 69 31
35 70 3
35 71 26
36 72 88
36 73 85
37 74 53
37 75 97
38 76 27
38 77 74
39 78 77
39 79 86
40 80 22
