# Edges (u,v,w)
1 2 25
1 3 93
2 4 62
2 5 17
3 6 91
3 7 100
4 8 5
4 9 42
5 10 2
5 11 3
6 12 75
6 13 34
7 14 71
7 15 80
8 16 44
8 17 5
9 18 55
9 19 4
10 20 31
10 21 37
11 22 64
11 23 54
12 24 74
12 25 89
13 26 26
13 27 62
14 28 89
14 29 99
15 30 56
15 31 91
16 32 46
16 33 18
17 34 62
17 35 30
18 36 62
18 37 88
19 38 93
19 39 82
20 40 2
20 41 25
21 42 61
21 43 29
22 44 53
22 45 41
23 46 52
23 47 95
24 48 21
24 49 90
25 50 97
25 51 13
26 52 54
26 53 46
27 54 12
27 55 60
28 56 1
28 57 45
29 58 49
29 59 16
30 60 54
30 61 95
31 62 90
31 63 79
32 64 8
32 65 31
33 66 30
33 67 86
34 68 9
34 69 92
35 70 30
35 71 1
36 72 43
36 73 45
37 74 84
37 75 50
38 76 28
38 77 30
39 78 65
39 79 100
40 80 64
