# Edges (u,v,w)
1 2 97
1 3 69
2 4 64
2 5 59
3 6 34
3 7 26
4 8 17
4 9 53
5 10 1
5 11 34
6 12 68
6 13 44
7 14 85
7 15 97
8 16 24
8 17 55
9 18 69
9 19 100
10 20 61
10 21 21
11 22 6
11 23 42
12 24 52
12 25 53
13 26 83
13 27 25
14 28 41
14 29 53
15 30 18
15 31 58
16 32 90
16 33 49
17 34 16
17 35 87
18 36 88
18 37 16
19 38 94
19 39 12
20 40 10
20 41 56
21 42 63
21 43 58
22 44 40
22 45 81
23 46 49
23 47 49
24 48 59
24 49 30
25 50 45
25 51 43
26 52 70
26 53 34
27 54 59
27 55 60
28 56 86
28 57 91
29 58 20
29 59 84
30 60 11
30 61 16
31 62 75
31 63 82
32 64 35
32 65 60
33 66 51
33 67 4
34 68 85
34 69 50
35 70 73
35 71 16
36 72 28
36 73 94
37 74 49
37 75 89
38 76 8
38 77 87
39 78 16
39 79 100
40 80 92
