# Edges (u,v,w)
1 2 1
1 3 7
2 4 10
2 5 9
3 6 10
3 7 3
4 8 2
4 9 5
5 10 5
5 11 10
6 12 2
6 13 4
7 14 9
7 15 5
8 16 6
8 17 4
9 18 10
9 19 3
10 20 5
10 21 9
11 22 1
11 23 5
12 24 1
12 25 8
13 26 8
13 27 4
14 28 4
14 29 7
15 30 5
15 31 2
16 32 10
16 33 8
17 34 7
17 35 3
18 36 7
18 37 10
19 38 7
19 39 1
20 40 2
20 41 5
21 42 1
21 43 4
22 44 3
22 45 1
23 46 6
23 47 10
24 48 5
24 49 5
25 50 9
25 51 9
26 52 7
26 53 3
27 54 6
27 55 2
28 56 6
28 57 6
29 58 5
29 59 3
30 60 6
30 61 4
31 62 6
31 63 2
32 64 5
32 65 3
33 66 6
33 67 10
34 68 1
34 69 8
35 70 5
35 71 6
36 72 10
36 73 7
37 74 4
37 75 3
38 76 7
38 77 10
39 78 3
39 79 9
40 80 8
40 81 9
41 82 8
41 83 4
42 84 3
42 85 9
43 86 6
43 87 9
44 88 6
44 89 4
45 90 10
45 91 1
46 92 8
46 93 6
47 94 7
47 95 6
48 96 10
48 97 7
49 98 6
49 99 9
50 100 1
50 101 10
51 102 3
51 103 7
52 104 6
52 105 4
53 106 6
53 107 8
54 108 9
54 109 10
55 110 8
55 111 8
56 112 6
56 113 2
57 114 2
57 115 8
58 116 1
58 117 3
59 118 8
59 119 7
60 120 3
60 121 7
61 122 10
61 123 9
62 124 10
62 125 1
63 126 9
63 127 4
64 128 8
64 129 10
65 130 1
65 131 8
66 132 7
66 133 7
67 134 10
67 135 6
68 136 3
68 137 2
69 138 10
69 139 2
70 140 6
70 141 3
71 142 9
71 143 6
72 144 9
72 145 5
73 146 6
73 147 7
74 148 9
74 149 9
75 150 6
75 151 10
76 152 6
76 153 4
77 154 4
77 155 1
78 156 10
78 157 6
79 158 1
79 159 2
80 160 6
80 161 2
81 162 7
81 163 7
82 164 5
82 165 6
83 166 6
83 167 6
84 168 10
84 169 4
85 170 3
85 171 7
86 172 5
86 173 4
87 174 6
87 175 4
88 176 2
88 177 8
89 178 9
89 179 1
90 180 9
90 181 4
91 182 8
91 183 2
92 184 8
92 185 3
93 186 4
93 187 8
94 188 6
94 189 9
95 190 4
95 191 6
96 192 4
96 193 10
97 194 10
97 195 4
98 196 5
98 197 6
99 198 3
99 199 10
100 200 9
