# Edges (u,v,w)
1 2 8
1 3 10
2 4 6
2 5 10
3 6 3
3 7 2
4 8 6
4 9 5
5 10 1
5 11 7
6 12 5
6 13 5
7 14 6
7 15 1
8 16 3
8 17 8
9 18 9
9 19 4
10 20 9
10 21 3
11 22 2
11 23 6
12 24 8
12 25 2
13 26 6
13 27 10
14 28 5
14 29 2
15 30 6
15 31 6
16 32 3
16 33 6
17 34 6
17 35 9
18 36 7
18 37 8
19 38 5
19 39 8
20 40 3
20 41 10
21 42 8
21 43 3
22 44 3
22 45 8
23 46 10
23 47 8
24 48 5
24 49 5
25 50 10
25 51 3
26 52 1
26 53 1
27 54 2
27 55 7
28 56 1
28 57 9
29 58 10
29 59 2
30 60 1
30 61 2
31 62 1
31 63 7
32 64 1
32 65 8
33 66 9
33 67 2
34 68 2
34 69 4
35 70 10
35 71 9
36 72 3
36 73 4
37 74 6
37 75 10
38 76 1
38 77 2
39 78 8
39 79 10
40 80 2
40 81 10
41 82 5
41 83 9
42 84 3
42 85 6
43 86 10
43 87 3
44 88 2
44 89 2
45 90 4
45 91 9
46 92 6
46 93 9
47 94 7
47 95 5
48 96 7
48 97 7
49 98 2
49 99 2
50 100 9
50 101 8
51 102 8
51 103 9
52 104 4
52 105 5
53 106 3
53 107 5
54 108 8
54 109 9
55 110 9
55 111 9
56 112 8
56 113 4
57 114 1
57 115 9
58 116 5
58 117 1
59 118 4
59 119 9
60 120 7
60 121 3
61 122 2
61 123 7
62 124 5
62 125 4
63 126 5
63 127 7
64 128 2
64 129 10
65 130 6
65 131 10
66 132 8
66 133 7
67 134 1
67 135 5
68 136 7
68 137 1
69 138 4
69 139 8
70 140 9
70 141 5
71 142 1
71 143 9
72 144 4
72 145 3
73 146 6
73 147 5
74 148 4
74 149 1
75 150 9
75 151 2
76 152 2
76 153 4
77 154 7
77 155 1
78 156 8
78 157 3
79 158 3
79 159 1
80 160 9
80 161 7
81 162 6
81 163 6
82 164 1
82 165 1
83 166 4
83 167 2
84 168 10
84 169 9
85 170 7
85 171 10
86 172 3
86 173 6
87 174 9
87 175 2
88 176 5
88 177 5
89 178 5
89 179 3
90 180 2
90 181 8
91 182 10
91 183 9
92 184 5
92 185 7
93 186 8
93 187 6
94 188 3
94 189 3
95 190 7
95 191 7
96 192 7
96 193 1
97 194 5
97 195 10
98 196 5
98 197 2
99 198 8
99 199 6
100 200 6
