# Edges (u,v,w)
1 2 5
1 3 6
2 4 7
2 5 10
3 6 7
3 7 2
4 8 4
4 9 6
5 10 3
5 11 2
6 12 4
6 13 8
7 14 9
7 15 1
8 16 8
8 17 3
9 18 7
9 19 1
10 20 2
10 21 10
11 22 2
11 23 5
12 24 4
12 25 9
13 26 6
13 27 5
14 28 5
14 29 10
15 30 4
15 31 10
16 32 5
16 33 8
17 34 3
17 35 7
18 36 3
18 37 8
19 38 3
19 39 5
20 40 2
20 41 1
21 42 5
21 43 2
22 44 5
22 45 2
23 46 1
23 47 9
24 48 1
24 49 6
25 50 6
25 51 9
26 52 1
26 53 3
27 54 5
27 55 7
28 56 9
28 57 3
29 58 9
29 59 4
30 60 4
30 61 7
31 62 10
31 63 10
32 64 8
32 65 6
33 66 6
33 67 1
34 68 9
34 69 2
35 70 1
35 71 2
36 72 5
36 73 5
37 74 10
37 75 7
38 76 1
38 77 9
39 78 8
39 79 3
40 80 8
40 81 6
41 82 7
41 83 1
42 84 6
42 85 4
43 86 10
43 87 1
44 88 3
44 89 5
45 90 10
45 91 3
46 92 2
46 93 2
47 94 9
47 95 3
48 96 9
48 97 8
49 98 1
49 99 8
50 100 6
50 101 6
51 102 7
51 103 2
52 104 8
52 105 5
53 106 6
53 107 1
54 108 6
54 109 1
55 110 10
55 111 4
56 112 3
56 113 2
57 114 2
57 115 4
58 116 5
58 117 6
59 118 8
59 119 9
60 120 2
60 121 6
61 122 7
61 123 3
62 124 8
62 125 4
63 126 7
63 127 1
64 128 2
64 129 3
65 130 1
65 131 8
66 132 1
66 133 1
67 134 3
67 135 4
68 136 5
68 137 3
69 138 10
69 139 7
70 140 10
70 141 6
71 142 2
71 143 7
72 144 9
72 145 10
73 146 9
73 147 9
74 148 4
74 149 4
75 150 10
75 151 4
76 152 2
76 153 2
77 154 5
77 155 6
78 156 2
78 157 2
79 158 10
79 159 5
80 160 8
80 161 5
81 162 4
81 163 6
82 164 9
82 165 2
83 166 4
83 167 1
84 168 6
84 169 6
85 170 2
85 171 1
86 172 2
86 173 3
87 174 9
87 175 6
88 176 7
88 177 10
89 178 10
89 179 2
90 180 7
90 181 3
91 182 10
91 183 5
92 184 2
92 185 8
93 186 2
93 187 5
94 188 2
94 189 9
95 190 7
95 191 6
96 192 9
96 193 3
97 194 4
97 195 10
98 196 9
98 197 1
99 198 8
99 199 5
100 200 2
