# Edges (u,v,w)
1 2 10
1 3 1
2 4 4
2 5 8
3 6 9
3 7 5
4 8 2
4 9 1
5 10 3
5 11 9
6 12 8
6 13 1
7 14 8
7 15 3
8 16 5
8 17 7
9 18 5
9 19 3
10 20 9
10 21 7
11 22 6
11 23 6
12 24 10
12 25 2
13 26 1
13 27 6
14 28 2
14 29 2
15 30 5
15 31 1
16 32 10
16 33 4
17 34 5
17 35 5
18 36 6
18 37 8
19 38 6
19 39 6
20 40 1
20 41 1
21 42 4
21 43 1
22 44 10
22 45 1
23 46 10
23 47 1
24 48 1
24 49 10
25 50 9
25 51 9
26 52 8
26 53 5
27 54 10
27 55 6
28 56 3
28 57 6
29 58 4
29 59 2
30 60 1
30 61 2
31 62 1
31 63 5
32 64 2
32 65 7
33 66 6
33 67 2
34 68 2
34 69 8
35 70 2
35 71 9
36 72 5
36 73 6
37 74 2
37 75 9
38 76 6
38 77 6
39 78 6
39 79 2
40 80 1
40 81 6
41 82 2
41 83 6
42 84 1
42 85 10
43 86 3
43 87 2
44 88 8
44 89 2
45 90 7
45 91 1
46 92 9
46 93 7
47 94 10
47 95 10
48 96 2
48 97 4
49 98 3
49 99 9
50 100 3
50 101 9
51 102 7
51 103 3
52 104 8
52 105 8
53 106 1
53 107 1
54 108 4
54 109 5
55 110 10
55 111 10
56 112 8
56 113 4
57 114 3
57 115 7
58 116 3
58 117 7
59 118 5
59 119 8
60 120 3
60 121 9
61 122 4
61 123 5
62 124 1
62 125 7
63 126 7
63 127 7
64 128 5
64 129 6
65 130 4
65 131 7
66 132 1
66 133 2
67 134 1
67 135 1
68 136 5
68 137 3
69 138 3
69 139 3
70 140 6
70 141 7
71 142 6
71 143 5
72 144 9
72 145 5
73 146 5
73 147 3
74 148 9
74 149 1
75 150 6
75 151 8
76 152 5
76 153 5
77 154 4
77 155 4
78 156 1
78 157 3
79 158 4
79 159 10
80 160 1
80 161 2
81 162 3
81 163 2
82 164 4
82 165 2
83 166 9
83 167 5
84 168 10
84 169 3
85 170 9
85 171 4
86 172 7
86 173 2
87 174 7
87 175 3
88 176 5
88 177 6
89 178 3
89 179 8
90 180 4
90 181 8
91 182 1
91 183 4
92 184 8
92 185 6
93 186 10
93 187 3
94 188 7
94 189 9
95 190 6
95 191 3
96 192 2
96 193 10
97 194 10
97 195 1
98 196 7
98 197 4
99 198 2
99 199 3
100 200 4
