# Edges (u,v,w)
1 2 5
1 3 9
2 4 1
2 5 8
3 6 2
3 7 4
4 8 4
4 9 8
5 10 9
5 11 2
6 12 3
6 13 10
7 14 4
7 15 7
8 16 7
8 17 10
9 18 7
9 19 5
10 20 3
10 21 3
11 22 2
11 23 9
12 24 1
12 25 9
13 26 5
13 27 6
14 28 2
14 29 9
15 30 6
15 31 10
16 32 1
16 33 6
17 34 6
17 35 4
18 36 8
18 37 8
19 38 10
19 39 6
20 40 9
20 41 4
21 42 1
21 43 4
22 44 1
22 45 3
23 46 1
23 47 8
24 48 4
24 49 3
25 50 6
25 51 3
26 52 8
26 53 9
27 54 10
27 55 9
28 56 4
28 57 3
29 58 4
29 59 5
30 60 9
30 61 4
31 62 3
31 63 4
32 64 4
32 65 4
33 66 1
33 67 4
34 68 10
34 69 8
35 70 4
35 71 1
36 72 5
36 73 10
37 74 1
37 75 7
38 76 7
38 77 6
39 78 9
39 79 6
40 80 10
40 81 5
41 82 10
41 83 3
42 84 10
42 85 8
43 86 1
43 87 4
44 88 1
44 89 4
45 90 9
45 91 5
46 92 2
46 93 5
47 94 9
47 95 9
48 96 7
48 97 5
49 98 3
49 99 2
50 100 7
50 101 6
51 102 6
51 103 3
52 104 8
52 105 1
53 106 1
53 107 1
54 108 6
54 109 2
55 110 8
55 111 5
56 112 8
56 113 5
57 114 4
57 115 6
58 116 5
58 117 7
59 118 8
59 119 9
60 120 7
60 121 1
61 122 5
61 123 3
62 124 10
62 125 10
63 126 10
63 127 7
64 128 5
64 129 5
65 130 7
65 131 3
66 132 8
66 133 5
67 134 6
67 135 7
68 136 5
68 137 10
69 138 10
69 139 3
70 140 8
70 141 8
71 142 5
71 143 6
72 144 3
72 145 7
73 146 5
73 147 9
74 148 8
74 149 2
75 150 8
75 151 10
76 152 1
76 153 8
77 154 1
77 155 10
78 156 4
78 157 1
79 158 1
79 159 3
80 160 3
80 161 5
81 162 3
81 163 4
82 164 4
82 165 4
83 166 8
83 167 6
84 168 5
84 169 9
85 170 3
85 171 1
86 172 5
86 173 7
87 174 8
87 175 6
88 176 2
88 177 8
89 178 9
89 179 2
90 180 4
90 181 1
91 182 4
91 183 5
92 184 9
92 185 4
93 186 3
93 187 5
94 188 5
94 189 8
95 190 9
95 191 6
96 192 6
96 193 5
97 194 6
97 195 2
98 196 7
98 197 10
99 198 8
99 199 9
100 200 8
