# Edges (u,v,w)
1 2 6
1 3 8
2 4 4
2 5 4
3 6 1
3 7 1
4 8 10
4 9 2
5 10 5
5 11 2
6 12 6
6 13 9
7 14 5
7 15 5
8 16 6
8 17 8
9 18 1
9 19 8
10 20 10
10 21 4
11 22 2
11 23 6
12 24 9
12 25 3
13 26 4
13 27 4
14 28 3
14 29 6
15 30 5
15 31 5
16 32 3
16 33 6
17 34 9
17 35 7
18 36 2
18 37 7
19 38 8
19 39 4
20 40 5
20 41 5
21 42 7
21 43 3
22 44 7
22 45 2
23 46 9
23 47 1
24 48 9
24 49 4
25 50 6
25 51 10
26 52 2
26 53 5
27 54 8
27 55 8
28 56 6
28 57 1
29 58 2
29 59 2
30 60 8
30 61 2
31 62 10
31 63 2
32 64 4
32 65 4
33 66 10
33 67 8
34 68 7
34 69 5
35 70 7
35 71 7
36 72 5
36 73 7
37 74 10
37 75 4
38 76 5
38 77 5
39 78 8
39 79 5
40 80 6
40 81 4
41 82 1
41 83 5
42 84 9
42 85 1
43 86 4
43 87 1
44 88 4
44 89 6
45 90 9
45 91 9
46 92 9
46 93 6
47 94 3
47 95 2
48 96 9
48 97 7
49 98 5
49 99 3
50 100 7
50 101 1
51 102 2
51 103 1
52 104 9
52 105 7
53 106 2
53 107 6
54 108 3
54 109 3
55 110 3
55 111 1
56 112 3
56 113 2
57 114 3
57 115 9
58 116 7
58 117 7
59 118 1
59 119 9
60 120 3
60 121 8
61 122 5
61 123 4
62 124 3
62 125 4
63 126 10
63 127 9
64 128 3
64 129 3
65 130 3
65 131 10
66 132 2
66 133 2
67 134 7
67 135 4
68 136 9
68 137 3
69 138 3
69 139 9
70 140 2
70 141 10
71 142 3
71 143 3
72 144 2
72 145 1
73 146 10
73 147 4
74 148 4
74 149 2
75 150 5
75 151 8
76 152 10
76 153 3
77 154 5
77 155 2
78 156 7
78 157 4
79 158 3
79 159 1
80 160 8
80 161 9
81 162 3
81 163 6
82 164 3
82 165 7
83 166 3
83 167 7
84 168 9
84 169 4
85 170 4
85 171 4
86 172 10
86 173 7
87 174 1
87 175 6
88 176 4
88 177 5
89 178 8
89 179 4
90 180 4
90 181 4
91 182 9
91 183 7
92 184 7
92 185 4
93 186 7
93 187 10
94 188 2
94 189 1
95 190 3
95 191 3
96 192 5
96 193 8
97 194 8
97 195 7
98 196 6
98 197 2
99 198 10
99 199 3
100 200 8
