# Edges (u,v,w)
1 2 10
1 3 4
2 4 9
2 5 4
3 6 1
3 7 9
4 8 5
4 9 6
5 10 5
5 11 1
6 12 6
6 13 7
7 14 7
7 15 6
8 16 10
8 17 1
9 18 7
9 19 7
10 20 5
10 21 9
11 22 4
11 23 9
12 24 3
12 25 8
13 26 5
13 27 10
14 28 5
14 29 4
15 30 4
15 31 3
16 32 5
16 33 1
17 34 4
17 35 7
18 36 10
18 37 5
19 38 1
19 39 1
20 40 9
20 41 1
21 42 9
21 43 4
22 44 7
22 45 5
23 46 8
23 47 6
24 48 3
24 49 9
25 50 10
25 51 7
26 52 10
26 53 1
27 54 10
27 55 2
28 56 9
28 57 1
29 58 3
29 59 8
30 60 3
30 61 1
31 62 8
31 63 3
32 64 2
32 65 6
33 66 4
33 67 6
34 68 5
34 69 5
35 70 9
35 71 4
36 72 1
36 73 6
37 74 5
37 75 7
38 76 10
38 77 7
39 78 10
39 79 6
40 80 4
40 81 10
41 82 1
41 83 5
42 84 5
42 85 1
43 86 8
43 87 7
44 88 1
44 89 10
45 90 9
45 91 4
46 92 7
46 93 10
47 94 2
47 95 3
48 96 8
48 97 2
49 98 2
49 99 4
50 100 9
50 101 9
51 102 10
51 103 3
52 104 3
52 105 7
53 106 6
53 107 2
54 108 5
54 109 3
55 110 9
55 111 9
56 112 9
56 113 10
57 114 10
57 115 2
58 116 8
58 117 3
59 118 2
59 119 8
60 120 1
60 121 6
61 122 3
61 123 7
62 124 5
62 125 2
63 126 6
63 127 6
64 128 3
64 129 8
65 130 9
65 131 4
66 132 3
66 133 7
67 134 5
67 135 9
68 136 10
68 137 9
69 138 2
69 139 7
70 140 8
70 141 3
71 142 2
71 143 2
72 144 9
72 145 6
73 146 1
73 147 10
74 148 2
74 149 7
75 150 3
75 151 7
76 152 8
76 153 6
77 154 9
77 155 6
78 156 1
78 157 4
79 158 8
79 159 3
80 160 7
80 161 2
81 162 7
81 163 2
82 164 9
82 165 3
83 166 8
83 167 6
84 168 5
84 169 6
85 170 3
85 171 6
86 172 4
86 173 9
87 174 8
87 175 6
88 176 4
88 177 6
89 178 6
89 179 2
90 180 5
90 181 10
91 182 7
91 183 4
92 184 10
92 185 6
93 186 1
93 187 1
94 188 6
94 189 2
95 190 7
95 191 9
96 192 7
96 193 1
97 194 8
97 195 1
98 196 9
98 197 9
99 198 7
99 199 10
100 200 9
