# Edges (u,v,w)
1 2 1
1 3 6
2 4 9
2 5 7
3 6 2
3 7 7
4 8 8
4 9 8
5 10 4
5 11 6
6 12 2
6 13 9
7 14 8
7 15 3
8 16 3
8 17 3
9 18 9
9 19 7
10 20 7
10 21 10
11 22 3
11 23 4
12 24 10
12 25 2
13 26 5
13 27 6
14 28 3
14 29 9
15 30 2
15 31 3
16 32 3
16 33 4
17 34 2
17 35 6
18 36 2
18 37 1
19 38 9
19 39 9
20 40 8
20 41 6
21 42 2
21 43 6
22 44 1
22 45 3
23 46 8
23 47 6
24 48 8
24 49 2
25 50 10
25 51 7
26 52 6
26 53 3
27 54 10
27 55 9
28 56 3
28 57 3
29 58 8
29 59 3
30 60 7
30 61 6
31 62 3
31 63 2
32 64 2
32 65 6
33 66 8
33 67 8
34 68 7
34 69 9
35 70 6
35 71 7
36 72 2
36 73 2
37 74 2
37 75 5
38 76 9
38 77 7
39 78 3
39 79 10
40 80 8
40 81 10
41 82 8
41 83 2
42 84 1
42 85 1
43 86 7
43 87 4
44 88 3
44 89 4
45 90 7
45 91 7
46 92 8
46 93 7
47 94 4
47 95 2
48 96 2
48 97 8
49 98 6
49 99 7
50 100 4
50 101 8
51 102 9
51 103 1
52 104 7
52 105 8
53 106 9
53 107 10
54 108 8
54 109 4
55 110 1
55 111 5
56 112 7
56 113 2
57 114 9
57 115 5
58 116 5
58 117 9
59 118 3
59 119 4
60 120 8
60 121 4
61 122 6
61 123 4
62 124 10
62 125 2
63 126 8
63 127 7
64 128 7
64 129 10
65 130 7
65 131 2
66 132 2
66 133 4
67 134 1
67 135 3
68 136 5
68 137 2
69 138 9
69 139 4
70 140 8
70 141 8
71 142 7
71 143 2
72 144 6
72 145 1
73 146 7
73 147 2
74 148 8
74 149 1
75 150 10
75 151 2
76 152 8
76 153 10
77 154 9
77 155 8
78 156 7
78 157 5
79 158 1
79 159 5
80 160 5
80 161 4
81 162 9
81 163 5
82 164 4
82 165 2
83 166 1
83 167 8
84 168 7
84 169 9
85 170 5
85 171 8
86 172 8
86 173 5
87 174 5
87 175 4
88 176 6
88 177 9
89 178 7
89 179 7
90 180 4
90 181 5
91 182 6
91 183 5
92 184 10
92 185 3
93 186 5
93 187 1
94 188 2
94 189 1
95 190 9
95 191 3
96 192 8
96 193 2
97 194 6
97 195 1
98 196 1
98 197 4
99 198 6
99 199 1
100 200 8
