# Edges (u,v,w)
1 2 7
1 3 10
2 4 10
2 5 6
3 6 3
3 7 2
4 8 7
4 9 9
5 10 10
5 11 3
6 12 4
6 13 10
7 14 8
7 15 10
8 16 7
8 17 1
9 18 10
9 19 1
10 20 3
10 21 1
11 22 3
11 23 1
12 24 5
12 25 2
13 26 1
13 27 4
14 28 10
14 29 1
15 30 9
15 31 10
16 32 3
16 33 9
17 34 8
17 35 1
18 36 7
18 37 1
19 38 3
19 39 5
20 40 4
20 41 5
21 42 8
21 43 2
22 44 2
22 45 6
23 46 2
23 47 1
24 48 10
24 49 9
25 50 8
25 51 5
26 52 8
26 53 3
27 54 4
27 55 8
28 56 7
28 57 2
29 58 8
29 59 2
30 60 10
30 61 3
31 62 7
31 63 1
32 64 7
32 65 3
33 66 6
33 67 10
34 68 8
34 69 2
35 70 9
35 71 9
36 72 10
36 73 6
37 74 6
37 75 9
38 76 4
38 77 3
39 78 4
39 79 1
40 80 9
40 81 3
41 82 3
41 83 3
42 84 7
42 85 2
43 86 4
43 87 1
44 88 4
44 89 6
45 90 3
45 91 9
46 92 6
46 93 8
47 94 7
47 95 6
48 96 9
48 97 6
49 98 9
49 99 5
50 100 1
50 101 6
51 102 10
51 103 3
52 104 7
52 105 4
53 106 1
53 107 7
54 108 4
54 109 5
55 110 5
55 111 9
56 112 6
56 113 4
57 114 4
57 115 9
58 116 3
58 117 8
59 118 1
59 119 1
60 120 9
60 121 7
61 122 10
61 123 7
62 124 6
62 125 3
63 126 4
63 127 9
64 128 5
64 129 9
65 130 1
65 131 2
66 132 8
66 133 1
67 134 7
67 135 2
68 136 3
68 137 1
69 138 10
69 139 10
70 140 7
70 141 1
71 142 7
71 143 1
72 144 5
72 145 1
73 146 4
73 147 9
74 148 4
74 149 5
75 150 10
75 151 9
76 152 3
76 153 7
77 154 9
77 155 3
78 156 8
78 157 1
79 158 7
79 159 8
80 160 1
80 161 1
81 162 7
81 163 1
82 164 2
82 165 1
83 166 10
83 167 8
84 168 1
84 169 4
85 170 5
85 171 10
86 172 6
86 173 9
87 174 5
87 175 5
88 176 5
88 177 5
89 178 10
89 179 1
90 180 8
90 181 3
91 182 4
91 183 4
92 184 6
92 185 8
93 186 5
93 187 7
94 188 10
94 189 5
95 190 5
95 191 2
96 192 9
96 193 6
97 194 6
97 195 8
98 196 5
98 197 7
99 198 6
99 199 8
100 200 5
