# Edges (u,v,w)
1 2 4
1 3 4
2 4 1
2 5 6
3 6 5
3 7 10
4 8 10
4 9 3
5 10 9
5 11 9
6 12 8
6 13 6
7 14 8
7 15 9
8 16 7
8 17 1
9 18 9
9 19 4
10 20 10
10 21 9
11 22 6
11 23 9
12 24 7
12 25 7
13 26 5
13 27 8
14 28 2
14 29 6
15 30 5
15 31 7
16 32 8
16 33 10
17 34 3
17 35 1
18 36 3
18 37 3
19 38 7
19 39 9
20 40 5
20 41 1
21 42 4
21 43 7
22 44 3
22 45 3
23 46 2
23 47 10
24 48 5
24 49 1
25 50 6
25 51 3
26 52 8
26 53 2
27 54 6
27 55 9
28 56 1
28 57 4
29 58 7
29 59 10
30 60 6
30 61 7
31 62 4
31 63 6
32 64 9
32 65 7
33 66 5
33 67 9
34 68 9
34 69 7
35 70 5
35 71 8
36 72 10
36 73 1
37 74 2
37 75 3
38 76 6
38 77 2
39 78 10
39 79 3
40 80 5
40 81 3
41 82 1
41 83 2
42 84 5
42 85 4
43 86 1
43 87 5
44 88 9
44 89 1
45 90 1
45 91 3
46 92 7
46 93 7
47 94 2
47 95 10
48 96 6
48 97 1
49 98 9
49 99 9
50 100 8
50 101 7
51 102 5
51 103 4
52 104 5
52 105 10
53 106 6
53 107 3
54 108 3
54 109 7
55 110 1
55 111 7
56 112 5
56 113 8
57 114 3
57 115 4
58 116 3
58 117 2
59 118 6
59 119 6
60 120 8
60 121 10
61 122 8
61 123 2
62 124 1
62 125 10
63 126 6
63 127 5
64 128 10
64 129 6
65 130 5
65 131 4
66 132 8
66 133 10
67 134 6
67 135 4
68 136 3
68 137 6
69 138 7
69 139 10
70 140 4
70 141 4
71 142 3
71 143 9
72 144 9
72 145 6
73 146 2
73 147 10
74 148 10
74 149 8
75 150 8
75 151 5
76 152 8
76 153 2
77 154 1
77 155 2
78 156 1
78 157 9
79 158 4
79 159 7
80 160 1
80 161 9
81 162 6
81 163 4
82 164 3
82 165 6
83 166 9
83 167 5
84 168 8
84 169 8
85 170 7
85 171 1
86 172 1
86 173 3
87 174 2
87 175 8
88 176 3
88 177 8
89 178 10
89 179 1
90 180 5
90 181 8
91 182 1
91 183 10
92 184 10
92 185 2
93 186 3
93 187 3
94 188 7
94 189 4
95 190 7
95 191 3
96 192 6
96 193 8
97 194 1
97 195 4
98 196 10
98 197 10
99 198 3
99 199 4
100 200 8
