# Edges (u,v,w)
1 2 7
1 3 3
2 4 1
2 5 4
3 6 9
3 7 7
4 8 10
4 9 8
5 10 10
5 11 7
6 12 7
6 13 9
7 14 3
7 15 7
8 16 9
8 17 4
9 18 9
9 19 1
10 20 7
10 21 10
11 22 10
11 23 7
12 24 10
12 25 6
13 26 3
13 27 5
14 28 10
14 29 5
15 30 1
15 31 7
16 32 4
16 33 6
17 34 4
17 35 5
18 36 4
18 37 10
19 38 10
19 39 10
20 40 4
20 41 9
21 42 6
21 43 7
22 44 10
22 45 7
23 46 10
23 47 1
24 48 5
24 49 4
25 50 4
25 51 7
26 52 8
26 53 8
27 54 2
27 55 6
28 56 9
28 57 3
29 58 9
29 59 1
30 60 4
30 61 5
31 62 9
31 63 2
32 64 3
32 65 1
33 66 1
33 67 2
34 68 2
34 69 2
35 70 10
35 71 4
36 72 9
36 73 5
37 74 10
37 75 1
38 76 5
38 77 10
39 78 5
39 79 4
40 80 9
40 81 6
41 82 8
41 83 5
42 84 4
42 85 1
43 86 7
43 87 4
44 88 4
44 89 5
45 90 3
45 91 9
46 92 5
46 93 8
47 94 9
47 95 8
48 96 7
48 97 6
49 98 6
49 99 2
50 100 9
50 101 5
51 102 5
51 103 4
52 104 5
52 105 6
53 106 8
53 107 8
54 108 8
54 109 9
55 110 2
55 111 3
56 112 6
56 113 10
57 114 8
57 115 5
58 116 7
58 117 2
59 118 10
59 119 4
60 120 10
60 121 10
61 122 3
61 123 10
62 124 1
62 125 6
63 126 4
63 127 3
64 128 2
64 129 1
65 130 1
65 131 7
66 132 5
66 133 9
67 134 5
67 135 4
68 136 2
68 137 6
69 138 7
69 139 8
70 140 9
70 141 3
71 142 4
71 143 10
72 144 3
72 145 2
73 146 8
73 147 7
74 148 5
74 149 9
75 150 9
75 151 10
76 152 7
76 153 8
77 154 1
77 155 2
78 156 5
78 157 2
79 158 2
79 159 1
80 160 4
80 161 9
81 162 4
81 163 1
82 164 6
82 165 4
83 166 10
83 167 7
84 168 3
84 169 1
85 170 3
85 171 3
86 172 2
86 173 5
87 174 1
87 175 9
88 176 8
88 177 10
89 178 8
89 179 1
90 180 6
90 181 6
91 182 5
91 183 1
92 184 2
92 185 2
93 186 2
93 187 2
94 188 3
94 189 5
95 190 7
95 191 3
96 192 9
96 193 7
97 194 9
97 195 10
98 196 3
98 197 8
99 198 2
99 199 1
100 200 5
