# Edges (u,v,w)
1 2 1
1 3 5
2 4 6
2 5 9
3 6 10
3 7 5
4 8 6
4 9 10
5 10 8
5 11 5
6 12 9
6 13 8
7 14 4
7 15 10
8 16 5
8 17 2
9 18 2
9 19 7
10 20 9
10 21 2
11 22 10
11 23 2
12 24 3
12 25 5
13 26 10
13 27 8
14 28 3
14 29 10
15 30 4
15 31 6
16 32 2
16 33 3
17 34 5
17 35 4
18 36 6
18 37 4
19 38 7
19 39 8
20 40 7
20 41 9
21 42 5
21 43 7
22 44 10
22 45 7
23 46 3
23 47 9
24 48 3
24 49 3
25 50 8
25 51 2
26 52 3
26 53 6
27 54 2
27 55 2
28 56 3
28 57 4
29 58 6
29 59 1
30 60 9
30 61 8
31 62 2
31 63 5
32 64 7
32 65 5
33 66 6
33 67 6
34 68 3
34 69 8
35 70 3
35 71 7
36 72 9
36 73 3
37 74 2
37 75 7
38 76 7
38 77 7
39 78 5
39 79 4
40 80 6
40 81 5
41 82 9
41 83 3
42 84 10
42 85 9
43 86 5
43 87 10
44 88 1
44 89 5
45 90 9
45 91 4
46 92 9
46 93 5
47 94 10
47 95 9
48 96 9
48 97 7
49 98 8
49 99 10
50 100 7
50 101 4
51 102 4
51 103 4
52 104 3
52 105 8
53 106 9
53 107 2
54 108 4
54 109 2
55 110 4
55 111 10
56 112 2
56 113 9
57 114 2
57 115 2
58 116 7
58 117 2
59 118 3
59 119 5
60 120 6
60 121 7
61 122 9
61 123 10
62 124 6
62 125 4
63 126 8
63 127 4
64 128 8
64 129 4
65 130 10
65 131 2
66 132 2
66 133 2
67 134 2
67 135 1
68 136 9
68 137 5
69 138 3
69 139 7
70 140 9
70 141 5
71 142 4
71 143 9
72 144 5
72 145 6
73 146 3
73 147 7
74 148 10
74 149 7
75 150 2
75 151 9
76 152 7
76 153 1
77 154 8
77 155 8
78 156 8
78 157 6
79 158 2
79 159 4
80 160 3
80 161 5
81 162 5
81 163 4
82 164 1
82 165 5
83 166 5
83 167 6
84 168 2
84 169 3
85 170 8
85 171 4
86 172 4
86 173 8
87 174 4
87 175 2
88 176 6
88 177 5
89 178 3
89 179 2
90 180 9
90 181 3
91 182 2
91 183 8
92 184 2
92 185 1
93 186 10
93 187 3
94 188 10
94 189 10
95 190 7
95 191 7
96 192 8
96 193 6
97 194 5
97 195 4
98 196 9
98 197 6
99 198 5
99 199 5
100 200 3
