# Edges (u,v,w)
1 2 9
1 3 2
2 4 4
2 5 9
3 6 6
3 7 3
4 8 9
4 9 9
5 10 8
5 11 2
6 12 8
6 13 4
7 14 4
7 15 9
8 16 10
8 17 3
9 18 1
9 19 1
10 20 1
10 21 5
11 22 9
11 23 1
12 24 1
12 25 4
13 26 2
13 27 5
14 28 7
14 29 8
15 30 2
15 31 7
16 32 5
16 33 4
17 34 6
17 35 2
18 36 1
18 37 10
19 38 8
19 39 6
20 40 10
20 41 10
21 42 10
21 43 4
22 44 10
22 45 3
23 46 1
23 47 5
24 48 7
24 49 1
25 50 5
25 51 2
26 52 7
26 53 7
27 54 2
27 55 10
28 56 10
28 57 2
29 58 8
29 59 4
30 60 7
30 61 8
31 62 2
31 63 9
32 64 9
32 65 2
33 66 4
33 67 8
34 68 5
34 69 7
35 70 7
35 71 10
36 72 1
36 73 1
37 74 6
37 75 9
38 76 3
38 77 5
39 78 1
39 79 9
40 80 1
40 81 5
41 82 1
41 83 7
42 84 3
42 85 7
43 86 5
43 87 4
44 88 2
44 89 9
45 90 9
45 91 1
46 92 10
46 93 10
47 94 5
47 95 2
48 96 5
48 97 10
49 98 7
49 99 10
50 100 9
50 101 5
51 102 3
51 103 3
52 104 4
52 105 4
53 106 8
53 107 3
54 108 1
54 109 1
55 110 2
55 111 5
56 112 7
56 113 3
57 114 3
57 115 4
58 116 10
58 117 7
59 118 9
59 119 7
60 120 6
60 121 9
61 122 6
61 123 4
62 124 3
62 125 9
63 126 4
63 127 6
64 128 9
64 129 3
65 130 10
65 131 2
66 132 6
66 133 9
67 134 2
67 135 2
68 136 9
68 137 4
69 138 9
69 139 2
70 140 2
70 141 10
71 142 4
71 143 9
72 144 7
72 145 7
73 146 3
73 147 9
74 148 4
74 149 3
75 150 8
75 151 2
76 152 3
76 153 3
77 154 5
77 155 9
78 156 1
78 157 2
79 158 6
79 159 5
80 160 1
80 161 1
81 162 1
81 163 10
82 164 4
82 165 10
83 166 9
83 167 8
84 168 2
84 169 7
85 170 2
85 171 8
86 172 9
86 173 7
87 174 6
87 175 6
88 176 3
88 177 3
89 178 8
89 179 5
90 180 8
90 181 8
91 182 10
91 183 8
92 184 5
92 185 4
93 186 9
93 187 10
94 188 1
94 189 3
95 190 7
95 191 7
96 192 4
96 193 3
97 194 9
97 195 7
98 196 9
98 197 4
99 198 5
99 199 5
100 200 8
