# Edges (u,v,w)
1 2 1
1 3 6
2 4 7
2 5 10
3 6 1
3 7 8
4 8 10
4 9 3
5 10 8
5 11 8
6 12 6
6 13 5
7 14 3
7 15 10
8 16 8
8 17 3
9 18 9
9 19 5
10 20 10
10 21 6
11 22 5
11 23 1
12 24 8
12 25 7
13 26 4
13 27 3
14 28 3
14 29 1
15 30 8
15 31 9
16 32 7
16 33 3
17 34 6
17 35 7
18 36 2
18 37 5
19 38 5
19 39 1
20 40 9
20 41 8
21 42 3
21 43 2
22 44 10
22 45 1
23 46 7
23 47 4
24 48 6
24 49 10
25 50 4
25 51 2
26 52 1
26 53 7
27 54 8
27 55 2
28 56 5
28 57 5
29 58 2
29 59 8
30 60 10
30 61 2
31 62 4
31 63 4
32 64 8
32 65 2
33 66 8
33 67 4
34 68 8
34 69 7
35 70 10
35 71 9
36 72 3
36 73 6
37 74 7
37 75 6
38 76 5
38 77 4
39 78 7
39 79 1
40 80 5
40 81 9
41 82 8
41 83 10
42 84 4
42 85 9
43 86 2
43 87 2
44 88 9
44 89 7
45 90 5
45 91 1
46 92 6
46 93 6
47 94 7
47 95 3
48 96 8
48 97 7
49 98 7
49 99 5
50 100 7
50 101 6
51 102 6
51 103 9
52 104 8
52 105 5
53 106 1
53 107 3
54 108 3
54 109 8
55 110 10
55 111 1
56 112 4
56 113 7
57 114 3
57 115 5
58 116 4
58 117 10
59 118 10
59 119 4
60 120 5
60 121 4
61 122 7
61 123 1
62 124 2
62 125 4
63 126 2
63 127 1
64 128 4
64 129 3
65 130 8
65 131 4
66 132 3
66 133 8
67 134 9
67 135 6
68 136 3
68 137 5
69 138 1
69 139 4
70 140 2
70 141 7
71 142 8
71 143 7
72 144 10
72 145 5
73 146 9
73 147 10
74 148 1
74 149 5
75 150 6
75 151 6
76 152 1
76 153 3
77 154 7
77 155 5
78 156 9
78 157 2
79 158 10
79 159 10
80 160 3
80 161 2
81 162 7
81 163 6
82 164 6
82 165 5
83 166 6
83 167 4
84 168 8
84 169 8
85 170 5
85 171 9
86 172 10
86 173 7
87 174 4
87 175 8
88 176 8
88 177 6
89 178 1
89 179 2
90 180 8
90 181 10
91 182 10
91 183 9
92 184 1
92 185 5
93 186 6
93 187 1
94 188 8
94 189 10
95 190 1
95 191 8
96 192 9
96 193 9
97 194 7
97 195 4
98 196 4
98 197 10
99 198 8
99 199 8
100 200 3
