# Edges (u,v,w)
1 2 10
1 3 8
2 4 7
2 5 4
3 6 5
3 7 7
4 8 9
4 9 8
5 10 6
5 11 8
6 12 6
6 13 5
7 14 8
7 15 8
8 16 9
8 17 10
9 18 9
9 19 4
10 20 6
10 21 2
11 22 8
11 23 8
12 24 7
12 25 5
13 26 2
13 27 2
14 28 10
14 29 10
15 30 2
15 31 10
16 32 1
16 33 7
17 34 8
17 35 2
18 36 10
18 37 6
19 38 2
19 39 4
20 40 2
20 41 5
21 42 3
21 43 5
22 44 7
22 45 6
23 46 10
23 47 5
24 48 4
24 49 6
25 50 10
25 51 3
26 52 5
26 53 9
27 54 9
27 55 4
28 56 9
28 57 9
29 58 10
29 59 7
30 60 8
30 61 2
31 62 6
31 63 6
32 64 4
32 65 10
33 66 4
33 67 6
34 68 6
34 69 6
35 70 8
35 71 3
36 72 10
36 73 10
37 74 3
37 75 4
38 76 2
38 77 2
39 78 2
39 79 9
40 80 10
40 81 9
41 82 8
41 83 4
42 84 5
42 85 7
43 86 7
43 87 6
44 88 6
44 89 7
45 90 6
45 91 9
46 92 8
46 93 7
47 94 7
47 95 4
48 96 4
48 97 2
49 98 1
49 99 6
50 100 6
50 101 10
51 102 3
51 103 5
52 104 1
52 105 1
53 106 6
53 107 2
54 108 5
54 109 9
55 110 7
55 111 7
56 112 3
56 113 5
57 114 6
57 115 10
58 116 3
58 117 1
59 118 4
59 119 8
60 120 2
60 121 3
61 122 4
61 123 5
62 124 8
62 125 10
63 126 6
63 127 6
64 128 8
64 129 6
65 130 2
65 131 7
66 132 2
66 133 2
67 134 1
67 135 2
68 136 2
68 137 5
69 138 8
69 139 6
70 140 7
70 141 1
71 142 6
71 143 1
72 144 4
72 145 3
73 146 10
73 147 7
74 148 1
74 149 6
75 150 5
75 151 1
76 152 9
76 153 1
77 154 4
77 155 8
78 156 2
78 157 6
79 158 2
79 159 8
80 160 8
80 161 4
81 162 7
81 163 8
82 164 5
82 165 1
83 166 4
83 167 7
84 168 8
84 169 6
85 170 9
85 171 3
86 172 6
86 173 10
87 174 4
87 175 4
88 176 8
88 177 3
89 178 10
89 179 6
90 180 7
90 181 9
91 182 5
91 183 7
92 184 8
92 185 6
93 186 2
93 187 4
94 188 9
94 189 2
95 190 6
95 191 9
96 192 3
96 193 3
97 194 1
97 195 4
98 196 1
98 197 5
99 198 5
99 199 3
100 200 9
