# Edges (u,v,w)
1 2 7
1 3 5
2 4 1
2 5 9
3 6 3
3 7 8
4 8 9
4 9 6
5 10 3
5 11 3
6 12 9
6 13 5
7 14 1
7 15 9
8 16 2
8 17 3
9 18 9
9 19 10
10 20 7
10 21 9
11 22 6
11 23 2
12 24 6
12 25 9
13 26 8
13 27 1
14 28 1
14 29 5
15 30 5
15 31 1
16 32 8
16 33 2
17 34 2
17 35 2
18 36 3
18 37 9
19 38 3
19 39 10
20 40 7
20 41 1
21 42 7
21 43 9
22 44 8
22 45 10
23 46 9
23 47 4
24 48 5
24 49 4
25 50 4
25 51 8
26 52 3
26 53 8
27 54 5
27 55 2
28 56 10
28 57 6
29 58 10
29 59 9
30 60 2
30 61 6
31 62 7
31 63 5
32 64 6
32 65 7
33 66 9
33 67 10
34 68 10
34 69 1
35 70 5
35 71 1
36 72 9
36 73 2
37 74 4
37 75 9
38 76 7
38 77 4
39 78 2
39 79 4
40 80 8
40 81 3
41 82 4
41 83 2
42 84 2
42 85 3
43 86 2
43 87 6
44 88 5
44 89 9
45 90 4
45 91 1
46 92 8
46 93 9
47 94 7
47 95 1
48 96 10
48 97 9
49 98 4
49 99 7
50 100 9
50 101 8
51 102 10
51 103 4
52 104 1
52 105 1
53 106 4
53 107 8
54 108 5
54 109 4
55 110 8
55 111 3
56 112 7
56 113 8
57 114 2
57 115 10
58 116 6
58 117 6
59 118 10
59 119 7
60 120 2
60 121 6
61 122 5
61 123 1
62 124 7
62 125 2
63 126 8
63 127 1
64 128 2
64 129 2
65 130 7
65 131 9
66 132 8
66 133 3
67 134 1
67 135 1
68 136 7
68 137 10
69 138 8
69 139 10
70 140 10
70 141 9
71 142 6
71 143 8
72 144 3
72 145 4
73 146 9
73 147 8
74 148 9
74 149 9
75 150 3
75 151 8
76 152 7
76 153 5
77 154 4
77 155 4
78 156 8
78 157 3
79 158 2
79 159 4
80 160 8
80 161 6
81 162 9
81 163 7
82 164 8
82 165 3
83 166 5
83 167 6
84 168 9
84 169 8
85 170 7
85 171 10
86 172 4
86 173 7
87 174 5
87 175 4
88 176 8
88 177 2
89 178 7
89 179 7
90 180 9
90 181 1
91 182 9
91 183 4
92 184 1
92 185 2
93 186 2
93 187 1
94 188 8
94 189 3
95 190 8
95 191 4
96 192 3
96 193 5
97 194 10
97 195 10
98 196 9
98 197 8
99 198 6
99 199 8
100 200 8
