# Edges (u,v,w)
1 2 8
1 3 9
2 4 1
2 5 9
3 6 9
3 7 9
4 8 2
4 9 6
5 10 4
5 11 3
6 12 2
6 13 6
7 14 1
7 15 2
8 16 9
8 17 6
9 18 7
9 19 2
10 20 5
10 21 4
11 22 3
11 23 7
12 24 1
12 25 2
13 26 3
13 27 2
14 28 5
14 29 8
15 30 1
15 31 6
16 32 7
16 33 8
17 34 1
17 35 6
18 36 4
18 37 9
19 38 7
19 39 6
20 40 6
20 41 7
21 42 8
21 43 2
22 44 3
22 45 3
23 46 4
23 47 8
24 48 9
24 49 7
25 50 9
25 51 2
26 52 7
26 53 9
27 54 2
27 55 1
28 56 4
28 57 8
29 58 1
29 59 2
30 60 4
30 61 6
31 62 2
31 63 1
32 64 8
32 65 1
33 66 8
33 67 6
34 68 6
34 69 2
35 70 10
35 71 6
36 72 4
36 73 4
37 74 7
37 75 5
38 76 9
38 77 4
39 78 8
39 79 6
40 80 7
40 81 5
41 82 8
41 83 3
42 84 3
42 85 3
43 86 8
43 87 6
44 88 1
44 89 1
45 90 3
45 91 6
46 92 1
46 93 5
47 94 9
47 95 3
48 96 3
48 97 1
49 98 10
49 99 9
50 100 9
50 101 9
51 102 4
51 103 4
52 104 6
52 105 8
53 106 1
53 107 10
54 108 5
54 109 7
55 110 7
55 111 8
56 112 10
56 113 7
57 114 2
57 115 6
58 116 1
58 117 2
59 118 1
59 119 3
60 120 10
60 121 7
61 122 2
61 123 9
62 124 3
62 125 2
63 126 9
63 127 4
64 128 5
64 129 4
65 130 3
65 131 9
66 132 4
66 133 2
67 134 7
67 135 6
68 136 9
68 137 5
69 138 6
69 139 3
70 140 6
70 141 3
71 142 5
71 143 10
72 144 10
72 145 4
73 146 6
73 147 10
74 148 9
74 149 5
75 150 4
75 151 6
76 152 5
76 153 5
77 154 5
77 155 3
78 156 3
78 157 9
79 158 7
79 159 8
80 160 8
80 161 9
81 162 7
81 163 1
82 164 7
82 165 10
83 166 5
83 167 10
84 168 9
84 169 6
85 170 9
85 171 5
86 172 1
86 173 9
87 174 10
87 175 2
88 176 9
88 177 1
89 178 3
89 179 10
90 180 6
90 181 7
91 182 10
91 183 3
92 184 3
92 185 4
93 186 2
93 187 6
94 188 7
94 189 4
95 190 1
95 191 3
96 192 4
96 193 2
97 194 2
97 195 1
98 196 2
98 197 10
99 198 6
99 199 7
100 200 8
