# Edges (u,v,w)
1 2 8
1 3 6
2 4 10
2 5 3
3 6 5
3 7 5
4 8 4
4 9 8
5 10 1
5 11 7
6 12 5
6 13 10
7 14 2
7 15 10
8 16 4
8 17 9
9 18 2
9 19 2
10 20 8
10 21 3
11 22 1
11 23 8
12 24 7
12 25 2
13 26 2
13 27 9
14 28 1
14 29 4
15 30 7
15 31 7
16 32 3
16 33 4
17 34 10
17 35 10
18 36 10
18 37 1
19 38 9
19 39 9
20 40 1
20 41 5
21 42 1
21 43 2
22 44 8
22 45 10
23 46 2
23 47 2
24 48 2
24 49 9
25 50 2
25 51 7
26 52 3
26 53 3
27 54 9
27 55 10
28 56 2
28 57 1
29 58 5
29 59 8
30 60 5
30 61 2
31 62 9
31 63 3
32 64 5
32 65 5
33 66 8
33 67 9
34 68 1
34 69 7
35 70 4
35 71 1
36 72 8
36 73 1
37 74 2
37 75 2
38 76 5
38 77 4
39 78 5
39 79 9
40 80 2
40 81 5
41 82 6
41 83 8
42 84 7
42 85 5
43 86 9
43 87 10
44 88 7
44 89 5
45 90 4
45 91 1
46 92 1
46 93 5
47 94 9
47 95 8
48 96 3
48 97 10
49 98 9
49 99 3
50 100 7
50 101 10
51 102 1
51 103 6
52 104 4
52 105 7
53 106 3
53 107 9
54 108 5
54 109 4
55 110 9
55 111 1
56 112 6
56 113 2
57 114 5
57 115 10
58 116 3
58 117 1
59 118 8
59 119 10
60 120 1
60 121 6
61 122 5
61 123 9
62 124 7
62 125 5
63 126 1
63 127 8
64 128 7
64 129 4
65 130 8
65 131 2
66 132 3
66 133 6
67 134 7
67 135 2
68 136 1
68 137 2
69 138 2
69 139 4
70 140 1
70 141 9
71 142 5
71 143 4
72 144 10
72 145 8
73 146 2
73 147 7
74 148 9
74 149 10
75 150 2
75 151 9
76 152 1
76 153 9
77 154 6
77 155 4
78 156 3
78 157 3
79 158 8
79 159 10
80 160 10
80 161 9
81 162 6
81 163 1
82 164 9
82 165 10
83 166 2
83 167 8
84 168 8
84 169 4
85 170 8
85 171 2
86 172 7
86 173 2
87 174 8
87 175 6
88 176 6
88 177 6
89 178 9
89 179 10
90 180 1
90 181 7
91 182 7
91 183 8
92 184 9
92 185 5
93 186 2
93 187 6
94 188 8
94 189 4
95 190 1
95 191 9
96 192 3
96 193 1
97 194 2
97 195 8
98 196 6
98 197 7
99 198 4
99 199 8
100 200 2
