# Edges (u,v,w)
1 2 9
1 3 3
2 4 3
2 5 1
3 6 6
3 7 6
4 8 8
4 9 2
5 10 4
5 11 2
6 12 1
6 13 9
7 14 6
7 15 8
8 16 7
8 17 2
9 18 3
9 19 4
10 20 8
10 21 3
11 22 1
11 23 9
12 24 6
12 25 9
13 26 4
13 27 6
14 28 5
14 29 6
15 30 5
15 31 8
16 32 10
16 33 2
17 34 5
17 35 4
18 36 8
18 37 4
19 38 3
19 39 6
20 40 5
20 41 6
21 42 9
21 43 3
22 44 3
22 45 3
23 46 4
23 47 10
24 48 5
24 49 9
25 50 6
25 51 9
26 52 3
26 53 9
27 54 3
27 55 3
28 56 4
28 57 3
29 58 2
29 59 4
30 60 9
30 61 4
31 62 3
31 63 7
32 64 10
32 65 6
33 66 2
33 67 10
34 68 3
34 69 4
35 70 7
35 71 8
36 72 7
36 73 8
37 74 7
37 75 10
38 76 4
38 77 6
39 78 7
39 79 9
40 80 6
40 81 1
41 82 5
41 83 2
42 84 4
42 85 5
43 86 6
43 87 5
44 88 8
44 89 1
45 90 2
45 91 8
46 92 10
46 93 2
47 94 7
47 95 4
48 96 9
48 97 4
49 98 6
49 99 7
50 100 7
50 101 9
51 102 8
51 103 2
52 104 5
52 105 6
53 106 8
53 107 10
54 108 6
54 109 9
55 110 2
55 111 4
56 112 10
56 113 7
57 114 2
57 115 10
58 116 7
58 117 4
59 118 10
59 119 7
60 120 9
60 121 5
61 122 8
61 123 6
62 124 7
62 125 4
63 126 3
63 127 3
64 128 7
64 129 8
65 130 7
65 131 4
66 132 7
66 133 9
67 134 9
67 135 8
68 136 8
68 137 2
69 138 9
69 139 9
70 140 3
70 141 5
71 142 9
71 143 3
72 144 7
72 145 6
73 146 2
73 147 6
74 148 5
74 149 3
75 150 2
75 151 1
76 152 9
76 153 10
77 154 5
77 155 7
78 156 5
78 157 5
79 158 4
79 159 5
80 160 4
80 161 9
81 162 7
81 163 1
82 164 7
82 165 4
83 166 9
83 167 4
84 168 6
84 169 5
85 170 1
85 171 4
86 172 3
86 173 4
87 174 4
87 175 8
88 176 9
88 177 10
89 178 7
89 179 9
90 180 4
90 181 6
91 182 4
91 183 9
92 184 4
92 185 5
93 186 5
93 187 2
94 188 5
94 189 3
95 190 2
95 191 3
96 192 8
96 193 1
97 194 6
97 195 1
98 196 4
98 197 6
99 198 5
99 199 10
100 200 7
