# Edges (u,v,w)
1 2 2
1 3 5
2 4 9
2 5 9
3 6 1
3 7 2
4 8 10
4 9 10
5 10 5
5 11 1
6 12 6
6 13 2
7 14 5
7 15 2
8 16 4
8 17 1
9 18 6
9 19 3
10 20 2
10 21 2
11 22 3
11 23 1
12 24 4
12 25 1
13 26 4
13 27 6
14 28 7
14 29 6
15 30 1
15 31 4
16 32 10
16 33 7
17 34 5
17 35 1
18 36 6
18 37 2
19 38 8
19 39 6
20 40 2
20 41 5
21 42 3
21 43 8
22 44 2
22 45 7
23 46 8
23 47 3
24 48 10
24 49 10
25 50 5
25 51 6
26 52 10
26 53 2
27 54 2
27 55 10
28 56 3
28 57 3
29 58 2
29 59 2
30 60 5
30 61 9
31 62 7
31 63 1
32 64 5
32 65 8
33 66 1
33 67 8
34 68 10
34 69 9
35 70 3
35 71 9
36 72 10
36 73 3
37 74 1
37 75 7
38 76 7
38 77 10
39 78 4
39 79 1
40 80 3
40 81 4
41 82 5
41 83 3
42 84 3
42 85 9
43 86 2
43 87 5
44 88 7
44 89 3
45 90 5
45 91 8
46 92 5
46 93 8
47 94 5
47 95 4
48 96 10
48 97 8
49 98 8
49 99 4
50 100 2
50 101 9
51 102 3
51 103 5
52 104 10
52 105 8
53 106 4
53 107 7
54 108 8
54 109 3
55 110 3
55 111 3
56 112 10
56 113 7
57 114 10
57 115 1
58 116 4
58 117 2
59 118 6
59 119 7
60 120 10
60 121 7
61 122 4
61 123 2
62 124 6
62 125 2
63 126 2
63 127 9
64 128 7
64 129 2
65 130 7
65 131 5
66 132 3
66 133 5
67 134 7
67 135 7
68 136 2
68 137 7
69 138 1
69 139 1
70 140 8
70 141 4
71 142 1
71 143 3
72 144 4
72 145 5
73 146 9
73 147 5
74 148 1
74 149 7
75 150 3
75 151 6
76 152 6
76 153 4
77 154 1
77 155 9
78 156 4
78 157 9
79 158 1
79 159 3
80 160 8
80 161 3
81 162 2
81 163 8
82 164 4
82 165 6
83 166 3
83 167 2
84 168 6
84 169 1
85 170 6
85 171 7
86 172 10
86 173 3
87 174 5
87 175 7
88 176 5
88 177 10
89 178 2
89 179 5
90 180 3
90 181 4
91 182 6
91 183 6
92 184 6
92 185 7
93 186 9
93 187 3
94 188 8
94 189 3
95 190 8
95 191 2
96 192 9
96 193 2
97 194 2
97 195 7
98 196 1
98 197 9
99 198 2
99 199 3
100 200 10
