# Edges (u,v,w)
1 2 10
1 3 8
2 4 6
2 5 1
3 6 10
3 7 10
4 8 10
4 9 1
5 10 6
5 11 4
6 12 3
6 13 4
7 14 2
7 15 3
8 16 7
8 17 6
9 18 2
9 19 4
10 20 8
10 21 2
11 22 5
11 23 3
12 24 7
12 25 6
13 26 4
13 27 1
14 28 1
14 29 8
15 30 8
15 31 3
16 32 8
16 33 4
17 34 10
17 35 7
18 36 8
18 37 3
19 38 10
19 39 7
20 40 9
20 41 9
21 42 4
21 43 5
22 44 8
22 45 2
23 46 4
23 47 7
24 48 2
24 49 3
25 50 5
25 51 5
26 52 1
26 53 2
27 54 3
27 55 1
28 56 8
28 57 10
29 58 5
29 59 9
30 60 6
30 61 8
31 62 7
31 63 9
32 64 3
32 65 3
33 66 6
33 67 8
34 68 7
34 69 3
35 70 1
35 71 6
36 72 5
36 73 8
37 74 7
37 75 1
38 76 3
38 77 1
39 78 6
39 79 5
40 80 6
40 81 3
41 82 4
41 83 4
42 84 10
42 85 6
43 86 6
43 87 4
44 88 9
44 89 3
45 90 10
45 91 3
46 92 6
46 93 9
47 94 8
47 95 7
48 96 5
48 97 10
49 98 2
49 99 7
50 100 2
50 101 4
51 102 4
51 103 6
52 104 3
52 105 9
53 106 4
53 107 2
54 108 5
54 109 8
55 110 3
55 111 9
56 112 4
56 113 8
57 114 4
57 115 1
58 116 7
58 117 1
59 118 4
59 119 6
60 120 5
60 121 8
61 122 3
61 123 5
62 124 4
62 125 6
63 126 7
63 127 6
64 128 3
64 129 6
65 130 3
65 131 6
66 132 8
66 133 7
67 134 4
67 135 6
68 136 5
68 137 9
69 138 6
69 139 7
70 140 8
70 141 9
71 142 1
71 143 7
72 144 5
72 145 6
73 146 9
73 147 3
74 148 5
74 149 2
75 150 8
75 151 10
76 152 8
76 153 7
77 154 3
77 155 7
78 156 2
78 157 8
79 158 7
79 159 6
80 160 4
80 161 4
81 162 9
81 163 1
82 164 10
82 165 8
83 166 5
83 167 6
84 168 5
84 169 3
85 170 7
85 171 1
86 172 9
86 173 9
87 174 7
87 175 8
88 176 8
88 177 7
89 178 3
89 179 8
90 180 6
90 181 7
91 182 7
91 183 1
92 184 6
92 185 7
93 186 9
93 187 10
94 188 2
94 189 1
95 190 8
95 191 7
96 192 10
96 193 6
97 194 2
97 195 2
98 196 5
98 197 9
99 198 6
99 199 7
100 200 10
