# Edges (u,v,w)
1 2 6
1 3 7
2 4 3
2 5 3
3 6 4
3 7 7
4 8 7
4 9 8
5 10 5
5 11 3
6 12 5
6 13 7
7 14 1
7 15 6
8 16 4
8 17 8
9 18 6
9 19 4
10 20 7
10 21 6
11 22 2
11 23 7
12 24 7
12 25 3
13 26 3
13 27 9
14 28 9
14 29 3
15 30 10
15 31 5
16 32 9
16 33 5
17 34 10
17 35 9
18 36 10
18 37 2
19 38 1
19 39 3
20 40 3
20 41 3
21 42 7
21 43 4
22 44 4
22 45 6
23 46 4
23 47 2
24 48 2
24 49 8
25 50 1
25 51 10
26 52 2
26 53 6
27 54 5
27 55 8
28 56 7
28 57 7
29 58 8
29 59 5
30 60 8
30 61 7
31 62 10
31 63 6
32 64 4
32 65 3
33 66 2
33 67 4
34 68 5
34 69 9
35 70 2
35 71 4
36 72 4
36 73 7
37 74 1
37 75 1
38 76 5
38 77 4
39 78 9
39 79 1
40 80 10
40 81 7
41 82 8
41 83 5
42 84 6
42 85 5
43 86 1
43 87 4
44 88 9
44 89 5
45 90 6
45 91 4
46 92 6
46 93 7
47 94 10
47 95 7
48 96 1
48 97 1
49 98 2
49 99 3
50 100 10
50 101 6
51 102 2
51 103 2
52 104 4
52 105 4
53 106 2
53 107 5
54 108 5
54 109 4
55 110 2
55 111 6
56 112 1
56 113 9
57 114 7
57 115 5
58 116 9
58 117 10
59 118 4
59 119 9
60 120 5
60 121 7
61 122 9
61 123 7
62 124 4
62 125 1
63 126 2
63 127 6
64 128 4
64 129 2
65 130 5
65 131 8
66 132 10
66 133 7
67 134 2
67 135 1
68 136 2
68 137 3
69 138 4
69 139 6
70 140 9
70 141 5
71 142 4
71 143 2
72 144 2
72 145 10
73 146 3
73 147 8
74 148 10
74 149 3
75 150 10
75 151 10
76 152 6
76 153 8
77 154 9
77 155 6
78 156 5
78 157 7
79 158 8
79 159 1
80 160 6
80 161 1
81 162 4
81 163 7
82 164 4
82 165 6
83 166 4
83 167 6
84 168 4
84 169 9
85 170 8
85 171 4
86 172 3
86 173 4
87 174 2
87 175 5
88 176 6
88 177 3
89 178 8
89 179 3
90 180 8
90 181 8
91 182 1
91 183 9
92 184 4
92 185 1
93 186 3
93 187 8
94 188 9
94 189 5
95 190 3
95 191 6
96 192 10
96 193 2
97 194 1
97 195 9
98 196 10
98 197 8
99 198 8
99 199 10
100 200 3
