# Edges (u,v,w)
1 2 10
1 3 1
2 4 3
2 5 5
3 6 4
3 7 3
4 8 3
4 9 8
5 10 2
5 11 5
6 12 2
6 13 1
7 14 6
7 15 9
8 16 9
8 17 9
9 18 4
9 19 4
10 20 10
10 21 10
11 22 2
11 23 1
12 24 8
12 25 10
13 26 2
13 27 10
14 28 8
14 29 6
15 30 7
15 31 2
16 32 4
16 33 5
17 34 7
17 35 6
18 36 5
18 37 7
19 38 8
19 39 10
20 40 6
20 41 2
21 42 3
21 43 2
22 44 5
22 45 1
23 46 4
23 47 3
24 48 9
24 49 4
25 50 6
25 51 10
26 52 3
26 53 5
27 54 6
27 55 4
28 56 9
28 57 3
29 58 1
29 59 4
30 60 2
30 61 10
31 62 2
31 63 7
32 64 1
32 65 6
33 66 1
33 67 9
34 68 4
34 69 4
35 70 6
35 71 2
36 72 4
36 73 6
37 74 2
37 75 2
38 76 1
38 77 4
39 78 3
39 79 5
40 80 5
40 81 1
41 82 4
41 83 7
42 84 9
42 85 7
43 86 4
43 87 6
44 88 2
44 89 5
45 90 1
45 91 3
46 92 7
46 93 7
47 94 4
47 95 6
48 96 5
48 97 3
49 98 8
49 99 6
50 100 6
50 101 5
51 102 5
51 103 10
52 104 5
52 105 1
53 106 2
53 107 1
54 108 5
54 109 2
55 110 4
55 111 3
56 112 4
56 113 2
57 114 8
57 115 6
58 116 4
58 117 7
59 118 3
59 119 1
60 120 5
60 121 7
61 122 6
61 123 3
62 124 9
62 125 10
63 126 7
63 127 1
64 128 2
64 129 1
65 130 4
65 131 1
66 132 10
66 133 9
67 134 9
67 135 9
68 136 8
68 137 1
69 138 5
69 139 9
70 140 9
70 141 9
71 142 10
71 143 8
72 144 6
72 145 7
73 146 8
73 147 4
74 148 4
74 149 2
75 150 1
75 151 4
76 152 10
76 153 3
77 154 5
77 155 2
78 156 1
78 157 10
79 158 10
79 159 5
80 160 1
80 161 8
81 162 8
81 163 2
82 164 2
82 165 7
83 166 4
83 167 8
84 168 4
84 169 5
85 170 9
85 171 5
86 172 7
86 173 5
87 174 3
87 175 10
88 176 6
88 177 8
89 178 6
89 179 6
90 180 1
90 181 3
91 182 8
91 183 8
92 184 10
92 185 6
93 186 5
93 187 1
94 188 9
94 189 3
95 190 10
95 191 6
96 192 1
96 193 6
97 194 8
97 195 7
98 196 3
98 197 1
99 198 6
99 199 3
100 200 3
