# Edges (u,v,w)
1 2 5
1 3 5
2 4 5
2 5 4
3 6 8
3 7 5
4 8 7
4 9 6
5 10 3
5 11 4
6 12 2
6 13 9
7 14 10
7 15 2
8 16 3
8 17 4
9 18 1
9 19 9
10 20 9
10 21 4
11 22 5
11 23 6
12 24 4
12 25 8
13 26 5
13 27 7
14 28 5
14 29 9
15 30 8
15 31 6
16 32 3
16 33 1
17 34 5
17 35 10
18 36 5
18 37 10
19 38 4
19 39 7
20 40 1
20 41 2
21 42 8
21 43 9
22 44 7
22 45 2
23 46 8
23 47 9
24 48 5
24 49 3
25 50 2
25 51 2
26 52 2
26 53 10
27 54 3
27 55 3
28 56 2
28 57 1
29 58 8
29 59 3
30 60 6
30 61 5
31 62 3
31 63 3
32 64 9
32 65 1
33 66 7
33 67 10
34 68 1
34 69 10
35 70 1
35 71 9
36 72 3
36 73 6
37 74 10
37 75 2
38 76 7
38 77 1
39 78 9
39 79 9
40 80 2
40 81 9
41 82 10
41 83 8
42 84 1
42 85 2
43 86 1
43 87 3
44 88 10
44 89 10
45 90 4
45 91 8
46 92 4
46 93 3
47 94 2
47 95 4
48 96 8
48 97 6
49 98 10
49 99 3
50 100 7
50 101 1
51 102 6
51 103 9
52 104 6
52 105 9
53 106 9
53 107 4
54 108 5
54 109 4
55 110 9
55 111 10
56 112 5
56 113 9
57 114 8
57 115 10
58 116 1
58 117 8
59 118 2
59 119 4
60 120 8
60 121 6
61 122 2
61 123 6
62 124 6
62 125 3
63 126 8
63 127 1
64 128 9
64 129 4
65 130 4
65 131 9
66 132 1
66 133 5
67 134 4
67 135 8
68 136 1
68 137 7
69 138 10
69 139 10
70 140 1
70 141 1
71 142 2
71 143 3
72 144 3
72 145 3
73 146 4
73 147 9
74 148 5
74 149 10
75 150 3
75 151 6
76 152 6
76 153 4
77 154 2
77 155 7
78 156 8
78 157 3
79 158 9
79 159 10
80 160 4
80 161 4
81 162 5
81 163 6
82 164 9
82 165 8
83 166 2
83 167 1
84 168 9
84 169 1
85 170 5
85 171 7
86 172 9
86 173 9
87 174 8
87 175 1
88 176 4
88 177 5
89 178 5
89 179 1
90 180 7
90 181 9
91 182 10
91 183 5
92 184 2
92 185 1
93 186 2
93 187 5
94 188 6
94 189 7
95 190 2
95 191 5
96 192 7
96 193 7
97 194 5
97 195 3
98 196 8
98 197 2
99 198 10
99 199 9
100 200 8
