# Edges (u,v,w)
1 2 5
1 3 6
2 4 1
2 5 6
3 6 4
3 7 3
4 8 3
4 9 7
5 10 2
5 11 5
6 12 7
6 13 7
7 14 7
7 15 9
8 16 10
8 17 10
9 18 7
9 19 10
10 20 6
10 21 4
11 22 4
11 23 8
12 24 2
12 25 9
13 26 7
13 27 2
14 28 5
14 29 2
15 30 8
15 31 9
16 32 3
16 33 6
17 34 3
17 35 4
18 36 6
18 37 2
19 38 3
19 39 1
20 40 10
20 41 9
21 42 9
21 43 9
22 44 10
22 45 7
23 46 2
23 47 6
24 48 3
24 49 5
25 50 4
25 51 4
26 52 3
26 53 6
27 54 8
27 55 2
28 56 6
28 57 5
29 58 1
29 59 7
30 60 3
30 61 7
31 62 10
31 63 5
32 64 3
32 65 7
33 66 3
33 67 10
34 68 1
34 69 8
35 70 2
35 71 5
36 72 7
36 73 1
37 74 10
37 75 10
38 76 8
38 77 7
39 78 9
39 79 5
40 80 8
40 81 3
41 82 8
41 83 9
42 84 2
42 85 3
43 86 7
43 87 8
44 88 9
44 89 9
45 90 2
45 91 3
46 92 10
46 93 6
47 94 7
47 95 3
48 96 3
48 97 4
49 98 8
49 99 4
50 100 2
50 101 2
51 102 10
51 103 10
52 104 2
52 105 8
53 106 2
53 107 9
54 108 1
54 109 4
55 110 8
55 111 8
56 112 7
56 113 6
57 114 10
57 115 10
58 116 8
58 117 4
59 118 4
59 119 9
60 120 6
60 121 5
61 122 8
61 123 10
62 124 7
62 125 1
63 126 7
63 127 9
64 128 6
64 129 2
65 130 8
65 131 1
66 132 3
66 133 10
67 134 9
67 135 6
68 136 6
68 137 8
69 138 9
69 139 10
70 140 1
70 141 1
71 142 8
71 143 3
72 144 4
72 145 4
73 146 1
73 147 9
74 148 10
74 149 10
75 150 6
75 151 1
76 152 10
76 153 1
77 154 4
77 155 10
78 156 3
78 157 10
79 158 7
79 159 4
80 160 8
80 161 8
81 162 3
81 163 1
82 164 4
82 165 8
83 166 10
83 167 6
84 168 7
84 169 10
85 170 6
85 171 10
86 172 8
86 173 1
87 174 8
87 175 10
88 176 5
88 177 4
89 178 9
89 179 2
90 180 1
90 181 9
91 182 8
91 183 2
92 184 1
92 185 6
93 186 2
93 187 1
94 188 6
94 189 10
95 190 9
95 191 5
96 192 7
96 193 8
97 194 7
97 195 8
98 196 6
98 197 2
99 198 7
99 199 6
100 200 6
