# Edges (u,v,w)
1 2 8
1 3 1
2 4 3
2 5 3
3 6 6
3 7 2
4 8 10
4 9 6
5 10 6
5 11 3
6 12 5
6 13 8
7 14 1
7 15 9
8 16 6
8 17 9
9 18 4
9 19 9
10 20 6
10 21 9
11 22 3
11 23 8
12 24 6
12 25 2
13 26 1
13 27 4
14 28 2
14 29 5
15 30 1
15 31 8
16 32 6
16 33 4
17 34 1
17 35 10
18 36 7
18 37 7
19 38 5
19 39 6
20 40 6
20 41 8
21 42 8
21 43 4
22 44 3
22 45 4
23 46 5
23 47 7
24 48 5
24 49 7
25 50 4
25 51 3
26 52 1
26 53 1
27 54 1
27 55 1
28 56 5
28 57 8
29 58 1
29 59 9
30 60 9
30 61 10
31 62 3
31 63 9
32 64 4
32 65 8
33 66 5
33 67 5
34 68 9
34 69 2
35 70 2
35 71 4
36 72 4
36 73 1
37 74 4
37 75 10
38 76 6
38 77 10
39 78 10
39 79 5
40 80 5
40 81 9
41 82 9
41 83 6
42 84 4
42 85 7
43 86 4
43 87 8
44 88 5
44 89 10
45 90 2
45 91 3
46 92 1
46 93 1
47 94 6
47 95 3
48 96 8
48 97 6
49 98 9
49 99 8
50 100 7
50 101 9
51 102 7
51 103 5
52 104 7
52 105 4
53 106 9
53 107 10
54 108 7
54 109 8
55 110 8
55 111 6
56 112 3
56 113 5
57 114 6
57 115 7
58 116 2
58 117 3
59 118 10
59 119 6
60 120 9
60 121 1
61 122 2
61 123 2
62 124 7
62 125 9
63 126 2
63 127 6
64 128 1
64 129 10
65 130 10
65 131 7
66 132 5
66 133 5
67 134 9
67 135 4
68 136 3
68 137 5
69 138 5
69 139 9
70 140 2
70 141 2
71 142 6
71 143 6
72 144 9
72 145 4
73 146 6
73 147 8
74 148 10
74 149 7
75 150 3
75 151 7
76 152 1
76 153 6
77 154 8
77 155 5
78 156 9
78 157 8
79 158 10
79 159 4
80 160 4
80 161 9
81 162 5
81 163 9
82 164 5
82 165 7
83 166 3
83 167 5
84 168 7
84 169 4
85 170 1
85 171 1
86 172 10
86 173 1
87 174 6
87 175 1
88 176 8
88 177 6
89 178 3
89 179 4
90 180 1
90 181 3
91 182 1
91 183 8
92 184 10
92 185 9
93 186 4
93 187 7
94 188 4
94 189 1
95 190 4
95 191 8
96 192 4
96 193 5
97 194 7
97 195 4
98 196 2
98 197 1
99 198 6
99 199 2
100 200 3
