# Edges (u,v,w)
1 2 10
1 3 1
2 4 3
2 5 3
3 6 3
3 7 4
4 8 7
4 9 2
5 10 4
5 11 8
6 12 5
6 13 9
7 14 7
7 15 1
8 16 9
8 17 6
9 18 1
9 19 4
10 20 10
10 21 1
11 22 5
11 23 10
12 24 4
12 25 4
13 26 7
13 27 2
14 28 9
14 29 8
15 30 1
15 31 5
16 32 6
16 33 5
17 34 4
17 35 10
18 36 7
18 37 1
19 38 2
19 39 4
20 40 2
20 41 7
21 42 1
21 43 2
22 44 2
22 45 2
23 46 2
23 47 10
24 48 10
24 49 3
25 50 5
25 51 6
26 52 1
26 53 9
27 54 4
27 55 6
28 56 9
28 57 7
29 58 10
29 59 5
30 60 1
30 61 8
31 62 7
31 63 6
32 64 7
32 65 5
33 66 5
33 67 4
34 68 3
34 69 5
35 70 10
35 71 10
36 72 6
36 73 6
37 74 7
37 75 9
38 76 8
38 77 2
39 78 3
39 79 2
40 80 7
40 81 5
41 82 6
41 83 3
42 84 8
42 85 10
43 86 8
43 87 1
44 88 8
44 89 5
45 90 3
45 91 2
46 92 10
46 93 5
47 94 6
47 95 4
48 96 1
48 97 7
49 98 7
49 99 2
50 100 5
50 101 2
51 102 10
51 103 5
52 104 1
52 105 6
53 106 8
53 107 7
54 108 6
54 109 6
55 110 2
55 111 2
56 112 4
56 113 7
57 114 10
57 115 10
58 116 6
58 117 2
59 118 2
59 119 10
60 120 8
60 121 9
61 122 9
61 123 3
62 124 7
62 125 6
63 126 10
63 127 3
64 128 4
64 129 4
65 130 9
65 131 3
66 132 2
66 133 8
67 134 5
67 135 8
68 136 10
68 137 6
69 138 2
69 139 5
70 140 4
70 141 2
71 142 2
71 143 6
72 144 7
72 145 3
73 146 1
73 147 10
74 148 6
74 149 7
75 150 10
75 151 10
76 152 2
76 153 8
77 154 10
77 155 2
78 156 5
78 157 9
79 158 5
79 159 7
80 160 10
80 161 4
81 162 1
81 163 10
82 164 4
82 165 4
83 166 3
83 167 4
84 168 2
84 169 6
85 170 9
85 171 5
86 172 7
86 173 4
87 174 9
87 175 5
88 176 7
88 177 4
89 178 3
89 179 9
90 180 4
90 181 9
91 182 5
91 183 3
92 184 8
92 185 10
93 186 5
93 187 2
94 188 7
94 189 2
95 190 6
95 191 10
96 192 8
96 193 8
97 194 8
97 195 6
98 196 6
98 197 4
99 198 6
99 199 10
100 200 9
