# Edges (u,v,w)
1 2 9
1 3 3
2 4 9
2 5 2
3 6 3
3 7 10
4 8 4
4 9 2
5 10 9
5 11 6
6 12 6
6 13 9
7 14 5
7 15 3
8 16 2
8 17 2
9 18 8
9 19 8
10 20 9
10 21 2
11 22 4
11 23 2
12 24 9
12 25 8
13 26 8
13 27 9
14 28 6
14 29 1
15 30 4
15 31 3
16 32 5
16 33 4
17 34 5
17 35 6
18 36 2
18 37 7
19 38 8
19 39 7
20 40 5
20 41 9
21 42 3
21 43 6
22 44 9
22 45 1
23 46 10
23 47 3
24 48 10
24 49 10
25 50 4
25 51 2
26 52 2
26 53 8
27 54 6
27 55 10
28 56 10
28 57 3
29 58 10
29 59 5
30 60 3
30 61 8
31 62 5
31 63 10
32 64 2
32 65 9
33 66 10
33 67 6
34 68 1
34 69 6
35 70 10
35 71 7
36 72 2
36 73 2
37 74 5
37 75 1
38 76 2
38 77 10
39 78 2
39 79 3
40 80 8
40 81 10
41 82 3
41 83 9
42 84 6
42 85 8
43 86 2
43 87 5
44 88 1
44 89 7
45 90 4
45 91 9
46 92 10
46 93 9
47 94 8
47 95 4
48 96 9
48 97 3
49 98 7
49 99 6
50 100 10
50 101 2
51 102 6
51 103 10
52 104 5
52 105 6
53 106 10
53 107 7
54 108 3
54 109 8
55 110 5
55 111 1
56 112 3
56 113 2
57 114 10
57 115 8
58 116 9
58 117 2
59 118 5
59 119 5
60 120 1
60 121 1
61 122 5
61 123 5
62 124 3
62 125 5
63 126 7
63 127 1
64 128 1
64 129 1
65 130 3
65 131 6
66 132 1
66 133 5
67 134 10
67 135 1
68 136 10
68 137 8
69 138 2
69 139 5
70 140 5
70 141 7
71 142 2
71 143 7
72 144 5
72 145 10
73 146 9
73 147 3
74 148 5
74 149 10
75 150 8
75 151 5
76 152 6
76 153 3
77 154 4
77 155 6
78 156 1
78 157 6
79 158 5
79 159 10
80 160 10
80 161 10
81 162 5
81 163 6
82 164 10
82 165 2
83 166 8
83 167 10
84 168 1
84 169 6
85 170 6
85 171 3
86 172 5
86 173 8
87 174 7
87 175 4
88 176 6
88 177 6
89 178 2
89 179 6
90 180 10
90 181 8
91 182 8
91 183 1
92 184 10
92 185 5
93 186 3
93 187 2
94 188 3
94 189 1
95 190 6
95 191 1
96 192 4
96 193 6
97 194 6
97 195 4
98 196 6
98 197 5
99 198 6
99 199 2
100 200 9
