# Edges (u,v,w)
1 2 5
1 3 6
2 4 2
2 5 7
3 6 3
3 7 5
4 8 6
4 9 9
5 10 1
5 11 5
6 12 5
6 13 10
7 14 2
7 15 9
8 16 6
8 17 2
9 18 4
9 19 9
10 20 2
10 21 4
11 22 1
11 23 7
12 24 1
12 25 4
13 26 4
13 27 2
14 28 8
14 29 7
15 30 10
15 31 8
16 32 9
16 33 3
17 34 1
17 35 6
18 36 5
18 37 9
19 38 1
19 39 6
20 40 7
20 41 10
21 42 6
21 43 1
22 44 3
22 45 2
23 46 6
23 47 4
24 48 1
24 49 5
25 50 5
25 51 8
26 52 10
26 53 6
27 54 2
27 55 10
28 56 6
28 57 6
29 58 5
29 59 8
30 60 10
30 61 9
31 62 8
31 63 1
32 64 10
32 65 5
33 66 7
33 67 10
34 68 1
34 69 2
35 70 10
35 71 7
36 72 2
36 73 5
37 74 9
37 75 9
38 76 4
38 77 2
39 78 7
39 79 1
40 80 6
40 81 7
41 82 5
41 83 10
42 84 8
42 85 7
43 86 5
43 87 4
44 88 4
44 89 6
45 90 9
45 91 10
46 92 10
46 93 2
47 94 1
47 95 10
48 96 1
48 97 3
49 98 2
49 99 10
50 100 8
50 101 2
51 102 5
51 103 9
52 104 6
52 105 8
53 106 1
53 107 5
54 108 2
54 109 8
55 110 5
55 111 10
56 112 10
56 113 2
57 114 10
57 115 1
58 116 7
58 117 4
59 118 2
59 119 7
60 120 8
60 121 4
61 122 9
61 123 10
62 124 6
62 125 3
63 126 8
63 127 6
64 128 8
64 129 5
65 130 3
65 131 6
66 132 8
66 133 7
67 134 3
67 135 3
68 136 1
68 137 6
69 138 9
69 139 5
70 140 9
70 141 9
71 142 3
71 143 3
72 144 1
72 145 10
73 146 10
73 147 5
74 148 2
74 149 6
75 150 6
75 151 2
76 152 3
76 153 7
77 154 2
77 155 5
78 156 8
78 157 8
79 158 10
79 159 2
80 160 5
80 161 5
81 162 3
81 163 9
82 164 5
82 165 4
83 166 5
83 167 8
84 168 9
84 169 5
85 170 5
85 171 3
86 172 10
86 173 9
87 174 9
87 175 9
88 176 10
88 177 6
89 178 6
89 179 2
90 180 6
90 181 5
91 182 7
91 183 4
92 184 7
92 185 10
93 186 9
93 187 10
94 188 2
94 189 2
95 190 8
95 191 3
96 192 1
96 193 5
97 194 8
97 195 5
98 196 3
98 197 7
99 198 5
99 199 10
100 200 5
