# Edges (u,v,w)
1 2 8
1 3 9
2 4 9
2 5 2
3 6 8
3 7 10
4 8 7
4 9 3
5 10 6
5 11 9
6 12 1
6 13 8
7 14 7
7 15 9
8 16 7
8 17 2
9 18 5
9 19 10
10 20 10
10 21 5
11 22 2
11 23 2
12 24 6
12 25 9
13 26 8
13 27 10
14 28 6
14 29 4
15 30 7
15 31 8
16 32 3
16 33 6
17 34 8
17 35 1
18 36 2
18 37 3
19 38 10
19 39 3
20 40 1
20 41 4
21 42 7
21 43 10
22 44 6
22 45 5
23 46 6
23 47 5
24 48 1
24 49 10
25 50 10
25 51 10
26 52 1
26 53 8
27 54 10
27 55 4
28 56 3
28 57 3
29 58 3
29 59 9
30 60 9
30 61 7
31 62 3
31 63 7
32 64 5
32 65 5
33 66 8
33 67 4
34 68 6
34 69 8
35 70 5
35 71 8
36 72 9
36 73 1
37 74 6
37 75 4
38 76 7
38 77 1
39 78 8
39 79 10
40 80 7
40 81 5
41 82 4
41 83 3
42 84 5
42 85 5
43 86 9
43 87 4
44 88 8
44 89 4
45 90 10
45 91 10
46 92 4
46 93 3
47 94 3
47 95 4
48 96 6
48 97 5
49 98 5
49 99 2
50 100 10
50 101 9
51 102 9
51 103 1
52 104 8
52 105 9
53 106 2
53 107 10
54 108 3
54 109 6
55 110 2
55 111 1
56 112 7
56 113 1
57 114 3
57 115 7
58 116 4
58 117 6
59 118 7
59 119 9
60 120 10
60 121 7
61 122 2
61 123 1
62 124 3
62 125 5
63 126 6
63 127 3
64 128 8
64 129 2
65 130 7
65 131 6
66 132 6
66 133 6
67 134 1
67 135 2
68 136 8
68 137 1
69 138 7
69 139 8
70 140 10
70 141 7
71 142 5
71 143 9
72 144 1
72 145 8
73 146 1
73 147 9
74 148 5
74 149 6
75 150 1
75 151 1
76 152 6
76 153 1
77 154 8
77 155 2
78 156 4
78 157 4
79 158 5
79 159 7
80 160 8
80 161 5
81 162 3
81 163 7
82 164 4
82 165 10
83 166 3
83 167 9
84 168 7
84 169 4
85 170 10
85 171 3
86 172 1
86 173 5
87 174 8
87 175 8
88 176 6
88 177 1
89 178 5
89 179 8
90 180 1
90 181 3
91 182 9
91 183 1
92 184 6
92 185 7
93 186 10
93 187 8
94 188 6
94 189 4
95 190 10
95 191 2
96 192 2
96 193 3
97 194 5
97 195 4
98 196 8
98 197 3
99 198 9
99 199 10
100 200 3
