# Edges (u,v,w)
1 2 1
1 3 2
2 4 7
2 5 5
3 6 5
3 7 2
4 8 5
4 9 1
5 10 7
5 11 2
6 12 10
6 13 7
7 14 5
7 15 4
8 16 2
8 17 5
9 18 9
9 19 8
10 20 2
10 21 1
11 22 5
11 23 3
12 24 2
12 25 2
13 26 3
13 27 3
14 28 7
14 29 1
15 30 6
15 31 6
16 32 8
16 33 7
17 34 9
17 35 6
18 36 3
18 37 2
19 38 7
19 39 2
20 40 1
20 41 5
21 42 4
21 43 1
22 44 6
22 45 4
23 46 8
23 47 1
24 48 10
24 49 5
25 50 2
25 51 9
26 52 4
26 53 2
27 54 2
27 55 8
28 56 5
28 57 7
29 58 10
29 59 2
30 60 10
30 61 4
31 62 8
31 63 5
32 64 5
32 65 10
33 66 4
33 67 2
34 68 3
34 69 3
35 70 8
35 71 5
36 72 3
36 73 5
37 74 8
37 75 2
38 76 9
38 77 7
39 78 5
39 79 10
40 80 7
40 81 8
41 82 7
41 83 9
42 84 8
42 85 9
43 86 5
43 87 8
44 88 7
44 89 2
45 90 3
45 91 4
46 92 1
46 93 1
47 94 7
47 95 10
48 96 1
48 97 4
49 98 4
49 99 5
50 100 7
50 101 3
51 102 7
51 103 8
52 104 8
52 105 9
53 106 10
53 107 3
54 108 7
54 109 6
55 110 4
55 111 6
56 112 8
56 113 10
57 114 3
57 115 1
58 116 10
58 117 4
59 118 10
59 119 1
60 120 3
60 121 6
61 122 8
61 123 5
62 124 6
62 125 3
63 126 8
63 127 6
64 128 1
64 129 5
65 130 5
65 131 8
66 132 6
66 133 3
67 134 1
67 135 8
68 136 2
68 137 9
69 138 10
69 139 2
70 140 3
70 141 10
71 142 3
71 143 7
72 144 8
72 145 8
73 146 5
73 147 4
74 148 5
74 149 5
75 150 5
75 151 10
76 152 8
76 153 5
77 154 10
77 155 8
78 156 5
78 157 5
79 158 6
79 159 5
80 160 5
80 161 6
81 162 9
81 163 2
82 164 4
82 165 4
83 166 10
83 167 9
84 168 9
84 169 10
85 170 8
85 171 1
86 172 6
86 173 8
87 174 9
87 175 7
88 176 8
88 177 7
89 178 3
89 179 8
90 180 9
90 181 1
91 182 6
91 183 7
92 184 9
92 185 8
93 186 5
93 187 6
94 188 1
94 189 10
95 190 8
95 191 6
96 192 5
96 193 8
97 194 2
97 195 7
98 196 8
98 197 9
99 198 6
99 199 9
100 200 10
