# Edges (u,v,w)
1 2 4
1 3 4
2 4 5
2 5 10
3 6 9
3 7 1
4 8 6
4 9 4
5 10 9
5 11 10
6 12 10
6 13 7
7 14 7
7 15 3
8 16 3
8 17 9
9 18 6
9 19 6
10 20 5
10 21 3
11 22 10
11 23 5
12 24 7
12 25 5
13 26 6
13 27 5
14 28 5
14 29 2
15 30 1
15 31 6
16 32 6
16 33 1
17 34 6
17 35 1
18 36 7
18 37 9
19 38 1
19 39 4
20 40 7
20 41 4
21 42 3
21 43 1
22 44 1
22 45 4
23 46 8
23 47 5
24 48 3
24 49 8
25 50 8
25 51 9
26 52 6
26 53 6
27 54 10
27 55 9
28 56 10
28 57 5
29 58 6
29 59 5
30 60 8
30 61 8
31 62 9
31 63 7
32 64 9
32 65 3
33 66 7
33 67 3
34 68 7
34 69 10
35 70 1
35 71 1
36 72 2
36 73 4
37 74 1
37 75 2
38 76 10
38 77 4
39 78 3
39 79 9
40 80 9
40 81 8
41 82 9
41 83 3
42 84 8
42 85 5
43 86 9
43 87 10
44 88 4
44 89 6
45 90 10
45 91 3
46 92 3
46 93 7
47 94 8
47 95 2
48 96 3
48 97 6
49 98 6
49 99 8
50 100 3
50 101 9
51 102 2
51 103 4
52 104 7
52 105 5
53 106 8
53 107 1
54 108 1
54 109 6
55 110 2
55 111 1
56 112 4
56 113 6
57 114 7
57 115 3
58 116 7
58 117 4
59 118 4
59 119 10
60 120 4
60 121 3
61 122 2
61 123 6
62 124 1
62 125 9
63 126 9
63 127 6
64 128 9
64 129 8
65 130 4
65 131 8
66 132 1
66 133 5
67 134 4
67 135 3
68 136 10
68 137 3
69 138 5
69 139 5
70 140 3
70 141 6
71 142 2
71 143 4
72 144 2
72 145 2
73 146 2
73 147 4
74 148 8
74 149 2
75 150 5
75 151 1
76 152 5
76 153 1
77 154 4
77 155 1
78 156 8
78 157 2
79 158 7
79 159 7
80 160 1
80 161 10
81 162 7
81 163 3
82 164 5
82 165 6
83 166 5
83 167 9
84 168 2
84 169 7
85 170 2
85 171 7
86 172 5
86 173 10
87 174 1
87 175 6
88 176 1
88 177 8
89 178 2
89 179 6
90 180 1
90 181 1
91 182 8
91 183 10
92 184 6
92 185 8
93 186 7
93 187 7
94 188 5
94 189 1
95 190 9
95 191 4
96 192 3
96 193 10
97 194 6
97 195 7
98 196 10
98 197 2
99 198 9
99 199 5
100 200 5
