# Edges (u,v,w)
1 2 8
1 3 1
2 4 3
2 5 6
3 6 1
3 7 2
4 8 1
4 9 3
5 10 2
5 11 10
6 12 8
6 13 7
7 14 4
7 15 3
8 16 8
8 17 6
9 18 9
9 19 3
10 20 6
10 21 2
11 22 3
11 23 10
12 24 1
12 25 2
13 26 10
13 27 3
14 28 2
14 29 2
15 30 6
15 31 4
16 32 9
16 33 6
17 34 9
17 35 10
18 36 4
18 37 5
19 38 5
19 39 3
20 40 2
20 41 7
21 42 7
21 43 1
22 44 3
22 45 8
23 46 4
23 47 6
24 48 7
24 49 10
25 50 5
25 51 5
26 52 6
26 53 4
27 54 6
27 55 10
28 56 6
28 57 9
29 58 7
29 59 4
30 60 7
30 61 9
31 62 1
31 63 7
32 64 8
32 65 9
33 66 6
33 67 10
34 68 9
34 69 9
35 70 3
35 71 8
36 72 9
36 73 10
37 74 8
37 75 1
38 76 1
38 77 4
39 78 3
39 79 6
40 80 9
40 81 1
41 82 3
41 83 8
42 84 8
42 85 5
43 86 2
43 87 3
44 88 2
44 89 5
45 90 1
45 91 6
46 92 2
46 93 6
47 94 1
47 95 9
48 96 9
48 97 4
49 98 9
49 99 5
50 100 6
50 101 7
51 102 3
51 103 8
52 104 9
52 105 9
53 106 1
53 107 3
54 108 2
54 109 1
55 110 9
55 111 3
56 112 1
56 113 4
57 114 2
57 115 9
58 116 8
58 117 6
59 118 9
59 119 6
60 120 3
60 121 7
61 122 2
61 123 7
62 124 6
62 125 9
63 126 7
63 127 8
64 128 10
64 129 4
65 130 7
65 131 9
66 132 5
66 133 7
67 134 4
67 135 4
68 136 10
68 137 5
69 138 9
69 139 6
70 140 4
70 141 1
71 142 2
71 143 1
72 144 3
72 145 7
73 146 5
73 147 9
74 148 7
74 149 7
75 150 3
75 151 6
76 152 8
76 153 9
77 154 6
77 155 4
78 156 7
78 157 10
79 158 8
79 159 5
80 160 8
80 161 7
81 162 6
81 163 4
82 164 4
82 165 8
83 166 3
83 167 5
84 168 5
84 169 1
85 170 8
85 171 1
86 172 7
86 173 5
87 174 4
87 175 5
88 176 7
88 177 10
89 178 5
89 179 6
90 180 4
90 181 7
91 182 10
91 183 5
92 184 1
92 185 8
93 186 1
93 187 4
94 188 7
94 189 1
95 190 2
95 191 10
96 192 2
96 193 8
97 194 2
97 195 5
98 196 1
98 197 2
99 198 4
99 199 8
100 200 9
