# Edges (u,v,w)
1 2 5
1 3 6
2 4 5
2 5 4
3 6 5
3 7 4
4 8 1
4 9 10
5 10 1
5 11 2
6 12 5
6 13 5
7 14 5
7 15 9
8 16 3
8 17 4
9 18 6
9 19 3
10 20 7
10 21 3
11 22 6
11 23 6
12 24 6
12 25 4
13 26 4
13 27 4
14 28 5
14 29 2
15 30 8
15 31 7
16 32 6
16 33 6
17 34 10
17 35 10
18 36 1
18 37 1
19 38 4
19 39 9
20 40 4
20 41 1
21 42 8
21 43 4
22 44 3
22 45 9
23 46 9
23 47 6
24 48 10
24 49 9
25 50 2
25 51 10
26 52 10
26 53 9
27 54 7
27 55 5
28 56 8
28 57 9
29 58 4
29 59 10
30 60 9
30 61 1
31 62 10
31 63 1
32 64 4
32 65 1
33 66 8
33 67 1
34 68 2
34 69 9
35 70 10
35 71 3
36 72 1
36 73 7
37 74 8
37 75 9
38 76 3
38 77 10
39 78 10
39 79 10
40 80 10
40 81 9
41 82 6
41 83 4
42 84 7
42 85 10
43 86 2
43 87 7
44 88 5
44 89 9
45 90 10
45 91 2
46 92 3
46 93 5
47 94 10
47 95 8
48 96 3
48 97 6
49 98 3
49 99 8
50 100 6
50 101 7
51 102 6
51 103 5
52 104 1
52 105 8
53 106 3
53 107 2
54 108 6
54 109 7
55 110 5
55 111 1
56 112 9
56 113 4
57 114 2
57 115 3
58 116 9
58 117 7
59 118 5
59 119 2
60 120 10
60 121 5
61 122 4
61 123 5
62 124 9
62 125 3
63 126 1
63 127 6
64 128 6
64 129 6
65 130 6
65 131 6
66 132 2
66 133 9
67 134 10
67 135 5
68 136 7
68 137 7
69 138 6
69 139 9
70 140 6
70 141 1
71 142 7
71 143 7
72 144 2
72 145 8
73 146 3
73 147 9
74 148 8
74 149 2
75 150 6
75 151 6
76 152 6
76 153 4
77 154 10
77 155 4
78 156 3
78 157 6
79 158 7
79 159 1
80 160 6
80 161 8
81 162 2
81 163 7
82 164 6
82 165 2
83 166 4
83 167 2
84 168 9
84 169 4
85 170 1
85 171 8
86 172 7
86 173 4
87 174 3
87 175 6
88 176 4
88 177 4
89 178 5
89 179 6
90 180 6
90 181 2
91 182 1
91 183 7
92 184 4
92 185 7
93 186 6
93 187 9
94 188 7
94 189 4
95 190 6
95 191 1
96 192 7
96 193 8
97 194 7
97 195 3
98 196 1
98 197 10
99 198 9
99 199 6
100 200 7
