# Edges (u,v,w)
1 2 10
1 3 2
2 4 4
2 5 2
3 6 6
3 7 10
4 8 2
4 9 1
5 10 4
5 11 2
6 12 1
6 13 1
7 14 2
7 15 8
8 16 7
8 17 10
9 18 7
9 19 1
10 20 1
10 21 2
11 22 4
11 23 7
12 24 1
12 25 4
13 26 3
13 27 9
14 28 4
14 29 1
15 30 2
15 31 1
16 32 1
16 33 6
17 34 10
17 35 10
18 36 7
18 37 8
19 38 3
19 39 3
20 40 3
20 41 8
21 42 6
21 43 8
22 44 2
22 45 5
23 46 4
23 47 2
24 48 4
24 49 6
25 50 4
25 51 10
26 52 1
26 53 9
27 54 4
27 55 3
28 56 4
28 57 8
29 58 7
29 59 2
30 60 4
30 61 5
31 62 10
31 63 7
32 64 7
32 65 4
33 66 3
33 67 3
34 68 8
34 69 8
35 70 10
35 71 2
36 72 3
36 73 5
37 74 5
37 75 2
38 76 6
38 77 10
39 78 3
39 79 10
40 80 7
40 81 3
41 82 10
41 83 5
42 84 3
42 85 8
43 86 8
43 87 10
44 88 9
44 89 3
45 90 10
45 91 5
46 92 1
46 93 7
47 94 7
47 95 9
48 96 1
48 97 1
49 98 9
49 99 4
50 100 1
50 101 6
51 102 9
51 103 8
52 104 6
52 105 10
53 106 7
53 107 2
54 108 2
54 109 1
55 110 6
55 111 5
56 112 9
56 113 7
57 114 6
57 115 2
58 116 3
58 117 7
59 118 10
59 119 2
60 120 1
60 121 7
61 122 1
61 123 7
62 124 6
62 125 4
63 126 2
63 127 10
64 128 7
64 129 3
65 130 6
65 131 7
66 132 10
66 133 6
67 134 8
67 135 4
68 136 3
68 137 1
69 138 1
69 139 7
70 140 5
70 141 3
71 142 4
71 143 1
72 144 7
72 145 3
73 146 1
73 147 9
74 148 2
74 149 10
75 150 3
75 151 9
76 152 5
76 153 9
77 154 9
77 155 7
78 156 10
78 157 9
79 158 5
79 159 1
80 160 1
80 161 4
81 162 2
81 163 9
82 164 4
82 165 10
83 166 3
83 167 4
84 168 4
84 169 4
85 170 5
85 171 1
86 172 8
86 173 9
87 174 2
87 175 6
88 176 2
88 177 5
89 178 10
89 179 9
90 180 2
90 181 1
91 182 5
91 183 5
92 184 10
92 185 5
93 186 9
93 187 6
94 188 2
94 189 10
95 190 1
95 191 4
96 192 4
96 193 1
97 194 6
97 195 5
98 196 1
98 197 8
99 198 1
99 199 5
100 200 2
