# Edges (u,v,w)
1 2 5
1 3 8
2 4 7
2 5 6
3 6 6
3 7 6
4 8 7
4 9 4
5 10 2
5 11 2
6 12 9
6 13 10
7 14 6
7 15 6
8 16 1
8 17 5
9 18 7
9 19 5
10 20 3
10 21 6
11 22 2
11 23 8
12 24 8
12 25 8
13 26 8
13 27 7
14 28 3
14 29 10
15 30 2
15 31 8
16 32 4
16 33 7
17 34 5
17 35 6
18 36 2
18 37 7
19 38 4
19 39 3
20 40 5
20 41 10
21 42 4
21 43 4
22 44 3
22 45 2
23 46 3
23 47 10
24 48 10
24 49 6
25 50 8
25 51 3
26 52 2
26 53 9
27 54 4
27 55 8
28 56 5
28 57 5
29 58 3
29 59 3
30 60 5
30 61 3
31 62 5
31 63 9
32 64 9
32 65 1
33 66 3
33 67 8
34 68 5
34 69 5
35 70 9
35 71 8
36 72 9
36 73 8
37 74 8
37 75 8
38 76 8
38 77 2
39 78 9
39 79 3
40 80 1
40 81 3
41 82 5
41 83 2
42 84 3
42 85 6
43 86 1
43 87 4
44 88 5
44 89 9
45 90 4
45 91 4
46 92 4
46 93 6
47 94 5
47 95 4
48 96 1
48 97 3
49 98 5
49 99 5
50 100 8
50 101 9
51 102 1
51 103 9
52 104 1
52 105 8
53 106 5
53 107 7
54 108 7
54 109 5
55 110 5
55 111 4
56 112 4
56 113 4
57 114 3
57 115 1
58 116 4
58 117 3
59 118 8
59 119 8
60 120 6
60 121 8
61 122 10
61 123 9
62 124 4
62 125 4
63 126 6
63 127 5
64 128 6
64 129 8
65 130 10
65 131 9
66 132 3
66 133 2
67 134 6
67 135 6
68 136 3
68 137 4
69 138 2
69 139 6
70 140 3
70 141 3
71 142 2
71 143 8
72 144 5
72 145 9
73 146 2
73 147 4
74 148 8
74 149 3
75 150 4
75 151 5
76 152 7
76 153 8
77 154 7
77 155 4
78 156 5
78 157 4
79 158 3
79 159 9
80 160 9
80 161 7
81 162 7
81 163 3
82 164 6
82 165 4
83 166 7
83 167 9
84 168 3
84 169 6
85 170 9
85 171 6
86 172 9
86 173 8
87 174 5
87 175 10
88 176 4
88 177 3
89 178 9
89 179 8
90 180 8
90 181 8
91 182 7
91 183 8
92 184 3
92 185 8
93 186 7
93 187 6
94 188 2
94 189 2
95 190 1
95 191 1
96 192 8
96 193 2
97 194 8
97 195 4
98 196 8
98 197 9
99 198 10
99 199 1
100 200 5
