# Edges (u,v,w)
1 2 10
1 3 2
2 4 3
2 5 2
3 6 1
3 7 7
4 8 9
4 9 4
5 10 7
5 11 4
6 12 6
6 13 6
7 14 7
7 15 4
8 16 2
8 17 10
9 18 2
9 19 4
10 20 7
10 21 5
11 22 5
11 23 9
12 24 8
12 25 10
13 26 7
13 27 6
14 28 10
14 29 6
15 30 3
15 31 8
16 32 4
16 33 6
17 34 5
17 35 3
18 36 5
18 37 10
19 38 6
19 39 8
20 40 6
20 41 1
21 42 6
21 43 9
22 44 4
22 45 6
23 46 3
23 47 1
24 48 3
24 49 3
25 50 8
25 51 4
26 52 2
26 53 3
27 54 2
27 55 5
28 56 5
28 57 5
29 58 3
29 59 2
30 60 1
30 61 3
31 62 10
31 63 3
32 64 1
32 65 10
33 66 7
33 67 9
34 68 5
34 69 5
35 70 4
35 71 8
36 72 9
36 73 8
37 74 8
37 75 2
38 76 2
38 77 1
39 78 4
39 79 5
40 80 7
40 81 3
41 82 3
41 83 8
42 84 4
42 85 6
43 86 3
43 87 7
44 88 9
44 89 4
45 90 4
45 91 4
46 92 2
46 93 8
47 94 1
47 95 4
48 96 9
48 97 7
49 98 10
49 99 4
50 100 9
50 101 2
51 102 5
51 103 7
52 104 6
52 105 1
53 106 4
53 107 1
54 108 4
54 109 10
55 110 8
55 111 7
56 112 1
56 113 6
57 114 5
57 115 2
58 116 6
58 117 2
59 118 4
59 119 10
60 120 2
60 121 10
61 122 4
61 123 2
62 124 10
62 125 3
63 126 9
63 127 4
64 128 4
64 129 8
65 130 4
65 131 8
66 132 3
66 133 6
67 134 3
67 135 5
68 136 6
68 137 10
69 138 8
69 139 4
70 140 2
70 141 1
71 142 3
71 143 9
72 144 9
72 145 2
73 146 2
73 147 7
74 148 3
74 149 1
75 150 9
75 151 4
76 152 10
76 153 3
77 154 10
77 155 6
78 156 6
78 157 5
79 158 10
79 159 1
80 160 10
80 161 1
81 162 9
81 163 2
82 164 1
82 165 10
83 166 4
83 167 10
84 168 1
84 169 9
85 170 2
85 171 5
86 172 6
86 173 10
87 174 4
87 175 6
88 176 8
88 177 10
89 178 2
89 179 9
90 180 7
90 181 9
91 182 4
91 183 3
92 184 5
92 185 9
93 186 5
93 187 9
94 188 9
94 189 6
95 190 9
95 191 7
96 192 9
96 193 8
97 194 5
97 195 9
98 196 5
98 197 9
99 198 2
99 199 5
100 200 8
