# Edges (u,v,w)
1 2 6
1 3 7
2 4 8
2 5 8
3 6 9
3 7 4
4 8 8
4 9 9
5 10 8
5 11 2
6 12 10
6 13 9
7 14 2
7 15 10
8 16 7
8 17 1
9 18 4
9 19 5
10 20 6
10 21 5
11 22 4
11 23 9
12 24 7
12 25 8
13 26 8
13 27 3
14 28 6
14 29 4
15 30 10
15 31 6
16 32 6
16 33 3
17 34 8
17 35 4
18 36 7
18 37 1
19 38 4
19 39 10
20 40 7
20 41 8
21 42 3
21 43 5
22 44 6
22 45 6
23 46 6
23 47 3
24 48 9
24 49 10
25 50 10
25 51 6
26 52 2
26 53 3
27 54 1
27 55 3
28 56 3
28 57 8
29 58 3
29 59 3
30 60 7
30 61 5
31 62 3
31 63 9
32 64 8
32 65 5
33 66 3
33 67 9
34 68 2
34 69 9
35 70 2
35 71 7
36 72 4
36 73 8
37 74 10
37 75 6
38 76 8
38 77 1
39 78 8
39 79 8
40 80 3
40 81 6
41 82 9
41 83 2
42 84 8
42 85 1
43 86 1
43 87 9
44 88 1
44 89 10
45 90 3
45 91 3
46 92 4
46 93 7
47 94 2
47 95 5
48 96 5
48 97 1
49 98 6
49 99 5
50 100 10
50 101 9
51 102 7
51 103 7
52 104 6
52 105 4
53 106 3
53 107 3
54 108 9
54 109 6
55 110 7
55 111 8
56 112 7
56 113 4
57 114 8
57 115 10
58 116 7
58 117 5
59 118 8
59 119 8
60 120 10
60 121 8
61 122 4
61 123 6
62 124 4
62 125 5
63 126 8
63 127 6
64 128 9
64 129 5
65 130 8
65 131 6
66 132 1
66 133 8
67 134 6
67 135 5
68 136 7
68 137 10
69 138 2
69 139 7
70 140 4
70 141 2
71 142 7
71 143 3
72 144 1
72 145 6
73 146 5
73 147 8
74 148 4
74 149 3
75 150 9
75 151 7
76 152 5
76 153 4
77 154 10
77 155 1
78 156 10
78 157 2
79 158 1
79 159 6
80 160 1
80 161 6
81 162 2
81 163 9
82 164 4
82 165 3
83 166 5
83 167 5
84 168 1
84 169 8
85 170 9
85 171 9
86 172 1
86 173 7
87 174 5
87 175 7
88 176 9
88 177 6
89 178 4
89 179 9
90 180 2
90 181 2
91 182 8
91 183 10
92 184 9
92 185 3
93 186 4
93 187 7
94 188 9
94 189 7
95 190 1
95 191 2
96 192 5
96 193 8
97 194 2
97 195 2
98 196 10
98 197 2
99 198 9
99 199 2
100 200 2
