# Edges (u,v,w)
1 2 2
1 3 9
2 4 2
2 5 3
3 6 8
3 7 1
4 8 4
4 9 5
5 10 10
5 11 10
6 12 6
6 13 5
7 14 2
7 15 3
8 16 8
8 17 2
9 18 10
9 19 4
10 20 2
10 21 9
11 22 10
11 23 2
12 24 4
12 25 8
13 26 5
13 27 6
14 28 4
14 29 3
15 30 8
15 31 9
16 32 6
16 33 1
17 34 4
17 35 2
18 36 7
18 37 8
19 38 8
19 39 1
20 40 8
20 41 1
21 42 7
21 43 3
22 44 3
22 45 1
23 46 1
23 47 5
24 48 7
24 49 10
25 50 10
25 51 5
26 52 6
26 53 1
27 54 7
27 55 7
28 56 6
28 57 2
29 58 6
29 59 3
30 60 1
30 61 3
31 62 9
31 63 8
32 64 2
32 65 1
33 66 3
33 67 10
34 68 6
34 69 6
35 70 3
35 71 3
36 72 2
36 73 8
37 74 6
37 75 1
38 76 7
38 77 2
39 78 6
39 79 7
40 80 6
40 81 6
41 82 1
41 83 8
42 84 1
42 85 2
43 86 3
43 87 3
44 88 3
44 89 10
45 90 4
45 91 4
46 92 1
46 93 8
47 94 8
47 95 4
48 96 7
48 97 3
49 98 3
49 99 7
50 100 5
50 101 3
51 102 8
51 103 5
52 104 8
52 105 3
53 106 4
53 107 1
54 108 1
54 109 9
55 110 6
55 111 6
56 112 4
56 113 6
57 114 10
57 115 3
58 116 7
58 117 5
59 118 5
59 119 8
60 120 10
60 121 9
61 122 2
61 123 3
62 124 9
62 125 10
63 126 3
63 127 10
64 128 5
64 129 5
65 130 7
65 131 6
66 132 9
66 133 1
67 134 3
67 135 4
68 136 1
68 137 1
69 138 1
69 139 9
70 140 5
70 141 6
71 142 8
71 143 2
72 144 10
72 145 6
73 146 9
73 147 1
74 148 9
74 149 9
75 150 6
75 151 1
76 152 9
76 153 3
77 154 9
77 155 2
78 156 10
78 157 9
79 158 4
79 159 4
80 160 8
80 161 6
81 162 10
81 163 4
82 164 9
82 165 5
83 166 7
83 167 1
84 168 6
84 169 10
85 170 6
85 171 6
86 172 5
86 173 4
87 174 6
87 175 2
88 176 2
88 177 3
89 178 1
89 179 10
90 180 3
90 181 1
91 182 3
91 183 7
92 184 8
92 185 8
93 186 7
93 187 1
94 188 1
94 189 9
95 190 10
95 191 9
96 192 2
96 193 7
97 194 1
97 195 5
98 196 3
98 197 10
99 198 2
99 199 3
100 200 8
