# Edges (u,v,w)
1 2 5
1 3 9
2 4 3
2 5 10
3 6 10
3 7 3
4 8 9
4 9 6
5 10 10
5 11 6
6 12 10
6 13 8
7 14 8
7 15 9
8 16 4
8 17 7
9 18 5
9 19 10
10 20 9
10 21 8
11 22 1
11 23 9
12 24 3
12 25 8
13 26 2
13 27 1
14 28 7
14 29 8
15 30 3
15 31 7
16 32 9
16 33 6
17 34 9
17 35 10
18 36 9
18 37 9
19 38 4
19 39 8
20 40 9
20 41 8
21 42 3
21 43 5
22 44 10
22 45 5
23 46 1
23 47 6
24 48 5
24 49 1
25 50 3
25 51 6
26 52 3
26 53 6
27 54 2
27 55 8
28 56 3
28 57 10
29 58 5
29 59 8
30 60 7
30 61 7
31 62 8
31 63 6
32 64 4
32 65 10
33 66 10
33 67 9
34 68 10
34 69 7
35 70 10
35 71 8
36 72 3
36 73 4
37 74 4
37 75 8
38 76 7
38 77 6
39 78 2
39 79 3
40 80 8
40 81 7
41 82 3
41 83 10
42 84 4
42 85 10
43 86 3
43 87 8
44 88 4
44 89 7
45 90 6
45 91 4
46 92 10
46 93 2
47 94 2
47 95 1
48 96 2
48 97 10
49 98 2
49 99 5
50 100 9
50 101 6
51 102 9
51 103 1
52 104 1
52 105 2
53 106 5
53 107 4
54 108 10
54 109 1
55 110 10
55 111 2
56 112 2
56 113 6
57 114 8
57 115 1
58 116 3
58 117 6
59 118 10
59 119 1
60 120 2
60 121 2
61 122 2
61 123 10
62 124 1
62 125 5
63 126 10
63 127 6
64 128 5
64 129 4
65 130 6
65 131 8
66 132 4
66 133 3
67 134 5
67 135 5
68 136 1
68 137 3
69 138 7
69 139 10
70 140 4
70 141 8
71 142 10
71 143 7
72 144 4
72 145 10
73 146 9
73 147 1
74 148 5
74 149 6
75 150 7
75 151 1
76 152 10
76 153 2
77 154 7
77 155 8
78 156 9
78 157 6
79 158 2
79 159 10
80 160 4
80 161 6
81 162 6
81 163 3
82 164 6
82 165 3
83 166 7
83 167 3
84 168 9
84 169 3
85 170 5
85 171 7
86 172 10
86 173 2
87 174 1
87 175 6
88 176 5
88 177 1
89 178 2
89 179 1
90 180 5
90 181 1
91 182 4
91 183 7
92 184 10
92 185 4
93 186 9
93 187 6
94 188 6
94 189 2
95 190 4
95 191 10
96 192 6
96 193 2
97 194 10
97 195 10
98 196 6
98 197 3
99 198 2
99 199 5
100 200 7
