# Edges (u,v,w)
1 2 10
1 3 1
2 4 4
2 5 1
3 6 7
3 7 3
4 8 6
4 9 9
5 10 5
5 11 10
6 12 3
6 13 2
7 14 6
7 15 3
8 16 10
8 17 3
9 18 4
9 19 6
10 20 9
10 21 10
11 22 7
11 23 2
12 24 3
12 25 5
13 26 7
13 27 5
14 28 8
14 29 7
15 30 8
15 31 1
16 32 3
16 33 10
17 34 6
17 35 5
18 36 4
18 37 2
19 38 4
19 39 9
20 40 3
20 41 3
21 42 8
21 43 3
22 44 2
22 45 6
23 46 5
23 47 1
24 48 3
24 49 4
25 50 4
25 51 3
26 52 10
26 53 4
27 54 3
27 55 8
28 56 2
28 57 6
29 58 6
29 59 5
30 60 2
30 61 3
31 62 1
31 63 10
32 64 6
32 65 5
33 66 5
33 67 4
34 68 5
34 69 2
35 70 6
35 71 3
36 72 3
36 73 2
37 74 8
37 75 4
38 76 5
38 77 5
39 78 7
39 79 9
40 80 9
40 81 2
41 82 9
41 83 3
42 84 9
42 85 2
43 86 5
43 87 9
44 88 10
44 89 8
45 90 4
45 91 7
46 92 2
46 93 10
47 94 6
47 95 10
48 96 1
48 97 5
49 98 5
49 99 10
50 100 5
50 101 5
51 102 7
51 103 8
52 104 9
52 105 9
53 106 7
53 107 5
54 108 2
54 109 10
55 110 8
55 111 4
56 112 6
56 113 4
57 114 1
57 115 1
58 116 8
58 117 3
59 118 9
59 119 6
60 120 5
60 121 2
61 122 9
61 123 4
62 124 2
62 125 9
63 126 9
63 127 6
64 128 5
64 129 10
65 130 4
65 131 8
66 132 10
66 133 4
67 134 7
67 135 8
68 136 8
68 137 3
69 138 2
69 139 1
70 140 3
70 141 3
71 142 4
71 143 4
72 144 10
72 145 9
73 146 8
73 147 9
74 148 5
74 149 10
75 150 9
75 151 9
76 152 7
76 153 8
77 154 10
77 155 4
78 156 4
78 157 10
79 158 7
79 159 2
80 160 9
80 161 5
81 162 9
81 163 10
82 164 5
82 165 9
83 166 9
83 167 4
84 168 5
84 169 5
85 170 6
85 171 8
86 172 8
86 173 9
87 174 10
87 175 7
88 176 3
88 177 8
89 178 10
89 179 8
90 180 9
90 181 2
91 182 4
91 183 6
92 184 1
92 185 6
93 186 7
93 187 6
94 188 2
94 189 10
95 190 1
95 191 9
96 192 10
96 193 10
97 194 7
97 195 10
98 196 10
98 197 7
99 198 6
99 199 4
100 200 10
