# Edges (u,v,w)
1 2 2
1 3 6
2 4 7
2 5 5
3 6 10
3 7 10
4 8 3
4 9 8
5 10 10
5 11 8
6 12 7
6 13 7
7 14 6
7 15 10
8 16 1
8 17 9
9 18 8
9 19 3
10 20 7
10 21 5
11 22 9
11 23 5
12 24 5
12 25 6
13 26 6
13 27 8
14 28 9
14 29 6
15 30 3
15 31 10
16 32 4
16 33 10
17 34 9
17 35 3
18 36 8
18 37 8
19 38 2
19 39 9
20 40 3
20 41 1
21 42 4
21 43 6
22 44 4
22 45 4
23 46 8
23 47 3
24 48 1
24 49 9
25 50 10
25 51 5
26 52 2
26 53 5
27 54 5
27 55 2
28 56 6
28 57 5
29 58 4
29 59 6
30 60 5
30 61 1
31 62 5
31 63 4
32 64 5
32 65 2
33 66 2
33 67 3
34 68 7
34 69 3
35 70 7
35 71 6
36 72 10
36 73 2
37 74 1
37 75 5
38 76 10
38 77 3
39 78 10
39 79 5
40 80 10
40 81 1
41 82 10
41 83 7
42 84 10
42 85 7
43 86 1
43 87 7
44 88 9
44 89 7
45 90 6
45 91 4
46 92 1
46 93 8
47 94 2
47 95 1
48 96 4
48 97 8
49 98 10
49 99 6
50 100 3
50 101 3
51 102 2
51 103 2
52 104 6
52 105 5
53 106 2
53 107 8
54 108 7
54 109 2
55 110 1
55 111 1
56 112 7
56 113 3
57 114 9
57 115 2
58 116 1
58 117 6
59 118 3
59 119 9
60 120 10
60 121 2
61 122 9
61 123 10
62 124 9
62 125 6
63 126 3
63 127 5
64 128 4
64 129 6
65 130 8
65 131 4
66 132 2
66 133 3
67 134 1
67 135 1
68 136 8
68 137 10
69 138 8
69 139 3
70 140 7
70 141 8
71 142 3
71 143 7
72 144 3
72 145 6
73 146 9
73 147 3
74 148 10
74 149 2
75 150 2
75 151 1
76 152 1
76 153 1
77 154 7
77 155 8
78 156 5
78 157 9
79 158 5
79 159 10
80 160 5
80 161 5
81 162 3
81 163 3
82 164 1
82 165 7
83 166 8
83 167 9
84 168 7
84 169 8
85 170 9
85 171 10
86 172 2
86 173 10
87 174 6
87 175 3
88 176 4
88 177 6
89 178 9
89 179 6
90 180 4
90 181 3
91 182 8
91 183 4
92 184 6
92 185 2
93 186 10
93 187 3
94 188 2
94 189 6
95 190 4
95 191 7
96 192 4
96 193 2
97 194 10
97 195 1
98 196 5
98 197 10
99 198 10
99 199 1
100 200 6
