# Edges (u,v,w)
1 2 9
1 3 5
2 4 8
2 5 4
3 6 7
3 7 2
4 8 2
4 9 6
5 10 9
5 11 6
6 12 7
6 13 3
7 14 1
7 15 9
8 16 6
8 17 8
9 18 2
9 19 9
10 20 1
10 21 3
11 22 8
11 23 10
12 24 6
12 25 2
13 26 6
13 27 7
14 28 2
14 29 8
15 30 5
15 31 7
16 32 2
16 33 10
17 34 9
17 35 1
18 36 1
18 37 4
19 38 8
19 39 6
20 40 6
20 41 8
21 42 9
21 43 10
22 44 5
22 45 10
23 46 1
23 47 10
24 48 5
24 49 3
25 50 10
25 51 9
26 52 9
26 53 5
27 54 8
27 55 2
28 56 4
28 57 3
29 58 3
29 59 9
30 60 10
30 61 4
31 62 7
31 63 6
32 64 9
32 65 2
33 66 4
33 67 4
34 68 5
34 69 2
35 70 1
35 71 10
36 72 4
36 73 9
37 74 10
37 75 5
38 76 5
38 77 4
39 78 9
39 79 10
40 80 8
40 81 8
41 82 2
41 83 5
42 84 10
42 85 4
43 86 2
43 87 4
44 88 4
44 89 10
45 90 9
45 91 1
46 92 10
46 93 8
47 94 9
47 95 5
48 96 5
48 97 2
49 98 6
49 99 9
50 100 3
50 101 2
51 102 1
51 103 7
52 104 1
52 105 10
53 106 2
53 107 3
54 108 9
54 109 8
55 110 5
55 111 2
56 112 3
56 113 6
57 114 4
57 115 5
58 116 4
58 117 1
59 118 7
59 119 10
60 120 10
60 121 8
61 122 2
61 123 4
62 124 5
62 125 7
63 126 8
63 127 5
64 128 4
64 129 8
65 130 3
65 131 3
66 132 7
66 133 3
67 134 6
67 135 8
68 136 1
68 137 7
69 138 8
69 139 6
70 140 3
70 141 2
71 142 7
71 143 7
72 144 8
72 145 8
73 146 7
73 147 4
74 148 7
74 149 3
75 150 9
75 151 2
76 152 6
76 153 2
77 154 4
77 155 5
78 156 5
78 157 9
79 158 2
79 159 10
80 160 9
80 161 6
81 162 2
81 163 10
82 164 6
82 165 3
83 166 10
83 167 1
84 168 3
84 169 6
85 170 2
85 171 4
86 172 1
86 173 5
87 174 8
87 175 9
88 176 3
88 177 1
89 178 7
89 179 4
90 180 9
90 181 3
91 182 1
91 183 6
92 184 4
92 185 2
93 186 4
93 187 10
94 188 4
94 189 9
95 190 3
95 191 2
96 192 1
96 193 5
97 194 4
97 195 6
98 196 10
98 197 2
99 198 2
99 199 4
100 200 10
