# Edges (u,v,w)
1 2 10
1 3 4
2 4 5
2 5 6
3 6 1
3 7 2
4 8 1
4 9 8
5 10 1
5 11 5
6 12 6
6 13 2
7 14 8
7 15 2
8 16 5
8 17 6
9 18 2
9 19 7
10 20 2
10 21 5
11 22 3
11 23 3
12 24 8
12 25 3
13 26 4
13 27 5
14 28 7
14 29 9
15 30 8
15 31 7
16 32 4
16 33 3
17 34 6
17 35 9
18 36 4
18 37 8
19 38 5
19 39 10
20 40 10
20 41 9
21 42 7
21 43 8
22 44 8
22 45 10
23 46 2
23 47 3
24 48 3
24 49 6
25 50 2
25 51 4
26 52 5
26 53 9
27 54 9
27 55 6
28 56 2
28 57 10
29 58 9
29 59 1
30 60 10
30 61 8
31 62 1
31 63 8
32 64 1
32 65 9
33 66 1
33 67 2
34 68 2
34 69 1
35 70 8
35 71 1
36 72 7
36 73 10
37 74 10
37 75 7
38 76 10
38 77 1
39 78 6
39 79 2
40 80 4
40 81 5
41 82 10
41 83 1
42 84 10
42 85 4
43 86 5
43 87 6
44 88 2
44 89 2
45 90 4
45 91 7
46 92 3
46 93 6
47 94 9
47 95 4
48 96 6
48 97 8
49 98 5
49 99 2
50 100 6
50 101 3
51 102 5
51 103 4
52 104 7
52 105 4
53 106 1
53 107 9
54 108 4
54 109 5
55 110 6
55 111 5
56 112 6
56 113 4
57 114 1
57 115 3
58 116 6
58 117 2
59 118 5
59 119 3
60 120 6
60 121 7
61 122 1
61 123 6
62 124 1
62 125 2
63 126 10
63 127 1
64 128 2
64 129 8
65 130 5
65 131 7
66 132 4
66 133 7
67 134 1
67 135 7
68 136 8
68 137 9
69 138 4
69 139 5
70 140 1
70 141 6
71 142 3
71 143 5
72 144 4
72 145 10
73 146 4
73 147 4
74 148 2
74 149 2
75 150 6
75 151 8
76 152 5
76 153 10
77 154 10
77 155 1
78 156 7
78 157 8
79 158 3
79 159 2
80 160 10
80 161 6
81 162 10
81 163 7
82 164 7
82 165 7
83 166 3
83 167 5
84 168 7
84 169 5
85 170 5
85 171 4
86 172 2
86 173 5
87 174 3
87 175 6
88 176 2
88 177 4
89 178 5
89 179 6
90 180 2
90 181 10
91 182 8
91 183 8
92 184 10
92 185 1
93 186 9
93 187 2
94 188 7
94 189 6
95 190 10
95 191 10
96 192 8
96 193 10
97 194 3
97 195 1
98 196 2
98 197 1
99 198 3
99 199 1
100 200 7
