# Edges (u,v,w)
1 2 6
1 3 5
2 4 7
2 5 8
3 6 8
3 7 5
4 8 3
4 9 2
5 10 5
5 11 10
6 12 4
6 13 4
7 14 10
7 15 9
8 16 5
8 17 1
9 18 9
9 19 7
10 20 5
10 21 6
11 22 1
11 23 7
12 24 6
12 25 8
13 26 5
13 27 10
14 28 3
14 29 6
15 30 6
15 31 7
16 32 6
16 33 3
17 34 6
17 35 4
18 36 6
18 37 3
19 38 7
19 39 8
20 40 4
20 41 9
21 42 4
21 43 3
22 44 8
22 45 6
23 46 4
23 47 3
24 48 8
24 49 5
25 50 1
25 51 2
26 52 5
26 53 6
27 54 8
27 55 9
28 56 2
28 57 1
29 58 4
29 59 3
30 60 7
30 61 4
31 62 6
31 63 10
32 64 8
32 65 6
33 66 9
33 67 1
34 68 6
34 69 2
35 70 2
35 71 5
36 72 7
36 73 1
37 74 10
37 75 6
38 76 6
38 77 3
39 78 9
39 79 5
40 80 4
40 81 7
41 82 8
41 83 9
42 84 5
42 85 8
43 86 6
43 87 5
44 88 3
44 89 4
45 90 10
45 91 5
46 92 2
46 93 2
47 94 9
47 95 6
48 96 5
48 97 9
49 98 6
49 99 6
50 100 8
50 101 5
51 102 5
51 103 2
52 104 6
52 105 7
53 106 8
53 107 2
54 108 2
54 109 6
55 110 3
55 111 10
56 112 2
56 113 7
57 114 6
57 115 4
58 116 8
58 117 10
59 118 8
59 119 8
60 120 7
60 121 9
61 122 3
61 123 5
62 124 1
62 125 5
63 126 6
63 127 10
64 128 2
64 129 8
65 130 8
65 131 7
66 132 10
66 133 4
67 134 1
67 135 2
68 136 9
68 137 10
69 138 8
69 139 5
70 140 10
70 141 6
71 142 7
71 143 10
72 144 4
72 145 3
73 146 2
73 147 6
74 148 5
74 149 3
75 150 3
75 151 6
76 152 2
76 153 6
77 154 5
77 155 4
78 156 7
78 157 9
79 158 5
79 159 1
80 160 9
80 161 5
81 162 8
81 163 7
82 164 2
82 165 4
83 166 5
83 167 4
84 168 5
84 169 2
85 170 1
85 171 6
86 172 2
86 173 2
87 174 1
87 175 9
88 176 5
88 177 8
89 178 2
89 179 7
90 180 5
90 181 7
91 182 2
91 183 7
92 184 7
92 185 6
93 186 5
93 187 9
94 188 10
94 189 2
95 190 3
95 191 1
96 192 8
96 193 7
97 194 10
97 195 3
98 196 5
98 197 4
99 198 1
99 199 2
100 200 5
