# Edges (u,v,w)
1 2 10
1 3 9
2 4 4
2 5 2
3 6 2
3 7 7
4 8 8
4 9 5
5 10 9
5 11 5
6 12 9
6 13 3
7 14 4
7 15 5
8 16 1
8 17 7
9 18 4
9 19 10
10 20 6
10 21 6
11 22 4
11 23 3
12 24 2
12 25 10
13 26 4
13 27 8
14 28 8
14 29 5
15 30 3
15 31 1
16 32 7
16 33 9
17 34 3
17 35 10
18 36 4
18 37 6
19 38 5
19 39 6
20 40 8
20 41 1
21 42 6
21 43 9
22 44 5
22 45 9
23 46 6
23 47 10
24 48 1
24 49 8
25 50 4
25 51 7
26 52 7
26 53 5
27 54 10
27 55 8
28 56 7
28 57 5
29 58 3
29 59 9
30 60 4
30 61 3
31 62 8
31 63 4
32 64 1
32 65 6
33 66 2
33 67 7
34 68 6
34 69 8
35 70 2
35 71 6
36 72 5
36 73 10
37 74 10
37 75 9
38 76 5
38 77 6
39 78 10
39 79 1
40 80 3
40 81 1
41 82 1
41 83 9
42 84 8
42 85 8
43 86 10
43 87 6
44 88 5
44 89 9
45 90 4
45 91 1
46 92 3
46 93 6
47 94 9
47 95 1
48 96 7
48 97 1
49 98 7
49 99 3
50 100 1
50 101 2
51 102 9
51 103 1
52 104 4
52 105 6
53 106 9
53 107 9
54 108 7
54 109 10
55 110 3
55 111 6
56 112 1
56 113 4
57 114 3
57 115 8
58 116 2
58 117 3
59 118 9
59 119 9
60 120 6
60 121 9
61 122 5
61 123 2
62 124 9
62 125 3
63 126 3
63 127 6
64 128 7
64 129 9
65 130 10
65 131 5
66 132 9
66 133 1
67 134 5
67 135 9
68 136 10
68 137 10
69 138 1
69 139 1
70 140 5
70 141 5
71 142 4
71 143 4
72 144 7
72 145 1
73 146 8
73 147 3
74 148 3
74 149 8
75 150 9
75 151 9
76 152 8
76 153 10
77 154 2
77 155 2
78 156 7
78 157 3
79 158 1
79 159 3
80 160 3
80 161 1
81 162 10
81 163 8
82 164 5
82 165 3
83 166 1
83 167 3
84 168 4
84 169 8
85 170 7
85 171 3
86 172 5
86 173 2
87 174 5
87 175 5
88 176 7
88 177 9
89 178 5
89 179 4
90 180 10
90 181 10
91 182 6
91 183 3
92 184 2
92 185 6
93 186 7
93 187 8
94 188 8
94 189 3
95 190 9
95 191 10
96 192 1
96 193 1
97 194 9
97 195 3
98 196 8
98 197 1
99 198 3
99 199 10
100 200 5
