# Edges (u,v,w)
1 2 7
1 3 6
2 4 7
2 5 4
3 6 3
3 7 3
4 8 1
4 9 1
5 10 7
5 11 6
6 12 1
6 13 3
7 14 9
7 15 3
8 16 8
8 17 2
9 18 10
9 19 2
10 20 2
10 21 3
11 22 6
11 23 7
12 24 10
12 25 5
13 26 9
13 27 4
14 28 3
14 29 5
15 30 5
15 31 2
16 32 4
16 33 7
17 34 8
17 35 10
18 36 4
18 37 3
19 38 3
19 39 10
20 40 2
20 41 4
21 42 3
21 43 8
22 44 10
22 45 7
23 46 2
23 47 8
24 48 3
24 49 3
25 50 7
25 51 1
26 52 4
26 53 6
27 54 8
27 55 9
28 56 5
28 57 3
29 58 8
29 59 9
30 60 6
30 61 10
31 62 9
31 63 8
32 64 9
32 65 8
33 66 10
33 67 3
34 68 5
34 69 10
35 70 6
35 71 6
36 72 8
36 73 10
37 74 7
37 75 5
38 76 4
38 77 5
39 78 5
39 79 5
40 80 1
40 81 6
41 82 5
41 83 5
42 84 1
42 85 2
43 86 7
43 87 4
44 88 1
44 89 3
45 90 7
45 91 10
46 92 6
46 93 5
47 94 7
47 95 6
48 96 9
48 97 2
49 98 6
49 99 3
50 100 2
50 101 1
51 102 4
51 103 5
52 104 5
52 105 8
53 106 4
53 107 3
54 108 6
54 109 1
55 110 4
55 111 5
56 112 10
56 113 6
57 114 9
57 115 1
58 116 3
58 117 4
59 118 1
59 119 7
60 120 10
60 121 4
61 122 2
61 123 7
62 124 7
62 125 9
63 126 2
63 127 2
64 128 7
64 129 2
65 130 6
65 131 4
66 132 1
66 133 3
67 134 5
67 135 1
68 136 6
68 137 5
69 138 10
69 139 9
70 140 8
70 141 4
71 142 4
71 143 3
72 144 10
72 145 10
73 146 9
73 147 5
74 148 10
74 149 3
75 150 8
75 151 4
76 152 9
76 153 6
77 154 4
77 155 4
78 156 3
78 157 3
79 158 5
79 159 8
80 160 1
80 161 3
81 162 1
81 163 2
82 164 1
82 165 9
83 166 9
83 167 5
84 168 6
84 169 5
85 170 8
85 171 9
86 172 7
86 173 5
87 174 4
87 175 3
88 176 3
88 177 7
89 178 7
89 179 10
90 180 10
90 181 6
91 182 5
91 183 8
92 184 7
92 185 7
93 186 9
93 187 5
94 188 2
94 189 9
95 190 7
95 191 5
96 192 9
96 193 8
97 194 10
97 195 6
98 196 8
98 197 5
99 198 5
99 199 8
100 200 6
