# Edges (u,v,w)
1 2 10
1 3 6
2 4 6
2 5 3
3 6 9
3 7 7
4 8 9
4 9 5
5 10 5
5 11 1
6 12 7
6 13 7
7 14 1
7 15 1
8 16 10
8 17 8
9 18 7
9 19 7
10 20 1
10 21 9
11 22 3
11 23 2
12 24 9
12 25 6
13 26 3
13 27 5
14 28 7
14 29 3
15 30 3
15 31 10
16 32 7
16 33 4
17 34 10
17 35 2
18 36 9
18 37 9
19 38 9
19 39 8
20 40 5
20 41 10
21 42 8
21 43 7
22 44 2
22 45 4
23 46 2
23 47 7
24 48 6
24 49 1
25 50 1
25 51 7
26 52 6
26 53 1
27 54 3
27 55 3
28 56 3
28 57 5
29 58 1
29 59 2
30 60 1
30 61 3
31 62 9
31 63 6
32 64 5
32 65 8
33 66 8
33 67 1
34 68 1
34 69 10
35 70 3
35 71 5
36 72 9
36 73 6
37 74 8
37 75 1
38 76 8
38 77 7
39 78 1
39 79 2
40 80 7
40 81 10
41 82 3
41 83 4
42 84 4
42 85 3
43 86 4
43 87 7
44 88 6
44 89 9
45 90 4
45 91 7
46 92 8
46 93 10
47 94 8
47 95 5
48 96 3
48 97 5
49 98 2
49 99 10
50 100 10
50 101 10
51 102 5
51 103 10
52 104 8
52 105 9
53 106 7
53 107 10
54 108 9
54 109 9
55 110 4
55 111 2
56 112 2
56 113 8
57 114 10
57 115 1
58 116 6
58 117 6
59 118 4
59 119 4
60 120 10
60 121 4
61 122 2
61 123 4
62 124 2
62 125 3
63 126 8
63 127 3
64 128 3
64 129 4
65 130 2
65 131 3
66 132 8
66 133 1
67 134 5
67 135 1
68 136 1
68 137 6
69 138 5
69 139 5
70 140 1
70 141 2
71 142 6
71 143 8
72 144 7
72 145 7
73 146 10
73 147 1
74 148 7
74 149 7
75 150 2
75 151 9
76 152 2
76 153 4
77 154 4
77 155 6
78 156 1
78 157 9
79 158 5
79 159 8
80 160 5
80 161 5
81 162 1
81 163 10
82 164 2
82 165 7
83 166 4
83 167 3
84 168 8
84 169 7
85 170 5
85 171 3
86 172 1
86 173 10
87 174 10
87 175 10
88 176 2
88 177 6
89 178 5
89 179 10
90 180 1
90 181 10
91 182 1
91 183 8
92 184 6
92 185 6
93 186 8
93 187 3
94 188 3
94 189 6
95 190 9
95 191 10
96 192 6
96 193 2
97 194 1
97 195 1
98 196 10
98 197 2
99 198 6
99 199 6
100 200 3
