# Edges (u,v,w)
1 2 6
1 3 9
2 4 7
2 5 3
3 6 1
3 7 9
4 8 4
4 9 1
5 10 4
5 11 9
6 12 4
6 13 6
7 14 1
7 15 4
8 16 10
8 17 8
9 18 10
9 19 8
10 20 7
10 21 7
11 22 8
11 23 5
12 24 4
12 25 8
13 26 6
13 27 5
14 28 1
14 29 10
15 30 7
15 31 10
16 32 1
16 33 6
17 34 9
17 35 1
18 36 6
18 37 5
19 38 1
19 39 7
20 40 9
20 41 10
21 42 2
21 43 5
22 44 8
22 45 6
23 46 10
23 47 4
24 48 5
24 49 1
25 50 5
25 51 3
26 52 2
26 53 8
27 54 7
27 55 9
28 56 10
28 57 4
29 58 1
29 59 8
30 60 6
30 61 7
31 62 6
31 63 2
32 64 5
32 65 9
33 66 5
33 67 6
34 68 6
34 69 3
35 70 5
35 71 10
36 72 1
36 73 7
37 74 8
37 75 2
38 76 9
38 77 7
39 78 7
39 79 9
40 80 10
40 81 6
41 82 2
41 83 7
42 84 4
42 85 6
43 86 8
43 87 10
44 88 6
44 89 6
45 90 9
45 91 7
46 92 8
46 93 5
47 94 8
47 95 4
48 96 9
48 97 5
49 98 5
49 99 9
50 100 5
50 101 8
51 102 10
51 103 5
52 104 7
52 105 6
53 106 8
53 107 6
54 108 1
54 109 1
55 110 1
55 111 4
56 112 3
56 113 6
57 114 10
57 115 7
58 116 9
58 117 7
59 118 9
59 119 4
60 120 4
60 121 3
61 122 6
61 123 3
62 124 5
62 125 3
63 126 3
63 127 4
64 128 7
64 129 2
65 130 9
65 131 7
66 132 7
66 133 3
67 134 6
67 135 2
68 136 6
68 137 9
69 138 1
69 139 5
70 140 1
70 141 5
71 142 8
71 143 8
72 144 9
72 145 2
73 146 9
73 147 2
74 148 9
74 149 9
75 150 9
75 151 1
76 152 6
76 153 6
77 154 8
77 155 3
78 156 9
78 157 10
79 158 5
79 159 9
80 160 6
80 161 8
81 162 6
81 163 1
82 164 2
82 165 9
83 166 10
83 167 1
84 168 7
84 169 1
85 170 3
85 171 4
86 172 10
86 173 4
87 174 7
87 175 10
88 176 5
88 177 4
89 178 8
89 179 3
90 180 7
90 181 6
91 182 6
91 183 1
92 184 3
92 185 8
93 186 3
93 187 4
94 188 4
94 189 3
95 190 10
95 191 9
96 192 8
96 193 3
97 194 9
97 195 7
98 196 7
98 197 1
99 198 8
99 199 7
100 200 1
