# Edges (u,v,w)
1 2 9
1 3 7
2 4 6
2 5 4
3 6 3
3 7 1
4 8 7
4 9 10
5 10 8
5 11 1
6 12 10
6 13 9
7 14 7
7 15 4
8 16 1
8 17 9
9 18 10
9 19 9
10 20 5
10 21 8
11 22 3
11 23 3
12 24 3
12 25 10
13 26 8
13 27 4
14 28 10
14 29 1
15 30 5
15 31 5
16 32 10
16 33 1
17 34 9
17 35 6
18 36 3
18 37 9
19 38 8
19 39 4
20 40 7
20 41 1
21 42 1
21 43 7
22 44 7
22 45 7
23 46 7
23 47 4
24 48 1
24 49 5
25 50 10
25 51 7
26 52 7
26 53 10
27 54 5
27 55 9
28 56 4
28 57 4
29 58 9
29 59 7
30 60 4
30 61 10
31 62 8
31 63 10
32 64 4
32 65 3
33 66 7
33 67 10
34 68 2
34 69 7
35 70 7
35 71 9
36 72 2
36 73 1
37 74 2
37 75 9
38 76 10
38 77 6
39 78 4
39 79 4
40 80 8
40 81 7
41 82 4
41 83 5
42 84 5
42 85 10
43 86 10
43 87 1
44 88 2
44 89 9
45 90 2
45 91 10
46 92 3
46 93 8
47 94 2
47 95 10
48 96 7
48 97 8
49 98 5
49 99 1
50 100 9
50 101 5
51 102 3
51 103 10
52 104 3
52 105 3
53 106 8
53 107 6
54 108 7
54 109 8
55 110 9
55 111 3
56 112 10
56 113 2
57 114 1
57 115 8
58 116 1
58 117 9
59 118 7
59 119 3
60 120 3
60 121 8
61 122 8
61 123 3
62 124 8
62 125 7
63 126 9
63 127 4
64 128 1
64 129 8
65 130 6
65 131 6
66 132 9
66 133 9
67 134 1
67 135 5
68 136 1
68 137 5
69 138 3
69 139 6
70 140 9
70 141 3
71 142 7
71 143 5
72 144 5
72 145 8
73 146 6
73 147 1
74 148 8
74 149 10
75 150 3
75 151 2
76 152 2
76 153 6
77 154 6
77 155 5
78 156 2
78 157 3
79 158 2
79 159 2
80 160 6
80 161 9
81 162 4
81 163 8
82 164 2
82 165 4
83 166 7
83 167 10
84 168 8
84 169 3
85 170 10
85 171 6
86 172 2
86 173 1
87 174 3
87 175 1
88 176 7
88 177 7
89 178 4
89 179 9
90 180 4
90 181 9
91 182 6
91 183 9
92 184 5
92 185 1
93 186 10
93 187 4
94 188 6
94 189 2
95 190 10
95 191 5
96 192 7
96 193 4
97 194 4
97 195 7
98 196 3
98 197 1
99 198 8
99 199 5
100 200 3
