# Edges (u,v,w)
1 2 5
1 3 1
2 4 9
2 5 8
3 6 9
3 7 6
4 8 1
4 9 4
5 10 2
5 11 3
6 12 8
6 13 6
7 14 6
7 15 7
8 16 8
8 17 9
9 18 2
9 19 6
10 20 2
10 21 4
11 22 7
11 23 3
12 24 4
12 25 7
13 26 8
13 27 6
14 28 3
14 29 10
15 30 7
15 31 1
16 32 2
16 33 3
17 34 7
17 35 1
18 36 7
18 37 5
19 38 3
19 39 7
20 40 5
20 41 10
21 42 7
21 43 2
22 44 10
22 45 3
23 46 2
23 47 10
24 48 10
24 49 4
25 50 4
25 51 8
26 52 1
26 53 1
27 54 9
27 55 10
28 56 1
28 57 1
29 58 5
29 59 9
30 60 6
30 61 8
31 62 5
31 63 10
32 64 7
32 65 5
33 66 8
33 67 6
34 68 1
34 69 10
35 70 9
35 71 5
36 72 7
36 73 10
37 74 10
37 75 3
38 76 9
38 77 8
39 78 10
39 79 1
40 80 9
40 81 8
41 82 7
41 83 8
42 84 7
42 85 2
43 86 6
43 87 9
44 88 7
44 89 7
45 90 6
45 91 1
46 92 5
46 93 7
47 94 6
47 95 5
48 96 6
48 97 2
49 98 6
49 99 9
50 100 4
50 101 5
51 102 7
51 103 9
52 104 9
52 105 7
53 106 8
53 107 2
54 108 5
54 109 7
55 110 10
55 111 5
56 112 7
56 113 9
57 114 8
57 115 10
58 116 3
58 117 7
59 118 6
59 119 8
60 120 5
60 121 7
61 122 3
61 123 6
62 124 8
62 125 10
63 126 9
63 127 4
64 128 10
64 129 10
65 130 7
65 131 2
66 132 7
66 133 3
67 134 9
67 135 9
68 136 4
68 137 4
69 138 3
69 139 8
70 140 7
70 141 10
71 142 2
71 143 9
72 144 9
72 145 4
73 146 1
73 147 7
74 148 1
74 149 10
75 150 5
75 151 6
76 152 5
76 153 9
77 154 9
77 155 10
78 156 4
78 157 5
79 158 7
79 159 1
80 160 4
80 161 3
81 162 3
81 163 2
82 164 2
82 165 4
83 166 4
83 167 2
84 168 9
84 169 9
85 170 3
85 171 7
86 172 5
86 173 4
87 174 7
87 175 3
88 176 1
88 177 1
89 178 3
89 179 8
90 180 2
90 181 8
91 182 7
91 183 7
92 184 7
92 185 4
93 186 6
93 187 5
94 188 1
94 189 1
95 190 3
95 191 8
96 192 10
96 193 2
97 194 4
97 195 7
98 196 6
98 197 9
99 198 9
99 199 6
100 200 9
