# Edges (u,v,w)
1 2 6
1 3 4
2 4 4
2 5 10
3 6 6
3 7 6
4 8 5
4 9 2
5 10 6
5 11 8
6 12 9
6 13 5
7 14 7
7 15 8
8 16 7
8 17 4
9 18 10
9 19 10
10 20 5
10 21 6
11 22 3
11 23 8
12 24 10
12 25 9
13 26 4
13 27 7
14 28 6
14 29 5
15 30 6
15 31 9
16 32 6
16 33 6
17 34 9
17 35 5
18 36 1
18 37 4
19 38 6
19 39 4
20 40 4
20 41 6
21 42 9
21 43 1
22 44 8
22 45 5
23 46 2
23 47 8
24 48 6
24 49 9
25 50 8
25 51 10
26 52 10
26 53 7
27 54 6
27 55 4
28 56 2
28 57 2
29 58 5
29 59 7
30 60 5
30 61 1
31 62 3
31 63 6
32 64 10
32 65 4
33 66 5
33 67 2
34 68 6
34 69 7
35 70 4
35 71 5
36 72 9
36 73 6
37 74 9
37 75 6
38 76 6
38 77 1
39 78 6
39 79 1
40 80 10
40 81 5
41 82 5
41 83 10
42 84 4
42 85 2
43 86 9
43 87 10
44 88 2
44 89 1
45 90 7
45 91 2
46 92 1
46 93 9
47 94 4
47 95 3
48 96 8
48 97 9
49 98 8
49 99 6
50 100 1
50 101 5
51 102 5
51 103 10
52 104 10
52 105 8
53 106 7
53 107 5
54 108 5
54 109 2
55 110 7
55 111 2
56 112 7
56 113 7
57 114 1
57 115 7
58 116 5
58 117 5
59 118 9
59 119 8
60 120 9
60 121 8
61 122 4
61 123 2
62 124 3
62 125 9
63 126 3
63 127 7
64 128 1
64 129 9
65 130 3
65 131 8
66 132 5
66 133 1
67 134 5
67 135 4
68 136 10
68 137 6
69 138 3
69 139 3
70 140 6
70 141 10
71 142 6
71 143 2
72 144 5
72 145 10
73 146 1
73 147 6
74 148 4
74 149 7
75 150 10
75 151 5
76 152 7
76 153 6
77 154 2
77 155 8
78 156 6
78 157 6
79 158 8
79 159 10
80 160 3
80 161 10
81 162 2
81 163 10
82 164 5
82 165 10
83 166 2
83 167 10
84 168 5
84 169 10
85 170 2
85 171 1
86 172 1
86 173 7
87 174 4
87 175 8
88 176 6
88 177 10
89 178 6
89 179 9
90 180 3
90 181 10
91 182 8
91 183 3
92 184 5
92 185 7
93 186 2
93 187 7
94 188 6
94 189 9
95 190 10
95 191 7
96 192 3
96 193 4
97 194 2
97 195 8
98 196 6
98 197 1
99 198 9
99 199 6
100 200 1
