# Edges (u,v,w)
1 2 4
1 3 6
2 4 6
2 5 4
3 6 9
3 7 8
4 8 5
4 9 9
5 10 7
5 11 2
6 12 10
6 13 10
7 14 7
7 15 8
8 16 7
8 17 10
9 18 2
9 19 3
10 20 5
10 21 9
11 22 6
11 23 9
12 24 10
12 25 9
13 26 4
13 27 3
14 28 10
14 29 6
15 30 2
15 31 7
16 32 3
16 33 3
17 34 1
17 35 6
18 36 6
18 37 7
19 38 5
19 39 9
20 40 2
20 41 7
21 42 5
21 43 1
22 44 7
22 45 8
23 46 6
23 47 4
24 48 2
24 49 6
25 50 9
25 51 1
26 52 3
26 53 8
27 54 9
27 55 4
28 56 8
28 57 4
29 58 8
29 59 10
30 60 5
30 61 10
31 62 10
31 63 1
32 64 2
32 65 1
33 66 9
33 67 9
34 68 5
34 69 1
35 70 1
35 71 1
36 72 10
36 73 10
37 74 2
37 75 3
38 76 7
38 77 10
39 78 5
39 79 9
40 80 8
40 81 4
41 82 3
41 83 5
42 84 8
42 85 3
43 86 6
43 87 5
44 88 3
44 89 8
45 90 2
45 91 7
46 92 10
46 93 6
47 94 1
47 95 5
48 96 7
48 97 3
49 98 4
49 99 7
50 100 1
50 101 10
51 102 7
51 103 9
52 104 1
52 105 1
53 106 2
53 107 10
54 108 1
54 109 3
55 110 10
55 111 1
56 112 2
56 113 1
57 114 8
57 115 3
58 116 3
58 117 3
59 118 8
59 119 9
60 120 3
60 121 7
61 122 5
61 123 4
62 124 5
62 125 6
63 126 5
63 127 2
64 128 6
64 129 3
65 130 6
65 131 6
66 132 2
66 133 2
67 134 8
67 135 1
68 136 4
68 137 3
69 138 1
69 139 6
70 140 9
70 141 6
71 142 1
71 143 4
72 144 1
72 145 3
73 146 7
73 147 6
74 148 3
74 149 5
75 150 4
75 151 3
76 152 9
76 153 4
77 154 7
77 155 5
78 156 2
78 157 8
79 158 2
79 159 10
80 160 9
80 161 1
81 162 5
81 163 9
82 164 5
82 165 5
83 166 10
83 167 8
84 168 2
84 169 5
85 170 8
85 171 1
86 172 4
86 173 5
87 174 9
87 175 5
88 176 4
88 177 7
89 178 4
89 179 4
90 180 9
90 181 3
91 182 2
91 183 7
92 184 3
92 185 3
93 186 7
93 187 6
94 188 4
94 189 3
95 190 9
95 191 10
96 192 2
96 193 9
97 194 5
97 195 5
98 196 5
98 197 10
99 198 9
99 199 9
100 200 7
