# Edges (u,v,w)
1 2 4
1 3 8
2 4 4
2 5 8
3 6 8
3 7 1
4 8 2
4 9 4
5 10 2
5 11 1
6 12 3
6 13 7
7 14 6
7 15 1
8 16 9
8 17 3
9 18 4
9 19 6
10 20 2
10 21 2
11 22 3
11 23 9
12 24 4
12 25 3
13 26 4
13 27 6
14 28 5
14 29 9
15 30 4
15 31 7
16 32 4
16 33 3
17 34 4
17 35 7
18 36 1
18 37 3
19 38 3
19 39 7
20 40 4
20 41 9
21 42 4
21 43 1
22 44 8
22 45 9
23 46 4
23 47 8
24 48 8
24 49 9
25 50 9
25 51 7
26 52 8
26 53 5
27 54 1
27 55 5
28 56 5
28 57 1
29 58 8
29 59 9
30 60 1
30 61 9
31 62 8
31 63 9
32 64 10
32 65 8
33 66 9
33 67 4
34 68 2
34 69 6
35 70 8
35 71 9
36 72 1
36 73 6
37 74 10
37 75 4
38 76 2
38 77 1
39 78 5
39 79 3
40 80 6
40 81 3
41 82 6
41 83 9
42 84 3
42 85 1
43 86 6
43 87 4
44 88 7
44 89 7
45 90 7
45 91 1
46 92 2
46 93 4
47 94 2
47 95 9
48 96 8
48 97 3
49 98 7
49 99 10
50 100 6
50 101 2
51 102 3
51 103 8
52 104 2
52 105 1
53 106 7
53 107 4
54 108 5
54 109 9
55 110 8
55 111 5
56 112 9
56 113 5
57 114 8
57 115 8
58 116 6
58 117 2
59 118 6
59 119 7
60 120 10
60 121 5
61 122 2
61 123 7
62 124 7
62 125 8
63 126 3
63 127 10
64 128 8
64 129 1
65 130 10
65 131 7
66 132 8
66 133 4
67 134 8
67 135 1
68 136 6
68 137 8
69 138 8
69 139 4
70 140 6
70 141 4
71 142 1
71 143 4
72 144 4
72 145 5
73 146 4
73 147 5
74 148 8
74 149 6
75 150 8
75 151 7
76 152 2
76 153 2
77 154 10
77 155 9
78 156 6
78 157 4
79 158 7
79 159 4
80 160 5
80 161 5
81 162 4
81 163 9
82 164 7
82 165 2
83 166 9
83 167 7
84 168 6
84 169 5
85 170 3
85 171 6
86 172 2
86 173 10
87 174 2
87 175 5
88 176 8
88 177 8
89 178 9
89 179 3
90 180 6
90 181 3
91 182 6
91 183 7
92 184 8
92 185 9
93 186 6
93 187 4
94 188 2
94 189 8
95 190 10
95 191 10
96 192 7
96 193 9
97 194 9
97 195 2
98 196 6
98 197 8
99 198 7
99 199 5
100 200 4
