# Edges (u,v,w)
1 2 7
1 3 7
2 4 6
2 5 10
3 6 5
3 7 7
4 8 7
4 9 3
5 10 4
5 11 1
6 12 8
6 13 7
7 14 5
7 15 3
8 16 7
8 17 6
9 18 8
9 19 9
10 20 10
10 21 2
11 22 6
11 23 1
12 24 9
12 25 6
13 26 10
13 27 5
14 28 8
14 29 8
15 30 8
15 31 5
16 32 8
16 33 7
17 34 6
17 35 5
18 36 4
18 37 3
19 38 10
19 39 7
20 40 4
20 41 1
21 42 5
21 43 1
22 44 6
22 45 4
23 46 9
23 47 4
24 48 5
24 49 9
25 50 5
25 51 10
26 52 7
26 53 10
27 54 3
27 55 8
28 56 2
28 57 4
29 58 10
29 59 6
30 60 1
30 61 4
31 62 9
31 63 2
32 64 3
32 65 6
33 66 7
33 67 7
34 68 9
34 69 2
35 70 6
35 71 5
36 72 10
36 73 4
37 74 2
37 75 9
38 76 6
38 77 1
39 78 4
39 79 4
40 80 10
40 81 6
41 82 9
41 83 1
42 84 6
42 85 3
43 86 7
43 87 2
44 88 8
44 89 8
45 90 9
45 91 5
46 92 3
46 93 3
47 94 6
47 95 1
48 96 8
48 97 8
49 98 3
49 99 4
50 100 9
50 101 8
51 102 8
51 103 10
52 104 7
52 105 7
53 106 7
53 107 7
54 108 3
54 109 5
55 110 10
55 111 7
56 112 4
56 113 5
57 114 9
57 115 5
58 116 3
58 117 9
59 118 1
59 119 8
60 120 8
60 121 1
61 122 9
61 123 9
62 124 8
62 125 6
63 126 9
63 127 5
64 128 2
64 129 5
65 130 1
65 131 6
66 132 1
66 133 9
67 134 10
67 135 6
68 136 3
68 137 8
69 138 8
69 139 1
70 140 7
70 141 9
71 142 8
71 143 4
72 144 5
72 145 4
73 146 2
73 147 9
74 148 6
74 149 2
75 150 6
75 151 7
76 152 8
76 153 2
77 154 9
77 155 1
78 156 6
78 157 4
79 158 9
79 159 5
80 160 7
80 161 4
81 162 5
81 163 1
82 164 3
82 165 9
83 166 9
83 167 10
84 168 1
84 169 8
85 170 4
85 171 4
86 172 8
86 173 8
87 174 4
87 175 6
88 176 4
88 177 5
89 178 7
89 179 6
90 180 7
90 181 6
91 182 3
91 183 6
92 184 4
92 185 9
93 186 1
93 187 5
94 188 2
94 189 5
95 190 5
95 191 3
96 192 10
96 193 4
97 194 9
97 195 1
98 196 6
98 197 7
99 198 10
99 199 2
100 200 8
