# Edges (u,v,w)
1 2 6
1 3 3
2 4 1
2 5 8
3 6 5
3 7 2
4 8 4
4 9 9
5 10 1
5 11 9
6 12 7
6 13 9
7 14 2
7 15 6
8 16 8
8 17 3
9 18 6
9 19 7
10 20 5
10 21 9
11 22 6
11 23 2
12 24 9
12 25 9
13 26 7
13 27 6
14 28 1
14 29 1
15 30 7
15 31 9
16 32 6
16 33 6
17 34 6
17 35 3
18 36 8
18 37 8
19 38 7
19 39 7
20 40 10
20 41 8
21 42 6
21 43 2
22 44 1
22 45 2
23 46 4
23 47 10
24 48 1
24 49 5
25 50 7
25 51 10
26 52 8
26 53 6
27 54 10
27 55 8
28 56 8
28 57 2
29 58 1
29 59 4
30 60 6
30 61 1
31 62 10
31 63 9
32 64 3
32 65 6
33 66 5
33 67 6
34 68 5
34 69 1
35 70 3
35 71 6
36 72 6
36 73 10
37 74 5
37 75 4
38 76 9
38 77 5
39 78 1
39 79 2
40 80 8
40 81 9
41 82 7
41 83 3
42 84 3
42 85 8
43 86 5
43 87 2
44 88 2
44 89 4
45 90 5
45 91 8
46 92 7
46 93 1
47 94 5
47 95 8
48 96 9
48 97 3
49 98 7
49 99 2
50 100 2
50 101 1
51 102 9
51 103 9
52 104 8
52 105 5
53 106 5
53 107 6
54 108 5
54 109 1
55 110 1
55 111 1
56 112 9
56 113 7
57 114 3
57 115 10
58 116 7
58 117 3
59 118 4
59 119 1
60 120 6
60 121 3
61 122 7
61 123 1
62 124 3
62 125 8
63 126 2
63 127 1
64 128 10
64 129 5
65 130 5
65 131 3
66 132 2
66 133 7
67 134 4
67 135 2
68 136 7
68 137 2
69 138 3
69 139 8
70 140 2
70 141 7
71 142 8
71 143 3
72 144 8
72 145 4
73 146 8
73 147 5
74 148 6
74 149 10
75 150 7
75 151 10
76 152 4
76 153 2
77 154 6
77 155 4
78 156 1
78 157 1
79 158 1
79 159 9
80 160 6
80 161 9
81 162 3
81 163 1
82 164 1
82 165 6
83 166 6
83 167 7
84 168 10
84 169 2
85 170 3
85 171 3
86 172 2
86 173 5
87 174 9
87 175 4
88 176 1
88 177 9
89 178 10
89 179 1
90 180 6
90 181 4
91 182 5
91 183 9
92 184 7
92 185 6
93 186 9
93 187 7
94 188 5
94 189 2
95 190 7
95 191 3
96 192 8
96 193 9
97 194 7
97 195 2
98 196 2
98 197 5
99 198 3
99 199 4
100 200 4
