# Edges (u,v,w)
1 2 4
1 3 7
2 4 7
2 5 7
3 6 1
3 7 8
4 8 9
4 9 4
5 10 1
5 11 3
6 12 8
6 13 6
7 14 10
7 15 7
8 16 10
8 17 3
9 18 9
9 19 8
10 20 2
10 21 9
11 22 1
11 23 9
12 24 1
12 25 6
13 26 7
13 27 2
14 28 9
14 29 6
15 30 4
15 31 7
16 32 6
16 33 9
17 34 2
17 35 1
18 36 3
18 37 9
19 38 1
19 39 7
20 40 9
20 41 4
21 42 8
21 43 10
22 44 4
22 45 9
23 46 3
23 47 3
24 48 2
24 49 2
25 50 9
25 51 7
26 52 4
26 53 10
27 54 4
27 55 7
28 56 7
28 57 10
29 58 4
29 59 3
30 60 9
30 61 3
31 62 5
31 63 6
32 64 2
32 65 4
33 66 1
33 67 1
34 68 6
34 69 10
35 70 10
35 71 1
36 72 6
36 73 4
37 74 10
37 75 7
38 76 8
38 77 6
39 78 4
39 79 3
40 80 8
40 81 1
41 82 10
41 83 5
42 84 8
42 85 8
43 86 10
43 87 10
44 88 10
44 89 1
45 90 5
45 91 5
46 92 7
46 93 8
47 94 10
47 95 4
48 96 10
48 97 7
49 98 10
49 99 3
50 100 3
50 101 10
51 102 5
51 103 6
52 104 6
52 105 8
53 106 1
53 107 8
54 108 1
54 109 1
55 110 3
55 111 9
56 112 7
56 113 1
57 114 3
57 115 5
58 116 9
58 117 4
59 118 6
59 119 9
60 120 9
60 121 5
61 122 10
61 123 7
62 124 3
62 125 3
63 126 7
63 127 9
64 128 7
64 129 10
65 130 7
65 131 1
66 132 8
66 133 6
67 134 1
67 135 10
68 136 7
68 137 9
69 138 5
69 139 9
70 140 10
70 141 6
71 142 5
71 143 4
72 144 1
72 145 3
73 146 3
73 147 9
74 148 9
74 149 5
75 150 4
75 151 9
76 152 6
76 153 1
77 154 6
77 155 8
78 156 8
78 157 7
79 158 10
79 159 1
80 160 1
80 161 6
81 162 2
81 163 8
82 164 9
82 165 7
83 166 10
83 167 2
84 168 7
84 169 4
85 170 9
85 171 1
86 172 2
86 173 5
87 174 7
87 175 8
88 176 6
88 177 3
89 178 3
89 179 3
90 180 2
90 181 10
91 182 10
91 183 8
92 184 2
92 185 5
93 186 3
93 187 4
94 188 7
94 189 9
95 190 5
95 191 10
96 192 10
96 193 7
97 194 3
97 195 6
98 196 9
98 197 8
99 198 2
99 199 6
100 200 7
