# Edges (u,v,w)
1 2 10
1 3 2
2 4 6
2 5 3
3 6 4
3 7 5
4 8 6
4 9 6
5 10 6
5 11 4
6 12 6
6 13 2
7 14 5
7 15 3
8 16 8
8 17 2
9 18 5
9 19 4
10 20 9
10 21 2
11 22 3
11 23 2
12 24 6
12 25 4
13 26 3
13 27 8
14 28 2
14 29 1
15 30 10
15 31 5
16 32 10
16 33 8
17 34 2
17 35 7
18 36 9
18 37 1
19 38 8
19 39 2
20 40 7
20 41 6
21 42 3
21 43 9
22 44 9
22 45 6
23 46 6
23 47 1
24 48 10
24 49 4
25 50 8
25 51 8
26 52 8
26 53 10
27 54 2
27 55 6
28 56 6
28 57 8
29 58 4
29 59 10
30 60 4
30 61 3
31 62 7
31 63 4
32 64 7
32 65 8
33 66 5
33 67 3
34 68 10
34 69 10
35 70 7
35 71 5
36 72 6
36 73 10
37 74 8
37 75 5
38 76 6
38 77 7
39 78 2
39 79 5
40 80 8
40 81 10
41 82 8
41 83 7
42 84 3
42 85 1
43 86 9
43 87 1
44 88 3
44 89 10
45 90 9
45 91 4
46 92 3
46 93 8
47 94 2
47 95 10
48 96 5
48 97 9
49 98 10
49 99 2
50 100 1
50 101 7
51 102 3
51 103 10
52 104 1
52 105 2
53 106 5
53 107 4
54 108 5
54 109 3
55 110 3
55 111 5
56 112 10
56 113 6
57 114 3
57 115 8
58 116 7
58 117 2
59 118 10
59 119 1
60 120 5
60 121 1
61 122 4
61 123 5
62 124 8
62 125 9
63 126 9
63 127 7
64 128 4
64 129 9
65 130 10
65 131 6
66 132 7
66 133 8
67 134 3
67 135 3
68 136 2
68 137 9
69 138 2
69 139 1
70 140 1
70 141 9
71 142 9
71 143 7
72 144 3
72 145 5
73 146 2
73 147 3
74 148 10
74 149 2
75 150 8
75 151 7
76 152 9
76 153 7
77 154 2
77 155 2
78 156 9
78 157 3
79 158 4
79 159 7
80 160 4
80 161 4
81 162 5
81 163 7
82 164 10
82 165 4
83 166 1
83 167 1
84 168 5
84 169 4
85 170 8
85 171 6
86 172 9
86 173 10
87 174 2
87 175 2
88 176 3
88 177 1
89 178 1
89 179 2
90 180 5
90 181 4
91 182 6
91 183 1
92 184 5
92 185 10
93 186 6
93 187 1
94 188 3
94 189 8
95 190 2
95 191 8
96 192 9
96 193 2
97 194 8
97 195 8
98 196 1
98 197 4
99 198 8
99 199 9
100 200 10
