# Edges (u,v,w)
1 2 5
1 3 10
2 4 2
2 5 2
3 6 7
3 7 8
4 8 7
4 9 2
5 10 8
5 11 4
6 12 3
6 13 2
7 14 9
7 15 4
8 16 9
8 17 2
9 18 9
9 19 9
10 20 9
10 21 4
11 22 1
11 23 9
12 24 1
12 25 5
13 26 8
13 27 8
14 28 9
14 29 5
15 30 7
15 31 9
16 32 5
16 33 9
17 34 6
17 35 7
18 36 2
18 37 4
19 38 9
19 39 6
20 40 5
20 41 3
21 42 7
21 43 10
22 44 6
22 45 7
23 46 3
23 47 2
24 48 7
24 49 3
25 50 3
25 51 4
26 52 7
26 53 6
27 54 5
27 55 4
28 56 4
28 57 1
29 58 2
29 59 4
30 60 9
30 61 4
31 62 4
31 63 10
32 64 8
32 65 4
33 66 9
33 67 6
34 68 2
34 69 6
35 70 10
35 71 8
36 72 7
36 73 3
37 74 8
37 75 2
38 76 6
38 77 8
39 78 6
39 79 1
40 80 1
40 81 9
41 82 3
41 83 10
42 84 5
42 85 4
43 86 3
43 87 4
44 88 9
44 89 3
45 90 4
45 91 2
46 92 3
46 93 6
47 94 6
47 95 8
48 96 2
48 97 9
49 98 7
49 99 2
50 100 6
50 101 4
51 102 4
51 103 6
52 104 8
52 105 6
53 106 6
53 107 7
54 108 7
54 109 1
55 110 10
55 111 3
56 112 10
56 113 4
57 114 1
57 115 9
58 116 5
58 117 9
59 118 3
59 119 6
60 120 5
60 121 1
61 122 10
61 123 6
62 124 9
62 125 10
63 126 7
63 127 10
64 128 4
64 129 8
65 130 6
65 131 3
66 132 8
66 133 1
67 134 2
67 135 7
68 136 8
68 137 7
69 138 6
69 139 10
70 140 7
70 141 2
71 142 1
71 143 3
72 144 3
72 145 1
73 146 7
73 147 10
74 148 7
74 149 2
75 150 6
75 151 9
76 152 4
76 153 7
77 154 7
77 155 3
78 156 10
78 157 10
79 158 6
79 159 5
80 160 5
80 161 2
81 162 3
81 163 10
82 164 2
82 165 4
83 166 10
83 167 7
84 168 9
84 169 1
85 170 2
85 171 1
86 172 8
86 173 9
87 174 3
87 175 6
88 176 10
88 177 6
89 178 9
89 179 7
90 180 7
90 181 7
91 182 7
91 183 5
92 184 1
92 185 7
93 186 6
93 187 4
94 188 1
94 189 3
95 190 4
95 191 9
96 192 2
96 193 5
97 194 4
97 195 6
98 196 3
98 197 8
99 198 5
99 199 7
100 200 5
