# Edges (u,v,w)
1 2 4
1 3 3
2 4 9
2 5 9
3 6 2
3 7 9
4 8 1
4 9 5
5 10 3
5 11 2
6 12 9
6 13 2
7 14 10
7 15 9
8 16 4
8 17 10
9 18 4
9 19 8
10 20 5
10 21 8
11 22 6
11 23 9
12 24 2
12 25 6
13 26 9
13 27 7
14 28 7
14 29 3
15 30 7
15 31 3
16 32 1
16 33 7
17 34 8
17 35 5
18 36 5
18 37 6
19 38 10
19 39 4
20 40 1
20 41 4
21 42 7
21 43 8
22 44 4
22 45 2
23 46 7
23 47 7
24 48 7
24 49 1
25 50 4
25 51 8
26 52 7
26 53 6
27 54 4
27 55 7
28 56 3
28 57 2
29 58 3
29 59 1
30 60 10
30 61 9
31 62 1
31 63 7
32 64 6
32 65 5
33 66 5
33 67 3
34 68 8
34 69 7
35 70 7
35 71 2
36 72 2
36 73 4
37 74 2
37 75 1
38 76 6
38 77 9
39 78 2
39 79 9
40 80 6
40 81 8
41 82 10
41 83 3
42 84 10
42 85 7
43 86 4
43 87 3
44 88 8
44 89 10
45 90 1
45 91 6
46 92 9
46 93 8
47 94 4
47 95 3
48 96 9
48 97 3
49 98 10
49 99 6
50 100 1
50 101 10
51 102 9
51 103 9
52 104 7
52 105 6
53 106 8
53 107 2
54 108 5
54 109 2
55 110 6
55 111 1
56 112 10
56 113 3
57 114 3
57 115 9
58 116 6
58 117 3
59 118 6
59 119 4
60 120 10
60 121 9
61 122 7
61 123 1
62 124 9
62 125 2
63 126 4
63 127 5
64 128 1
64 129 1
65 130 5
65 131 8
66 132 7
66 133 9
67 134 3
67 135 8
68 136 1
68 137 2
69 138 5
69 139 8
70 140 10
70 141 1
71 142 6
71 143 9
72 144 5
72 145 2
73 146 2
73 147 2
74 148 6
74 149 7
75 150 8
75 151 7
76 152 9
76 153 9
77 154 2
77 155 8
78 156 8
78 157 4
79 158 7
79 159 6
80 160 4
80 161 8
81 162 5
81 163 4
82 164 10
82 165 2
83 166 6
83 167 10
84 168 5
84 169 5
85 170 4
85 171 9
86 172 8
86 173 6
87 174 8
87 175 5
88 176 10
88 177 6
89 178 8
89 179 1
90 180 6
90 181 10
91 182 10
91 183 5
92 184 1
92 185 10
93 186 3
93 187 9
94 188 4
94 189 2
95 190 1
95 191 10
96 192 2
96 193 1
97 194 8
97 195 5
98 196 7
98 197 3
99 198 6
99 199 2
100 200 8
