# Edges (u,v,w)
1 2 6
1 3 3
2 4 1
2 5 6
3 6 5
3 7 3
4 8 3
4 9 4
5 10 5
5 11 5
6 12 8
6 13 5
7 14 2
7 15 8
8 16 7
8 17 10
9 18 5
9 19 2
10 20 8
10 21 2
11 22 7
11 23 4
12 24 1
12 25 5
13 26 3
13 27 3
14 28 8
14 29 2
15 30 5
15 31 8
16 32 7
16 33 2
17 34 10
17 35 3
18 36 6
18 37 1
19 38 2
19 39 2
20 40 10
20 41 7
21 42 3
21 43 8
22 44 3
22 45 1
23 46 6
23 47 7
24 48 9
24 49 4
25 50 9
25 51 4
26 52 3
26 53 7
27 54 9
27 55 8
28 56 8
28 57 5
29 58 7
29 59 1
30 60 7
30 61 6
31 62 2
31 63 4
32 64 9
32 65 7
33 66 8
33 67 7
34 68 4
34 69 4
35 70 5
35 71 4
36 72 1
36 73 2
37 74 10
37 75 2
38 76 9
38 77 8
39 78 4
39 79 6
40 80 8
40 81 1
41 82 9
41 83 9
42 84 3
42 85 4
43 86 7
43 87 10
44 88 3
44 89 4
45 90 10
45 91 8
46 92 7
46 93 7
47 94 5
47 95 9
48 96 4
48 97 7
49 98 4
49 99 9
50 100 5
50 101 2
51 102 4
51 103 5
52 104 9
52 105 4
53 106 10
53 107 2
54 108 6
54 109 8
55 110 5
55 111 3
56 112 7
56 113 4
57 114 6
57 115 3
58 116 9
58 117 4
59 118 1
59 119 6
60 120 4
60 121 6
61 122 8
61 123 5
62 124 2
62 125 4
63 126 5
63 127 5
64 128 7
64 129 9
65 130 9
65 131 9
66 132 7
66 133 8
67 134 4
67 135 9
68 136 2
68 137 1
69 138 3
69 139 7
70 140 6
70 141 3
71 142 10
71 143 6
72 144 4
72 145 7
73 146 9
73 147 9
74 148 7
74 149 1
75 150 6
75 151 9
76 152 6
76 153 5
77 154 7
77 155 10
78 156 9
78 157 2
79 158 5
79 159 8
80 160 4
80 161 2
81 162 4
81 163 3
82 164 1
82 165 9
83 166 2
83 167 8
84 168 5
84 169 7
85 170 6
85 171 5
86 172 6
86 173 6
87 174 10
87 175 8
88 176 2
88 177 9
89 178 6
89 179 3
90 180 10
90 181 1
91 182 10
91 183 7
92 184 3
92 185 2
93 186 3
93 187 10
94 188 10
94 189 8
95 190 9
95 191 2
96 192 2
96 193 8
97 194 8
97 195 7
98 196 10
98 197 7
99 198 2
99 199 1
100 200 5
