# Edges (u,v,w)
1 2 2
1 3 1
2 4 2
2 5 9
3 6 10
3 7 10
4 8 8
4 9 9
5 10 7
5 11 5
6 12 2
6 13 2
7 14 2
7 15 2
8 16 8
8 17 10
9 18 6
9 19 2
10 20 4
10 21 4
11 22 9
11 23 10
12 24 3
12 25 2
13 26 9
13 27 9
14 28 1
14 29 7
15 30 7
15 31 4
16 32 9
16 33 3
17 34 8
17 35 10
18 36 4
18 37 3
19 38 4
19 39 6
20 40 10
20 41 3
21 42 6
21 43 7
22 44 8
22 45 3
23 46 6
23 47 4
24 48 7
24 49 8
25 50 10
25 51 10
26 52 3
26 53 7
27 54 2
27 55 10
28 56 7
28 57 8
29 58 7
29 59 9
30 60 4
30 61 5
31 62 6
31 63 1
32 64 1
32 65 8
33 66 5
33 67 10
34 68 7
34 69 8
35 70 7
35 71 1
36 72 4
36 73 10
37 74 3
37 75 10
38 76 3
38 77 3
39 78 4
39 79 6
40 80 4
40 81 3
41 82 2
41 83 5
42 84 1
42 85 3
43 86 2
43 87 7
44 88 9
44 89 7
45 90 6
45 91 2
46 92 5
46 93 8
47 94 2
47 95 5
48 96 3
48 97 10
49 98 3
49 99 6
50 100 4
50 101 7
51 102 3
51 103 1
52 104 2
52 105 5
53 106 3
53 107 10
54 108 4
54 109 5
55 110 2
55 111 8
56 112 7
56 113 4
57 114 2
57 115 8
58 116 10
58 117 7
59 118 9
59 119 7
60 120 10
60 121 9
61 122 7
61 123 3
62 124 3
62 125 9
63 126 1
63 127 10
64 128 10
64 129 3
65 130 5
65 131 3
66 132 4
66 133 7
67 134 3
67 135 4
68 136 6
68 137 10
69 138 4
69 139 8
70 140 5
70 141 6
71 142 6
71 143 1
72 144 9
72 145 3
73 146 10
73 147 4
74 148 3
74 149 1
75 150 1
75 151 4
76 152 5
76 153 7
77 154 6
77 155 7
78 156 3
78 157 5
79 158 2
79 159 6
80 160 6
80 161 8
81 162 1
81 163 4
82 164 2
82 165 10
83 166 4
83 167 2
84 168 2
84 169 3
85 170 3
85 171 5
86 172 1
86 173 3
87 174 9
87 175 5
88 176 5
88 177 8
89 178 6
89 179 7
90 180 10
90 181 6
91 182 4
91 183 4
92 184 1
92 185 9
93 186 5
93 187 5
94 188 9
94 189 9
95 190 6
95 191 2
96 192 1
96 193 5
97 194 1
97 195 8
98 196 8
98 197 9
99 198 4
99 199 7
100 200 7
