# Edges (u,v,w)
1 2 4
1 3 1
2 4 7
2 5 10
3 6 3
3 7 1
4 8 5
4 9 2
5 10 4
5 11 7
6 12 6
6 13 8
7 14 1
7 15 6
8 16 2
8 17 5
9 18 3
9 19 5
10 20 9
10 21 2
11 22 9
11 23 8
12 24 1
12 25 3
13 26 5
13 27 4
14 28 10
14 29 7
15 30 7
15 31 6
16 32 6
16 33 1
17 34 2
17 35 5
18 36 4
18 37 5
19 38 2
19 39 2
20 40 1
20 41 8
21 42 2
21 43 2
22 44 3
22 45 6
23 46 7
23 47 9
24 48 5
24 49 1
25 50 2
25 51 1
26 52 6
26 53 4
27 54 4
27 55 10
28 56 8
28 57 1
29 58 3
29 59 5
30 60 5
30 61 3
31 62 4
31 63 9
32 64 3
32 65 9
33 66 10
33 67 10
34 68 8
34 69 1
35 70 3
35 71 2
36 72 5
36 73 1
37 74 1
37 75 6
38 76 4
38 77 3
39 78 1
39 79 3
40 80 1
40 81 1
41 82 2
41 83 1
42 84 1
42 85 3
43 86 6
43 87 9
44 88 3
44 89 4
45 90 1
45 91 8
46 92 9
46 93 9
47 94 3
47 95 2
48 96 4
48 97 3
49 98 2
49 99 7
50 100 9
50 101 1
51 102 5
51 103 8
52 104 1
52 105 6
53 106 4
53 107 3
54 108 9
54 109 4
55 110 9
55 111 7
56 112 9
56 113 7
57 114 6
57 115 1
58 116 1
58 117 7
59 118 4
59 119 1
60 120 5
60 121 2
61 122 2
61 123 4
62 124 7
62 125 6
63 126 5
63 127 3
64 128 6
64 129 9
65 130 8
65 131 2
66 132 2
66 133 3
67 134 10
67 135 6
68 136 7
68 137 9
69 138 8
69 139 5
70 140 1
70 141 7
71 142 9
71 143 2
72 144 2
72 145 9
73 146 8
73 147 10
74 148 6
74 149 10
75 150 9
75 151 2
76 152 4
76 153 3
77 154 7
77 155 4
78 156 2
78 157 7
79 158 8
79 159 6
80 160 6
80 161 7
81 162 9
81 163 5
82 164 5
82 165 2
83 166 1
83 167 10
84 168 5
84 169 9
85 170 10
85 171 2
86 172 5
86 173 3
87 174 8
87 175 10
88 176 7
88 177 2
89 178 5
89 179 9
90 180 6
90 181 10
91 182 4
91 183 4
92 184 8
92 185 1
93 186 6
93 187 2
94 188 6
94 189 4
95 190 3
95 191 7
96 192 2
96 193 2
97 194 4
97 195 8
98 196 10
98 197 2
99 198 9
99 199 5
100 200 2
