# Edges (u,v,w)
1 2 4
1 3 8
2 4 2
2 5 9
3 6 10
3 7 1
4 8 2
4 9 6
5 10 10
5 11 8
6 12 10
6 13 4
7 14 1
7 15 4
8 16 9
8 17 10
9 18 5
9 19 7
10 20 8
10 21 7
11 22 2
11 23 1
12 24 1
12 25 2
13 26 8
13 27 5
14 28 3
14 29 4
15 30 7
15 31 10
16 32 8
16 33 5
17 34 1
17 35 10
18 36 1
18 37 6
19 38 5
19 39 8
20 40 8
20 41 3
21 42 3
21 43 1
22 44 9
22 45 6
23 46 9
23 47 8
24 48 5
24 49 2
25 50 2
25 51 6
26 52 3
26 53 7
27 54 3
27 55 9
28 56 8
28 57 1
29 58 10
29 59 6
30 60 10
30 61 3
31 62 2
31 63 9
32 64 1
32 65 7
33 66 6
33 67 10
34 68 8
34 69 4
35 70 2
35 71 2
36 72 3
36 73 1
37 74 9
37 75 7
38 76 5
38 77 9
39 78 6
39 79 10
40 80 6
40 81 6
41 82 1
41 83 10
42 84 2
42 85 1
43 86 5
43 87 6
44 88 6
44 89 3
45 90 2
45 91 6
46 92 1
46 93 5
47 94 1
47 95 10
48 96 6
48 97 2
49 98 1
49 99 10
50 100 6
50 101 3
51 102 8
51 103 5
52 104 4
52 105 1
53 106 2
53 107 5
54 108 2
54 109 8
55 110 3
55 111 5
56 112 5
56 113 9
57 114 6
57 115 3
58 116 8
58 117 6
59 118 4
59 119 5
60 120 8
60 121 1
61 122 7
61 123 3
62 124 5
62 125 3
63 126 6
63 127 4
64 128 3
64 129 2
65 130 7
65 131 8
66 132 10
66 133 9
67 134 4
67 135 2
68 136 4
68 137 7
69 138 3
69 139 4
70 140 9
70 141 7
71 142 5
71 143 6
72 144 6
72 145 10
73 146 6
73 147 1
74 148 2
74 149 6
75 150 1
75 151 4
76 152 8
76 153 7
77 154 2
77 155 7
78 156 2
78 157 8
79 158 9
79 159 10
80 160 6
80 161 8
81 162 7
81 163 2
82 164 2
82 165 5
83 166 4
83 167 2
84 168 8
84 169 4
85 170 2
85 171 4
86 172 9
86 173 4
87 174 8
87 175 7
88 176 7
88 177 5
89 178 8
89 179 10
90 180 5
90 181 7
91 182 9
91 183 8
92 184 6
92 185 8
93 186 5
93 187 3
94 188 7
94 189 9
95 190 6
95 191 1
96 192 7
96 193 3
97 194 8
97 195 5
98 196 1
98 197 6
99 198 2
99 199 9
100 200 5
