# Edges (u,v,w)
1 2 5
1 3 9
2 4 8
2 5 4
3 6 4
3 7 9
4 8 2
4 9 10
5 10 1
5 11 1
6 12 2
6 13 2
7 14 10
7 15 7
8 16 3
8 17 9
9 18 9
9 19 4
10 20 6
10 21 7
11 22 1
11 23 10
12 24 3
12 25 9
13 26 6
13 27 10
14 28 5
14 29 4
15 30 3
15 31 7
16 32 4
16 33 1
17 34 9
17 35 2
18 36 7
18 37 7
19 38 3
19 39 9
20 40 3
20 41 5
21 42 5
21 43 1
22 44 7
22 45 2
23 46 9
23 47 6
24 48 4
24 49 5
25 50 7
25 51 5
26 52 6
26 53 8
27 54 8
27 55 4
28 56 4
28 57 4
29 58 9
29 59 8
30 60 9
30 61 10
31 62 7
31 63 9
32 64 7
32 65 3
33 66 8
33 67 8
34 68 5
34 69 7
35 70 5
35 71 2
36 72 8
36 73 6
37 74 7
37 75 9
38 76 9
38 77 7
39 78 10
39 79 1
40 80 5
40 81 7
41 82 1
41 83 8
42 84 9
42 85 5
43 86 2
43 87 5
44 88 10
44 89 2
45 90 2
45 91 9
46 92 2
46 93 5
47 94 5
47 95 6
48 96 1
48 97 10
49 98 3
49 99 9
50 100 4
50 101 4
51 102 8
51 103 5
52 104 4
52 105 7
53 106 9
53 107 9
54 108 10
54 109 5
55 110 5
55 111 9
56 112 7
56 113 6
57 114 3
57 115 7
58 116 3
58 117 1
59 118 9
59 119 8
60 120 3
60 121 4
61 122 1
61 123 8
62 124 7
62 125 4
63 126 10
63 127 8
64 128 6
64 129 8
65 130 2
65 131 4
66 132 1
66 133 2
67 134 9
67 135 4
68 136 5
68 137 9
69 138 8
69 139 1
70 140 4
70 141 5
71 142 5
71 143 8
72 144 1
72 145 9
73 146 5
73 147 4
74 148 7
74 149 6
75 150 5
75 151 8
76 152 4
76 153 9
77 154 5
77 155 6
78 156 10
78 157 10
79 158 5
79 159 5
80 160 5
80 161 4
81 162 7
81 163 10
82 164 7
82 165 9
83 166 1
83 167 2
84 168 4
84 169 5
85 170 9
85 171 2
86 172 7
86 173 8
87 174 1
87 175 10
88 176 6
88 177 6
89 178 4
89 179 7
90 180 4
90 181 5
91 182 2
91 183 7
92 184 10
92 185 4
93 186 5
93 187 3
94 188 2
94 189 10
95 190 6
95 191 2
96 192 10
96 193 9
97 194 3
97 195 9
98 196 10
98 197 8
99 198 2
99 199 10
100 200 1
