# Edges (u,v,w)
1 2 9
1 3 7
2 4 8
2 5 1
3 6 5
3 7 6
4 8 9
4 9 8
5 10 1
5 11 8
6 12 6
6 13 3
7 14 6
7 15 1
8 16 5
8 17 4
9 18 5
9 19 9
10 20 10
10 21 7
11 22 8
11 23 3
12 24 10
12 25 10
13 26 2
13 27 9
14 28 6
14 29 2
15 30 2
15 31 4
16 32 1
16 33 2
17 34 1
17 35 7
18 36 4
18 37 6
19 38 9
19 39 9
20 40 10
20 41 4
21 42 5
21 43 7
22 44 8
22 45 2
23 46 4
23 47 6
24 48 1
24 49 1
25 50 6
25 51 10
26 52 7
26 53 2
27 54 5
27 55 3
28 56 7
28 57 4
29 58 5
29 59 1
30 60 10
30 61 8
31 62 8
31 63 4
32 64 4
32 65 3
33 66 8
33 67 6
34 68 4
34 69 8
35 70 3
35 71 4
36 72 4
36 73 3
37 74 1
37 75 7
38 76 5
38 77 7
39 78 4
39 79 4
40 80 4
40 81 8
41 82 5
41 83 1
42 84 4
42 85 9
43 86 8
43 87 2
44 88 2
44 89 5
45 90 10
45 91 3
46 92 10
46 93 6
47 94 1
47 95 6
48 96 2
48 97 5
49 98 2
49 99 2
50 100 9
50 101 4
51 102 6
51 103 3
52 104 3
52 105 10
53 106 6
53 107 1
54 108 3
54 109 9
55 110 8
55 111 5
56 112 2
56 113 10
57 114 5
57 115 1
58 116 9
58 117 7
59 118 1
59 119 7
60 120 1
60 121 6
61 122 1
61 123 7
62 124 5
62 125 9
63 126 2
63 127 3
64 128 10
64 129 2
65 130 8
65 131 2
66 132 1
66 133 4
67 134 10
67 135 6
68 136 4
68 137 2
69 138 5
69 139 10
70 140 4
70 141 3
71 142 3
71 143 2
72 144 4
72 145 5
73 146 7
73 147 10
74 148 1
74 149 10
75 150 7
75 151 8
76 152 10
76 153 3
77 154 8
77 155 5
78 156 2
78 157 6
79 158 10
79 159 2
80 160 3
80 161 3
81 162 6
81 163 2
82 164 6
82 165 1
83 166 5
83 167 6
84 168 9
84 169 2
85 170 7
85 171 8
86 172 10
86 173 1
87 174 7
87 175 8
88 176 1
88 177 5
89 178 3
89 179 3
90 180 2
90 181 4
91 182 5
91 183 2
92 184 5
92 185 5
93 186 9
93 187 2
94 188 4
94 189 3
95 190 8
95 191 3
96 192 1
96 193 3
97 194 1
97 195 5
98 196 7
98 197 2
99 198 2
99 199 5
100 200 6
