# Edges (u,v,w)
1 2 6
1 3 2
2 4 9
2 5 9
3 6 7
3 7 5
4 8 1
4 9 3
5 10 10
5 11 3
6 12 3
6 13 1
7 14 5
7 15 2
8 16 5
8 17 8
9 18 6
9 19 6
10 20 7
10 21 6
11 22 4
11 23 5
12 24 5
12 25 3
13 26 8
13 27 5
14 28 1
14 29 3
15 30 2
15 31 5
16 32 10
16 33 2
17 34 9
17 35 5
18 36 4
18 37 7
19 38 6
19 39 10
20 40 3
20 41 4
21 42 1
21 43 9
22 44 3
22 45 4
23 46 3
23 47 10
24 48 2
24 49 3
25 50 2
25 51 8
26 52 8
26 53 8
27 54 8
27 55 5
28 56 7
28 57 2
29 58 2
29 59 8
30 60 6
30 61 2
31 62 9
31 63 8
32 64 8
32 65 8
33 66 3
33 67 9
34 68 1
34 69 1
35 70 10
35 71 5
36 72 5
36 73 10
37 74 8
37 75 8
38 76 1
38 77 9
39 78 9
39 79 9
40 80 1
40 81 5
41 82 8
41 83 1
42 84 9
42 85 10
43 86 5
43 87 5
44 88 6
44 89 3
45 90 3
45 91 2
46 92 1
46 93 2
47 94 8
47 95 9
48 96 1
48 97 3
49 98 10
49 99 7
50 100 6
50 101 1
51 102 5
51 103 1
52 104 2
52 105 2
53 106 1
53 107 1
54 108 1
54 109 10
55 110 8
55 111 8
56 112 8
56 113 9
57 114 3
57 115 9
58 116 7
58 117 8
59 118 7
59 119 6
60 120 5
60 121 9
61 122 8
61 123 4
62 124 6
62 125 3
63 126 9
63 127 2
64 128 10
64 129 7
65 130 3
65 131 10
66 132 1
66 133 2
67 134 7
67 135 2
68 136 1
68 137 9
69 138 4
69 139 4
70 140 10
70 141 3
71 142 1
71 143 2
72 144 3
72 145 8
73 146 9
73 147 10
74 148 5
74 149 1
75 150 2
75 151 2
76 152 2
76 153 9
77 154 9
77 155 6
78 156 10
78 157 6
79 158 3
79 159 5
80 160 6
80 161 3
81 162 8
81 163 7
82 164 2
82 165 1
83 166 9
83 167 3
84 168 3
84 169 10
85 170 3
85 171 7
86 172 10
86 173 2
87 174 8
87 175 8
88 176 4
88 177 9
89 178 7
89 179 10
90 180 7
90 181 6
91 182 6
91 183 9
92 184 1
92 185 2
93 186 7
93 187 1
94 188 10
94 189 10
95 190 3
95 191 2
96 192 9
96 193 8
97 194 1
97 195 8
98 196 10
98 197 7
99 198 3
99 199 10
100 200 5
