# Edges (u,v,w)
1 2 4
1 3 3
2 4 10
2 5 10
3 6 4
3 7 5
4 8 10
4 9 1
5 10 1
5 11 6
6 12 1
6 13 2
7 14 10
7 15 5
8 16 4
8 17 5
9 18 8
9 19 2
10 20 8
10 21 1
11 22 4
11 23 7
12 24 6
12 25 3
13 26 8
13 27 1
14 28 7
14 29 3
15 30 4
15 31 2
16 32 3
16 33 3
17 34 4
17 35 6
18 36 10
18 37 5
19 38 3
19 39 10
20 40 10
20 41 4
21 42 1
21 43 3
22 44 8
22 45 1
23 46 9
23 47 9
24 48 8
24 49 3
25 50 2
25 51 7
26 52 10
26 53 7
27 54 3
27 55 1
28 56 9
28 57 5
29 58 2
29 59 8
30 60 3
30 61 2
31 62 2
31 63 5
32 64 7
32 65 1
33 66 5
33 67 7
34 68 1
34 69 10
35 70 7
35 71 3
36 72 8
36 73 2
37 74 6
37 75 2
38 76 3
38 77 6
39 78 5
39 79 10
40 80 5
40 81 2
41 82 5
41 83 5
42 84 7
42 85 4
43 86 6
43 87 5
44 88 6
44 89 8
45 90 8
45 91 4
46 92 9
46 93 4
47 94 1
47 95 8
48 96 6
48 97 7
49 98 7
49 99 8
50 100 9
50 101 1
51 102 4
51 103 5
52 104 5
52 105 8
53 106 6
53 107 3
54 108 2
54 109 6
55 110 9
55 111 1
56 112 10
56 113 8
57 114 2
57 115 6
58 116 9
58 117 5
59 118 7
59 119 9
60 120 8
60 121 3
61 122 5
61 123 5
62 124 4
62 125 3
63 126 5
63 127 5
64 128 6
64 129 7
65 130 1
65 131 8
66 132 7
66 133 2
67 134 3
67 135 4
68 136 6
68 137 3
69 138 6
69 139 7
70 140 9
70 141 5
71 142 4
71 143 9
72 144 4
72 145 2
73 146 8
73 147 7
74 148 10
74 149 7
75 150 9
75 151 5
76 152 2
76 153 3
77 154 8
77 155 8
78 156 2
78 157 10
79 158 7
79 159 6
80 160 6
80 161 5
81 162 3
81 163 2
82 164 5
82 165 9
83 166 1
83 167 4
84 168 1
84 169 3
85 170 7
85 171 5
86 172 10
86 173 2
87 174 4
87 175 8
88 176 10
88 177 8
89 178 3
89 179 6
90 180 7
90 181 10
91 182 5
91 183 6
92 184 10
92 185 2
93 186 8
93 187 4
94 188 6
94 189 7
95 190 1
95 191 2
96 192 9
96 193 4
97 194 6
97 195 7
98 196 6
98 197 7
99 198 4
99 199 1
100 200 10
