# Edges (u,v,w)
1 2 10
1 3 4
2 4 4
2 5 9
3 6 5
3 7 4
4 8 2
4 9 8
5 10 6
5 11 7
6 12 10
6 13 7
7 14 3
7 15 5
8 16 8
8 17 2
9 18 9
9 19 4
10 20 4
10 21 1
11 22 10
11 23 5
12 24 1
12 25 8
13 26 10
13 27 7
14 28 9
14 29 6
15 30 3
15 31 9
16 32 2
16 33 4
17 34 4
17 35 2
18 36 5
18 37 10
19 38 6
19 39 1
20 40 4
20 41 9
21 42 2
21 43 2
22 44 9
22 45 5
23 46 8
23 47 8
24 48 4
24 49 3
25 50 10
25 51 7
26 52 10
26 53 3
27 54 8
27 55 7
28 56 3
28 57 8
29 58 6
29 59 9
30 60 4
30 61 2
31 62 3
31 63 1
32 64 8
32 65 6
33 66 7
33 67 6
34 68 9
34 69 1
35 70 2
35 71 2
36 72 7
36 73 5
37 74 9
37 75 1
38 76 6
38 77 7
39 78 5
39 79 4
40 80 10
40 81 3
41 82 2
41 83 9
42 84 7
42 85 3
43 86 5
43 87 2
44 88 8
44 89 2
45 90 9
45 91 5
46 92 6
46 93 5
47 94 2
47 95 4
48 96 5
48 97 4
49 98 10
49 99 2
50 100 6
50 101 5
51 102 2
51 103 5
52 104 2
52 105 7
53 106 5
53 107 1
54 108 1
54 109 8
55 110 10
55 111 5
56 112 6
56 113 8
57 114 9
57 115 3
58 116 2
58 117 6
59 118 10
59 119 4
60 120 3
60 121 10
61 122 8
61 123 1
62 124 10
62 125 2
63 126 8
63 127 5
64 128 5
64 129 2
65 130 6
65 131 10
66 132 9
66 133 6
67 134 5
67 135 7
68 136 4
68 137 10
69 138 7
69 139 3
70 140 8
70 141 5
71 142 7
71 143 1
72 144 7
72 145 2
73 146 8
73 147 2
74 148 2
74 149 3
75 150 5
75 151 4
76 152 2
76 153 5
77 154 1
77 155 7
78 156 3
78 157 1
79 158 7
79 159 6
80 160 7
80 161 1
81 162 4
81 163 5
82 164 9
82 165 10
83 166 2
83 167 5
84 168 6
84 169 9
85 170 7
85 171 3
86 172 3
86 173 1
87 174 5
87 175 8
88 176 3
88 177 4
89 178 9
89 179 5
90 180 6
90 181 9
91 182 5
91 183 7
92 184 9
92 185 3
93 186 6
93 187 8
94 188 7
94 189 8
95 190 3
95 191 5
96 192 10
96 193 1
97 194 4
97 195 1
98 196 8
98 197 8
99 198 1
99 199 3
100 200 10
