# Edges (u,v,w)
1 2 5
1 3 4
2 4 8
2 5 6
3 6 3
3 7 4
4 8 8
4 9 9
5 10 8
5 11 5
6 12 8
6 13 5
7 14 6
7 15 6
8 16 7
8 17 4
9 18 6
9 19 2
10 20 9
10 21 6
11 22 8
11 23 5
12 24 6
12 25 1
13 26 5
13 27 3
14 28 1
14 29 9
15 30 4
15 31 4
16 32 5
16 33 5
17 34 1
17 35 8
18 36 6
18 37 9
19 38 3
19 39 5
20 40 5
20 41 9
21 42 8
21 43 6
22 44 7
22 45 2
23 46 10
23 47 3
24 48 3
24 49 7
25 50 3
25 51 8
26 52 2
26 53 2
27 54 9
27 55 2
28 56 7
28 57 6
29 58 4
29 59 10
30 60 3
30 61 3
31 62 2
31 63 6
32 64 3
32 65 8
33 66 5
33 67 4
34 68 9
34 69 1
35 70 3
35 71 6
36 72 6
36 73 6
37 74 4
37 75 10
38 76 7
38 77 8
39 78 4
39 79 8
40 80 10
40 81 4
41 82 8
41 83 2
42 84 10
42 85 2
43 86 5
43 87 2
44 88 3
44 89 6
45 90 9
45 91 2
46 92 4
46 93 5
47 94 4
47 95 7
48 96 1
48 97 7
49 98 9
49 99 1
50 100 4
50 101 9
51 102 1
51 103 9
52 104 9
52 105 9
53 106 10
53 107 3
54 108 2
54 109 2
55 110 4
55 111 3
56 112 2
56 113 5
57 114 10
57 115 2
58 116 3
58 117 3
59 118 2
59 119 5
60 120 10
60 121 9
61 122 8
61 123 7
62 124 1
62 125 2
63 126 6
63 127 2
64 128 4
64 129 8
65 130 5
65 131 10
66 132 7
66 133 5
67 134 2
67 135 10
68 136 4
68 137 6
69 138 4
69 139 5
70 140 2
70 141 10
71 142 6
71 143 10
72 144 5
72 145 4
73 146 3
73 147 2
74 148 10
74 149 9
75 150 5
75 151 8
76 152 4
76 153 4
77 154 3
77 155 10
78 156 2
78 157 7
79 158 7
79 159 2
80 160 8
80 161 5
81 162 6
81 163 6
82 164 9
82 165 4
83 166 1
83 167 9
84 168 4
84 169 8
85 170 8
85 171 6
86 172 1
86 173 10
87 174 6
87 175 6
88 176 2
88 177 8
89 178 1
89 179 3
90 180 10
90 181 10
91 182 7
91 183 8
92 184 5
92 185 5
93 186 9
93 187 8
94 188 3
94 189 3
95 190 4
95 191 3
96 192 9
96 193 3
97 194 4
97 195 5
98 196 9
98 197 5
99 198 3
99 199 8
100 200 8
