# Edges (u,v,w)
1 2 9
1 3 6
2 4 3
2 5 4
3 6 5
3 7 10
4 8 8
4 9 9
5 10 8
5 11 10
6 12 2
6 13 6
7 14 5
7 15 10
8 16 7
8 17 3
9 18 2
9 19 5
10 20 9
10 21 1
11 22 9
11 23 10
12 24 6
12 25 10
13 26 4
13 27 2
14 28 7
14 29 9
15 30 4
15 31 1
16 32 7
16 33 10
17 34 10
17 35 7
18 36 2
18 37 5
19 38 2
19 39 5
20 40 2
20 41 1
21 42 3
21 43 8
22 44 7
22 45 4
23 46 8
23 47 8
24 48 9
24 49 3
25 50 7
25 51 4
26 52 4
26 53 1
27 54 5
27 55 7
28 56 2
28 57 6
29 58 4
29 59 10
30 60 10
30 61 3
31 62 7
31 63 8
32 64 6
32 65 1
33 66 4
33 67 7
34 68 4
34 69 5
35 70 3
35 71 6
36 72 8
36 73 10
37 74 4
37 75 4
38 76 9
38 77 3
39 78 1
39 79 7
40 80 9
40 81 8
41 82 4
41 83 6
42 84 1
42 85 6
43 86 2
43 87 3
44 88 10
44 89 2
45 90 4
45 91 10
46 92 4
46 93 10
47 94 9
47 95 5
48 96 2
48 97 4
49 98 5
49 99 3
50 100 4
50 101 8
51 102 9
51 103 3
52 104 2
52 105 5
53 106 3
53 107 6
54 108 3
54 109 3
55 110 10
55 111 5
56 112 9
56 113 1
57 114 2
57 115 4
58 116 6
58 117 2
59 118 7
59 119 4
60 120 6
60 121 3
61 122 1
61 123 2
62 124 6
62 125 9
63 126 5
63 127 3
64 128 1
64 129 6
65 130 7
65 131 10
66 132 9
66 133 4
67 134 3
67 135 6
68 136 3
68 137 3
69 138 2
69 139 10
70 140 9
70 141 8
71 142 6
71 143 3
72 144 2
72 145 9
73 146 5
73 147 6
74 148 7
74 149 6
75 150 7
75 151 8
76 152 10
76 153 6
77 154 2
77 155 10
78 156 4
78 157 10
79 158 3
79 159 6
80 160 9
80 161 7
81 162 4
81 163 3
82 164 7
82 165 5
83 166 7
83 167 10
84 168 6
84 169 1
85 170 9
85 171 5
86 172 7
86 173 3
87 174 4
87 175 9
88 176 4
88 177 6
89 178 5
89 179 4
90 180 4
90 181 2
91 182 8
91 183 6
92 184 1
92 185 3
93 186 5
93 187 6
94 188 5
94 189 2
95 190 1
95 191 3
96 192 6
96 193 5
97 194 9
97 195 8
98 196 5
98 197 5
99 198 4
99 199 7
100 200 7
