# Edges (u,v,w)
1 2 5
1 3 9
2 4 7
2 5 6
3 6 1
3 7 2
4 8 4
4 9 2
5 10 1
5 11 3
6 12 5
6 13 3
7 14 6
7 15 5
8 16 3
8 17 8
9 18 8
9 19 7
10 20 2
10 21 4
11 22 9
11 23 9
12 24 10
12 25 7
13 26 8
13 27 5
14 28 5
14 29 1
15 30 4
15 31 6
16 32 4
16 33 4
17 34 9
17 35 4
18 36 8
18 37 9
19 38 6
19 39 4
20 40 8
20 41 4
21 42 8
21 43 2
22 44 6
22 45 5
23 46 1
23 47 4
24 48 4
24 49 6
25 50 8
25 51 5
26 52 4
26 53 1
27 54 6
27 55 8
28 56 2
28 57 8
29 58 6
29 59 10
30 60 9
30 61 3
31 62 3
31 63 10
32 64 5
32 65 9
33 66 4
33 67 1
34 68 7
34 69 6
35 70 5
35 71 1
36 72 4
36 73 4
37 74 4
37 75 7
38 76 1
38 77 8
39 78 5
39 79 6
40 80 5
40 81 3
41 82 7
41 83 5
42 84 6
42 85 10
43 86 2
43 87 1
44 88 7
44 89 3
45 90 9
45 91 9
46 92 9
46 93 10
47 94 2
47 95 2
48 96 9
48 97 3
49 98 10
49 99 4
50 100 6
50 101 8
51 102 4
51 103 3
52 104 10
52 105 3
53 106 2
53 107 10
54 108 3
54 109 1
55 110 9
55 111 3
56 112 8
56 113 10
57 114 8
57 115 2
58 116 9
58 117 5
59 118 1
59 119 6
60 120 6
60 121 6
61 122 6
61 123 3
62 124 7
62 125 3
63 126 8
63 127 5
64 128 8
64 129 6
65 130 2
65 131 10
66 132 5
66 133 5
67 134 9
67 135 9
68 136 9
68 137 5
69 138 1
69 139 10
70 140 4
70 141 7
71 142 8
71 143 8
72 144 8
72 145 10
73 146 1
73 147 2
74 148 7
74 149 7
75 150 4
75 151 7
76 152 4
76 153 7
77 154 9
77 155 9
78 156 6
78 157 6
79 158 10
79 159 4
80 160 5
80 161 3
81 162 9
81 163 6
82 164 10
82 165 2
83 166 5
83 167 5
84 168 1
84 169 9
85 170 2
85 171 6
86 172 6
86 173 2
87 174 8
87 175 8
88 176 6
88 177 6
89 178 2
89 179 7
90 180 4
90 181 7
91 182 2
91 183 2
92 184 7
92 185 3
93 186 9
93 187 6
94 188 6
94 189 1
95 190 6
95 191 6
96 192 4
96 193 4
97 194 9
97 195 3
98 196 3
98 197 2
99 198 4
99 199 6
100 200 10
