# Edges (u,v,w)
1 2 4
1 3 1
2 4 4
2 5 8
3 6 3
3 7 5
4 8 7
4 9 1
5 10 10
5 11 1
6 12 2
6 13 7
7 14 3
7 15 4
8 16 6
8 17 5
9 18 4
9 19 3
10 20 10
10 21 6
11 22 9
11 23 3
12 24 10
12 25 5
13 26 4
13 27 5
14 28 2
14 29 5
15 30 4
15 31 6
16 32 2
16 33 8
17 34 2
17 35 10
18 36 9
18 37 3
19 38 5
19 39 3
20 40 2
20 41 6
21 42 1
21 43 6
22 44 7
22 45 9
23 46 1
23 47 3
24 48 6
24 49 10
25 50 7
25 51 1
26 52 5
26 53 4
27 54 7
27 55 8
28 56 5
28 57 10
29 58 7
29 59 4
30 60 6
30 61 8
31 62 1
31 63 7
32 64 10
32 65 2
33 66 10
33 67 5
34 68 7
34 69 7
35 70 10
35 71 6
36 72 1
36 73 10
37 74 3
37 75 10
38 76 4
38 77 10
39 78 8
39 79 2
40 80 6
40 81 5
41 82 3
41 83 9
42 84 7
42 85 10
43 86 1
43 87 2
44 88 3
44 89 10
45 90 6
45 91 7
46 92 7
46 93 10
47 94 8
47 95 2
48 96 3
48 97 8
49 98 10
49 99 7
50 100 6
50 101 5
51 102 4
51 103 10
52 104 7
52 105 9
53 106 10
53 107 2
54 108 8
54 109 6
55 110 2
55 111 8
56 112 4
56 113 8
57 114 3
57 115 9
58 116 8
58 117 3
59 118 5
59 119 4
60 120 1
60 121 10
61 122 7
61 123 3
62 124 1
62 125 1
63 126 10
63 127 2
64 128 1
64 129 5
65 130 2
65 131 7
66 132 1
66 133 4
67 134 5
67 135 7
68 136 1
68 137 7
69 138 6
69 139 3
70 140 2
70 141 2
71 142 6
71 143 2
72 144 10
72 145 8
73 146 5
73 147 10
74 148 9
74 149 5
75 150 2
75 151 7
76 152 5
76 153 8
77 154 5
77 155 4
78 156 10
78 157 7
79 158 7
79 159 4
80 160 6
80 161 2
81 162 2
81 163 9
82 164 3
82 165 9
83 166 10
83 167 6
84 168 9
84 169 2
85 170 1
85 171 9
86 172 6
86 173 2
87 174 1
87 175 2
88 176 10
88 177 8
89 178 1
89 179 7
90 180 8
90 181 2
91 182 9
91 183 2
92 184 7
92 185 9
93 186 6
93 187 10
94 188 10
94 189 3
95 190 10
95 191 6
96 192 3
96 193 2
97 194 9
97 195 6
98 196 2
98 197 9
99 198 6
99 199 4
100 200 4
