# Edges (u,v,w)
1 2 7
1 3 9
2 4 8
2 5 3
3 6 8
3 7 4
4 8 5
4 9 6
5 10 9
5 11 8
6 12 4
6 13 4
7 14 1
7 15 7
8 16 2
8 17 7
9 18 5
9 19 4
10 20 7
10 21 8
11 22 5
11 23 7
12 24 3
12 25 8
13 26 8
13 27 3
14 28 6
14 29 7
15 30 7
15 31 7
16 32 3
16 33 8
17 34 5
17 35 8
18 36 8
18 37 5
19 38 2
19 39 6
20 40 8
20 41 1
21 42 8
21 43 7
22 44 3
22 45 5
23 46 7
23 47 2
24 48 4
24 49 7
25 50 8
25 51 6
26 52 10
26 53 3
27 54 7
27 55 1
28 56 8
28 57 3
29 58 6
29 59 9
30 60 5
30 61 9
31 62 3
31 63 3
32 64 3
32 65 7
33 66 10
33 67 1
34 68 10
34 69 9
35 70 9
35 71 2
36 72 4
36 73 10
37 74 6
37 75 1
38 76 5
38 77 3
39 78 10
39 79 8
40 80 7
40 81 7
41 82 4
41 83 6
42 84 2
42 85 4
43 86 5
43 87 7
44 88 2
44 89 8
45 90 10
45 91 1
46 92 6
46 93 2
47 94 6
47 95 2
48 96 7
48 97 10
49 98 3
49 99 8
50 100 8
50 101 7
51 102 3
51 103 7
52 104 9
52 105 5
53 106 6
53 107 7
54 108 5
54 109 6
55 110 10
55 111 2
56 112 8
56 113 3
57 114 5
57 115 10
58 116 4
58 117 2
59 118 4
59 119 3
60 120 6
60 121 5
61 122 5
61 123 9
62 124 3
62 125 2
63 126 9
63 127 9
64 128 2
64 129 5
65 130 6
65 131 10
66 132 9
66 133 8
67 134 3
67 135 9
68 136 8
68 137 9
69 138 7
69 139 1
70 140 6
70 141 4
71 142 8
71 143 3
72 144 2
72 145 9
73 146 3
73 147 8
74 148 4
74 149 2
75 150 9
75 151 4
76 152 7
76 153 1
77 154 2
77 155 4
78 156 4
78 157 7
79 158 8
79 159 2
80 160 3
80 161 8
81 162 9
81 163 8
82 164 9
82 165 4
83 166 8
83 167 8
84 168 8
84 169 5
85 170 8
85 171 1
86 172 9
86 173 9
87 174 10
87 175 7
88 176 9
88 177 9
89 178 1
89 179 3
90 180 10
90 181 9
91 182 10
91 183 8
92 184 8
92 185 5
93 186 6
93 187 3
94 188 3
94 189 7
95 190 6
95 191 2
96 192 5
96 193 9
97 194 7
97 195 10
98 196 3
98 197 2
99 198 2
99 199 2
100 200 8
