# Edges (u,v,w)
1 2 4
1 3 3
2 4 8
2 5 6
3 6 4
3 7 10
4 8 4
4 9 2
5 10 5
5 11 5
6 12 3
6 13 3
7 14 4
7 15 7
8 16 1
8 17 10
9 18 6
9 19 4
10 20 1
10 21 8
11 22 8
11 23 1
12 24 10
12 25 7
13 26 5
13 27 7
14 28 6
14 29 4
15 30 3
15 31 8
16 32 4
16 33 7
17 34 6
17 35 1
18 36 5
18 37 1
19 38 5
19 39 3
20 40 9
20 41 4
21 42 4
21 43 3
22 44 9
22 45 6
23 46 1
23 47 3
24 48 9
24 49 3
25 50 5
25 51 2
26 52 5
26 53 9
27 54 6
27 55 10
28 56 9
28 57 1
29 58 1
29 59 5
30 60 3
30 61 7
31 62 10
31 63 5
32 64 6
32 65 3
33 66 7
33 67 9
34 68 7
34 69 8
35 70 7
35 71 8
36 72 4
36 73 1
37 74 3
37 75 3
38 76 9
38 77 8
39 78 3
39 79 4
40 80 9
40 81 9
41 82 6
41 83 3
42 84 5
42 85 5
43 86 7
43 87 2
44 88 9
44 89 8
45 90 1
45 91 2
46 92 5
46 93 3
47 94 9
47 95 8
48 96 10
48 97 3
49 98 5
49 99 2
50 100 6
50 101 10
51 102 9
51 103 5
52 104 2
52 105 2
53 106 5
53 107 2
54 108 7
54 109 8
55 110 7
55 111 4
56 112 4
56 113 8
57 114 8
57 115 1
58 116 2
58 117 2
59 118 3
59 119 8
60 120 2
60 121 8
61 122 6
61 123 7
62 124 8
62 125 6
63 126 1
63 127 2
64 128 3
64 129 10
65 130 2
65 131 3
66 132 4
66 133 5
67 134 5
67 135 3
68 136 7
68 137 8
69 138 10
69 139 9
70 140 4
70 141 10
71 142 6
71 143 1
72 144 10
72 145 9
73 146 7
73 147 8
74 148 3
74 149 9
75 150 7
75 151 9
76 152 7
76 153 7
77 154 6
77 155 9
78 156 8
78 157 6
79 158 10
79 159 5
80 160 4
80 161 4
81 162 9
81 163 2
82 164 8
82 165 1
83 166 4
83 167 6
84 168 10
84 169 10
85 170 2
85 171 6
86 172 10
86 173 7
87 174 10
87 175 1
88 176 1
88 177 6
89 178 2
89 179 2
90 180 1
90 181 10
91 182 1
91 183 2
92 184 3
92 185 9
93 186 9
93 187 2
94 188 10
94 189 9
95 190 9
95 191 1
96 192 2
96 193 6
97 194 8
97 195 6
98 196 9
98 197 3
99 198 5
99 199 10
100 200 8
