# Edges (u,v,w)
1 2 8
1 3 4
2 4 8
2 5 7
3 6 5
3 7 8
4 8 10
4 9 3
5 10 4
5 11 5
6 12 1
6 13 6
7 14 9
7 15 8
8 16 3
8 17 3
9 18 6
9 19 2
10 20 1
10 21 9
11 22 9
11 23 9
12 24 3
12 25 1
13 26 5
13 27 9
14 28 4
14 29 6
15 30 1
15 31 9
16 32 5
16 33 10
17 34 5
17 35 8
18 36 5
18 37 4
19 38 7
19 39 7
20 40 4
20 41 3
21 42 1
21 43 10
22 44 1
22 45 1
23 46 6
23 47 5
24 48 6
24 49 5
25 50 9
25 51 7
26 52 8
26 53 4
27 54 4
27 55 7
28 56 1
28 57 5
29 58 5
29 59 3
30 60 9
30 61 8
31 62 3
31 63 10
32 64 1
32 65 1
33 66 2
33 67 2
34 68 5
34 69 2
35 70 6
35 71 6
36 72 1
36 73 6
37 74 9
37 75 5
38 76 9
38 77 4
39 78 6
39 79 3
40 80 7
40 81 2
41 82 8
41 83 7
42 84 9
42 85 7
43 86 5
43 87 5
44 88 2
44 89 5
45 90 7
45 91 9
46 92 3
46 93 6
47 94 4
47 95 7
48 96 9
48 97 1
49 98 6
49 99 4
50 100 10
50 101 8
51 102 8
51 103 7
52 104 4
52 105 5
53 106 7
53 107 7
54 108 2
54 109 2
55 110 10
55 111 8
56 112 10
56 113 5
57 114 6
57 115 6
58 116 4
58 117 3
59 118 10
59 119 7
60 120 10
60 121 2
61 122 5
61 123 5
62 124 1
62 125 7
63 126 4
63 127 6
64 128 9
64 129 6
65 130 3
65 131 1
66 132 4
66 133 6
67 134 5
67 135 9
68 136 4
68 137 4
69 138 8
69 139 10
70 140 7
70 141 7
71 142 3
71 143 6
72 144 8
72 145 3
73 146 10
73 147 9
74 148 8
74 149 5
75 150 7
75 151 8
76 152 5
76 153 6
77 154 5
77 155 10
78 156 2
78 157 1
79 158 4
79 159 4
80 160 7
80 161 8
81 162 10
81 163 6
82 164 8
82 165 3
83 166 8
83 167 5
84 168 9
84 169 5
85 170 5
85 171 10
86 172 6
86 173 10
87 174 5
87 175 7
88 176 10
88 177 9
89 178 5
89 179 2
90 180 4
90 181 2
91 182 4
91 183 1
92 184 6
92 185 2
93 186 5
93 187 4
94 188 6
94 189 5
95 190 10
95 191 7
96 192 5
96 193 1
97 194 1
97 195 5
98 196 3
98 197 1
99 198 6
99 199 1
100 200 6
