# Edges (u,v,w)
1 2 8
1 3 1
2 4 4
2 5 7
3 6 5
3 7 7
4 8 9
4 9 1
5 10 6
5 11 3
6 12 10
6 13 1
7 14 4
7 15 9
8 16 3
8 17 8
9 18 10
9 19 6
10 20 5
10 21 1
11 22 4
11 23 10
12 24 2
12 25 10
13 26 9
13 27 9
14 28 2
14 29 6
15 30 4
15 31 10
16 32 4
16 33 10
17 34 1
17 35 6
18 36 6
18 37 8
19 38 5
19 39 8
20 40 1
20 41 3
21 42 4
21 43 6
22 44 10
22 45 6
23 46 1
23 47 3
24 48 2
24 49 1
25 50 3
25 51 2
26 52 6
26 53 5
27 54 9
27 55 8
28 56 9
28 57 5
29 58 4
29 59 9
30 60 1
30 61 9
31 62 7
31 63 2
32 64 8
32 65 9
33 66 1
33 67 7
34 68 3
34 69 3
35 70 8
35 71 5
36 72 2
36 73 8
37 74 6
37 75 10
38 76 10
38 77 2
39 78 7
39 79 3
40 80 9
40 81 2
41 82 9
41 83 5
42 84 1
42 85 6
43 86 8
43 87 2
44 88 6
44 89 4
45 90 9
45 91 7
46 92 7
46 93 9
47 94 8
47 95 5
48 96 7
48 97 5
49 98 9
49 99 1
50 100 4
50 101 2
51 102 8
51 103 6
52 104 4
52 105 8
53 106 5
53 107 7
54 108 9
54 109 5
55 110 6
55 111 3
56 112 9
56 113 5
57 114 9
57 115 2
58 116 10
58 117 2
59 118 3
59 119 9
60 120 3
60 121 2
61 122 2
61 123 8
62 124 2
62 125 9
63 126 6
63 127 6
64 128 5
64 129 5
65 130 9
65 131 4
66 132 5
66 133 8
67 134 1
67 135 5
68 136 10
68 137 2
69 138 9
69 139 6
70 140 5
70 141 2
71 142 7
71 143 6
72 144 3
72 145 6
73 146 3
73 147 5
74 148 4
74 149 9
75 150 9
75 151 4
76 152 3
76 153 5
77 154 1
77 155 8
78 156 4
78 157 8
79 158 8
79 159 8
80 160 2
80 161 9
81 162 8
81 163 1
82 164 6
82 165 2
83 166 3
83 167 6
84 168 10
84 169 7
85 170 3
85 171 2
86 172 2
86 173 8
87 174 2
87 175 5
88 176 9
88 177 9
89 178 9
89 179 7
90 180 3
90 181 5
91 182 9
91 183 5
92 184 9
92 185 7
93 186 5
93 187 7
94 188 7
94 189 2
95 190 2
95 191 6
96 192 3
96 193 1
97 194 8
97 195 10
98 196 3
98 197 3
99 198 4
99 199 6
100 200 1
