# Edges (u,v,w)
1 2 5
1 3 8
2 4 10
2 5 7
3 6 3
3 7 10
4 8 7
4 9 4
5 10 8
5 11 3
6 12 8
6 13 10
7 14 2
7 15 1
8 16 2
8 17 9
9 18 4
9 19 4
10 20 10
10 21 8
11 22 10
11 23 8
12 24 7
12 25 1
13 26 1
13 27 10
14 28 1
14 29 1
15 30 10
15 31 8
16 32 7
16 33 2
17 34 5
17 35 5
18 36 6
18 37 1
19 38 5
19 39 6
20 40 5
20 41 5
21 42 10
21 43 2
22 44 1
22 45 7
23 46 8
23 47 2
24 48 8
24 49 7
25 50 10
25 51 6
26 52 2
26 53 4
27 54 6
27 55 3
28 56 4
28 57 2
29 58 8
29 59 6
30 60 10
30 61 6
31 62 10
31 63 10
32 64 4
32 65 4
33 66 10
33 67 5
34 68 2
34 69 2
35 70 2
35 71 4
36 72 2
36 73 10
37 74 4
37 75 1
38 76 5
38 77 9
39 78 1
39 79 8
40 80 10
40 81 1
41 82 6
41 83 2
42 84 10
42 85 6
43 86 2
43 87 7
44 88 7
44 89 10
45 90 2
45 91 6
46 92 5
46 93 5
47 94 4
47 95 9
48 96 5
48 97 2
49 98 10
49 99 7
50 100 5
50 101 3
51 102 4
51 103 9
52 104 7
52 105 4
53 106 2
53 107 7
54 108 5
54 109 9
55 110 7
55 111 2
56 112 4
56 113 4
57 114 3
57 115 6
58 116 10
58 117 3
59 118 3
59 119 8
60 120 6
60 121 3
61 122 3
61 123 10
62 124 10
62 125 2
63 126 1
63 127 9
64 128 8
64 129 8
65 130 7
65 131 1
66 132 2
66 133 4
67 134 3
67 135 3
68 136 7
68 137 10
69 138 9
69 139 9
70 140 2
70 141 9
71 142 8
71 143 5
72 144 10
72 145 9
73 146 4
73 147 3
74 148 6
74 149 6
75 150 5
75 151 8
76 152 5
76 153 3
77 154 10
77 155 3
78 156 10
78 157 2
79 158 4
79 159 6
80 160 7
80 161 2
81 162 4
81 163 9
82 164 10
82 165 1
83 166 4
83 167 2
84 168 10
84 169 4
85 170 4
85 171 6
86 172 10
86 173 9
87 174 3
87 175 7
88 176 1
88 177 10
89 178 7
89 179 10
90 180 4
90 181 7
91 182 5
91 183 6
92 184 2
92 185 10
93 186 2
93 187 9
94 188 10
94 189 5
95 190 6
95 191 3
96 192 9
96 193 6
97 194 5
97 195 3
98 196 6
98 197 10
99 198 3
99 199 2
100 200 4
