# Edges (u,v,w)
1 2 9
1 3 7
2 4 8
2 5 9
3 6 8
3 7 2
4 8 9
4 9 1
5 10 3
5 11 10
6 12 1
6 13 3
7 14 2
7 15 9
8 16 2
8 17 3
9 18 2
9 19 7
10 20 10
10 21 8
11 22 1
11 23 7
12 24 6
12 25 5
13 26 8
13 27 1
14 28 8
14 29 2
15 30 9
15 31 9
16 32 7
16 33 5
17 34 1
17 35 3
18 36 2
18 37 7
19 38 8
19 39 10
20 40 4
20 41 4
21 42 8
21 43 6
22 44 6
22 45 7
23 46 7
23 47 7
24 48 3
24 49 9
25 50 3
25 51 3
26 52 10
26 53 8
27 54 1
27 55 9
28 56 5
28 57 9
29 58 7
29 59 1
30 60 5
30 61 6
31 62 4
31 63 10
32 64 8
32 65 9
33 66 4
33 67 6
34 68 3
34 69 8
35 70 9
35 71 3
36 72 5
36 73 8
37 74 2
37 75 4
38 76 6
38 77 5
39 78 7
39 79 4
40 80 4
40 81 7
41 82 8
41 83 10
42 84 5
42 85 4
43 86 5
43 87 5
44 88 5
44 89 10
45 90 5
45 91 5
46 92 5
46 93 9
47 94 6
47 95 7
48 96 8
48 97 6
49 98 3
49 99 5
50 100 2
50 101 5
51 102 7
51 103 3
52 104 3
52 105 4
53 106 3
53 107 7
54 108 1
54 109 6
55 110 4
55 111 4
56 112 8
56 113 7
57 114 8
57 115 8
58 116 10
58 117 2
59 118 4
59 119 4
60 120 9
60 121 8
61 122 4
61 123 8
62 124 1
62 125 6
63 126 8
63 127 1
64 128 3
64 129 9
65 130 8
65 131 9
66 132 2
66 133 2
67 134 7
67 135 1
68 136 4
68 137 2
69 138 1
69 139 9
70 140 10
70 141 6
71 142 1
71 143 4
72 144 6
72 145 10
73 146 3
73 147 9
74 148 1
74 149 4
75 150 9
75 151 5
76 152 5
76 153 4
77 154 5
77 155 8
78 156 5
78 157 2
79 158 9
79 159 6
80 160 8
80 161 2
81 162 1
81 163 2
82 164 2
82 165 4
83 166 8
83 167 9
84 168 10
84 169 9
85 170 6
85 171 9
86 172 9
86 173 6
87 174 4
87 175 9
88 176 10
88 177 9
89 178 9
89 179 7
90 180 5
90 181 8
91 182 1
91 183 2
92 184 1
92 185 7
93 186 1
93 187 1
94 188 3
94 189 3
95 190 2
95 191 6
96 192 10
96 193 5
97 194 9
97 195 8
98 196 3
98 197 6
99 198 6
99 199 6
100 200 5
