# Edges (u,v,w)
1 2 5
1 3 5
2 4 9
2 5 1
3 6 10
3 7 1
4 8 8
4 9 3
5 10 10
5 11 8
6 12 5
6 13 2
7 14 9
7 15 6
8 16 8
8 17 2
9 18 5
9 19 8
10 20 7
10 21 8
11 22 7
11 23 1
12 24 1
12 25 10
13 26 7
13 27 3
14 28 8
14 29 7
15 30 1
15 31 6
16 32 7
16 33 10
17 34 1
17 35 6
18 36 1
18 37 1
19 38 8
19 39 7
20 40 7
20 41 6
21 42 7
21 43 10
22 44 5
22 45 3
23 46 3
23 47 5
24 48 10
24 49 2
25 50 7
25 51 9
26 52 5
26 53 4
27 54 3
27 55 10
28 56 4
28 57 5
29 58 2
29 59 2
30 60 7
30 61 9
31 62 7
31 63 9
32 64 9
32 65 10
33 66 7
33 67 9
34 68 9
34 69 3
35 70 1
35 71 5
36 72 3
36 73 4
37 74 1
37 75 9
38 76 9
38 77 7
39 78 10
39 79 9
40 80 1
40 81 1
41 82 3
41 83 1
42 84 1
42 85 1
43 86 5
43 87 8
44 88 4
44 89 9
45 90 1
45 91 8
46 92 4
46 93 1
47 94 1
47 95 5
48 96 4
48 97 7
49 98 10
49 99 6
50 100 7
50 101 4
51 102 2
51 103 5
52 104 6
52 105 6
53 106 4
53 107 7
54 108 2
54 109 6
55 110 4
55 111 2
56 112 10
56 113 4
57 114 7
57 115 1
58 116 6
58 117 7
59 118 8
59 119 9
60 120 2
60 121 9
61 122 5
61 123 1
62 124 1
62 125 8
63 126 9
63 127 3
64 128 5
64 129 6
65 130 10
65 131 7
66 132 1
66 133 8
67 134 4
67 135 5
68 136 6
68 137 10
69 138 4
69 139 5
70 140 3
70 141 3
71 142 4
71 143 4
72 144 4
72 145 5
73 146 6
73 147 1
74 148 6
74 149 2
75 150 3
75 151 5
76 152 8
76 153 8
77 154 8
77 155 4
78 156 7
78 157 7
79 158 3
79 159 4
80 160 7
80 161 2
81 162 6
81 163 1
82 164 1
82 165 3
83 166 5
83 167 6
84 168 7
84 169 1
85 170 8
85 171 3
86 172 5
86 173 8
87 174 1
87 175 6
88 176 9
88 177 10
89 178 4
89 179 2
90 180 7
90 181 10
91 182 5
91 183 4
92 184 2
92 185 3
93 186 5
93 187 2
94 188 10
94 189 3
95 190 1
95 191 7
96 192 2
96 193 4
97 194 7
97 195 1
98 196 1
98 197 5
99 198 7
99 199 10
100 200 9
