# Edges (u,v,w)
1 2 5
1 3 4
2 4 1
2 5 3
3 6 8
3 7 6
4 8 2
4 9 2
5 10 10
5 11 6
6 12 8
6 13 6
7 14 2
7 15 4
8 16 1
8 17 3
9 18 8
9 19 5
10 20 5
10 21 7
11 22 1
11 23 6
12 24 1
12 25 6
13 26 5
13 27 8
14 28 10
14 29 10
15 30 6
15 31 9
16 32 5
16 33 9
17 34 9
17 35 7
18 36 8
18 37 4
19 38 4
19 39 9
20 40 10
20 41 3
21 42 6
21 43 4
22 44 7
22 45 1
23 46 2
23 47 10
24 48 10
24 49 6
25 50 5
25 51 1
26 52 6
26 53 1
27 54 10
27 55 9
28 56 3
28 57 8
29 58 4
29 59 6
30 60 9
30 61 1
31 62 2
31 63 9
32 64 3
32 65 6
33 66 4
33 67 5
34 68 3
34 69 10
35 70 10
35 71 5
36 72 10
36 73 2
37 74 8
37 75 8
38 76 1
38 77 1
39 78 7
39 79 8
40 80 8
40 81 1
41 82 3
41 83 10
42 84 3
42 85 2
43 86 6
43 87 2
44 88 9
44 89 6
45 90 4
45 91 9
46 92 6
46 93 4
47 94 4
47 95 10
48 96 5
48 97 8
49 98 2
49 99 9
50 100 1
50 101 5
51 102 7
51 103 6
52 104 7
52 105 1
53 106 9
53 107 6
54 108 7
54 109 7
55 110 2
55 111 2
56 112 1
56 113 8
57 114 3
57 115 9
58 116 7
58 117 6
59 118 6
59 119 1
60 120 10
60 121 6
61 122 9
61 123 6
62 124 1
62 125 8
63 126 9
63 127 2
64 128 8
64 129 5
65 130 6
65 131 4
66 132 9
66 133 2
67 134 7
67 135 5
68 136 6
68 137 4
69 138 10
69 139 10
70 140 5
70 141 3
71 142 2
71 143 9
72 144 6
72 145 4
73 146 8
73 147 7
74 148 3
74 149 5
75 150 5
75 151 1
76 152 10
76 153 4
77 154 8
77 155 4
78 156 6
78 157 3
79 158 6
79 159 4
80 160 4
80 161 6
81 162 4
81 163 6
82 164 3
82 165 1
83 166 6
83 167 4
84 168 2
84 169 1
85 170 7
85 171 7
86 172 7
86 173 9
87 174 6
87 175 3
88 176 3
88 177 1
89 178 4
89 179 6
90 180 3
90 181 1
91 182 10
91 183 2
92 184 4
92 185 3
93 186 8
93 187 10
94 188 3
94 189 1
95 190 4
95 191 8
96 192 2
96 193 7
97 194 9
97 195 7
98 196 1
98 197 9
99 198 7
99 199 9
100 200 1
