# Edges (u,v,w)
1 2 4
1 3 4
2 4 7
2 5 5
3 6 10
3 7 2
4 8 4
4 9 2
5 10 4
5 11 3
6 12 7
6 13 10
7 14 10
7 15 1
8 16 3
8 17 6
9 18 10
9 19 9
10 20 4
10 21 1
11 22 10
11 23 3
12 24 5
12 25 8
13 26 5
13 27 8
14 28 4
14 29 5
15 30 3
15 31 8
16 32 9
16 33 4
17 34 5
17 35 3
18 36 1
18 37 6
19 38 8
19 39 8
20 40 9
20 41 4
21 42 8
21 43 4
22 44 2
22 45 2
23 46 8
23 47 4
24 48 6
24 49 8
25 50 4
25 51 7
26 52 5
26 53 5
27 54 10
27 55 3
28 56 8
28 57 1
29 58 8
29 59 4
30 60 9
30 61 7
31 62 10
31 63 2
32 64 10
32 65 1
33 66 5
33 67 3
34 68 8
34 69 3
35 70 2
35 71 8
36 72 7
36 73 5
37 74 5
37 75 3
38 76 1
38 77 4
39 78 4
39 79 9
40 80 7
40 81 3
41 82 2
41 83 10
42 84 8
42 85 6
43 86 10
43 87 4
44 88 9
44 89 2
45 90 5
45 91 6
46 92 10
46 93 7
47 94 1
47 95 1
48 96 10
48 97 3
49 98 8
49 99 3
50 100 5
50 101 8
51 102 9
51 103 4
52 104 5
52 105 2
53 106 7
53 107 9
54 108 8
54 109 9
55 110 1
55 111 9
56 112 4
56 113 9
57 114 9
57 115 7
58 116 10
58 117 7
59 118 8
59 119 10
60 120 7
60 121 6
61 122 3
61 123 2
62 124 5
62 125 3
63 126 7
63 127 8
64 128 4
64 129 10
65 130 7
65 131 2
66 132 8
66 133 6
67 134 2
67 135 4
68 136 7
68 137 6
69 138 2
69 139 2
70 140 5
70 141 1
71 142 8
71 143 5
72 144 1
72 145 1
73 146 6
73 147 10
74 148 1
74 149 5
75 150 6
75 151 8
76 152 8
76 153 10
77 154 10
77 155 9
78 156 3
78 157 3
79 158 4
79 159 2
80 160 8
80 161 5
81 162 7
81 163 1
82 164 8
82 165 7
83 166 2
83 167 2
84 168 1
84 169 3
85 170 7
85 171 6
86 172 10
86 173 6
87 174 5
87 175 3
88 176 1
88 177 9
89 178 4
89 179 6
90 180 8
90 181 9
91 182 9
91 183 9
92 184 6
92 185 8
93 186 6
93 187 8
94 188 7
94 189 8
95 190 5
95 191 3
96 192 4
96 193 3
97 194 2
97 195 6
98 196 3
98 197 1
99 198 6
99 199 4
100 200 8
