# Edges (u,v,w)
1 2 5
1 3 1
2 4 8
2 5 5
3 6 7
3 7 5
4 8 8
4 9 2
5 10 2
5 11 1
6 12 2
6 13 2
7 14 6
7 15 4
8 16 1
8 17 6
9 18 10
9 19 9
10 20 4
10 21 2
11 22 7
11 23 4
12 24 2
12 25 3
13 26 5
13 27 2
14 28 7
14 29 8
15 30 3
15 31 9
16 32 6
16 33 3
17 34 8
17 35 10
18 36 10
18 37 9
19 38 4
19 39 1
20 40 4
20 41 2
21 42 2
21 43 6
22 44 6
22 45 4
23 46 9
23 47 4
24 48 8
24 49 8
25 50 4
25 51 6
26 52 9
26 53 7
27 54 9
27 55 9
28 56 2
28 57 7
29 58 10
29 59 3
30 60 8
30 61 1
31 62 2
31 63 9
32 64 7
32 65 7
33 66 1
33 67 7
34 68 2
34 69 7
35 70 3
35 71 2
36 72 9
36 73 2
37 74 8
37 75 1
38 76 10
38 77 4
39 78 4
39 79 3
40 80 3
40 81 7
41 82 5
41 83 7
42 84 7
42 85 2
43 86 8
43 87 2
44 88 5
44 89 1
45 90 3
45 91 9
46 92 3
46 93 8
47 94 10
47 95 2
48 96 6
48 97 7
49 98 5
49 99 4
50 100 8
50 101 4
51 102 1
51 103 5
52 104 8
52 105 4
53 106 8
53 107 9
54 108 10
54 109 5
55 110 7
55 111 5
56 112 10
56 113 7
57 114 1
57 115 3
58 116 3
58 117 8
59 118 8
59 119 2
60 120 8
60 121 1
61 122 5
61 123 6
62 124 2
62 125 1
63 126 1
63 127 9
64 128 5
64 129 7
65 130 8
65 131 1
66 132 5
66 133 6
67 134 10
67 135 10
68 136 5
68 137 4
69 138 9
69 139 5
70 140 2
70 141 8
71 142 8
71 143 5
72 144 3
72 145 5
73 146 4
73 147 9
74 148 4
74 149 8
75 150 10
75 151 5
76 152 3
76 153 6
77 154 2
77 155 8
78 156 10
78 157 7
79 158 3
79 159 10
80 160 8
80 161 2
81 162 4
81 163 8
82 164 3
82 165 10
83 166 1
83 167 9
84 168 6
84 169 9
85 170 10
85 171 10
86 172 8
86 173 7
87 174 4
87 175 9
88 176 1
88 177 8
89 178 5
89 179 10
90 180 10
90 181 2
91 182 1
91 183 8
92 184 7
92 185 1
93 186 8
93 187 7
94 188 7
94 189 2
95 190 4
95 191 2
96 192 1
96 193 5
97 194 1
97 195 6
98 196 7
98 197 2
99 198 6
99 199 9
100 200 8
