# Edges (u,v,w)
1 2 6
1 3 8
2 4 4
2 5 2
3 6 1
3 7 7
4 8 5
4 9 8
5 10 5
5 11 1
6 12 8
6 13 7
7 14 9
7 15 5
8 16 2
8 17 8
9 18 5
9 19 6
10 20 7
10 21 8
11 22 4
11 23 4
12 24 1
12 25 10
13 26 7
13 27 7
14 28 8
14 29 2
15 30 10
15 31 3
16 32 3
16 33 7
17 34 8
17 35 8
18 36 8
18 37 7
19 38 5
19 39 10
20 40 5
20 41 4
21 42 6
21 43 8
22 44 10
22 45 10
23 46 9
23 47 3
24 48 10
24 49 10
25 50 10
25 51 4
26 52 1
26 53 2
27 54 4
27 55 5
28 56 7
28 57 3
29 58 5
29 59 5
30 60 8
30 61 10
31 62 7
31 63 4
32 64 4
32 65 3
33 66 5
33 67 4
34 68 8
34 69 5
35 70 8
35 71 1
36 72 7
36 73 9
37 74 8
37 75 7
38 76 3
38 77 5
39 78 4
39 79 8
40 80 4
40 81 4
41 82 1
41 83 1
42 84 4
42 85 9
43 86 7
43 87 6
44 88 2
44 89 7
45 90 10
45 91 7
46 92 5
46 93 4
47 94 4
47 95 4
48 96 2
48 97 10
49 98 7
49 99 5
50 100 9
50 101 1
51 102 8
51 103 2
52 104 2
52 105 8
53 106 7
53 107 6
54 108 9
54 109 2
55 110 2
55 111 3
56 112 10
56 113 3
57 114 1
57 115 5
58 116 5
58 117 7
59 118 5
59 119 8
60 120 2
60 121 9
61 122 1
61 123 6
62 124 3
62 125 4
63 126 2
63 127 9
64 128 5
64 129 9
65 130 8
65 131 7
66 132 9
66 133 6
67 134 6
67 135 8
68 136 7
68 137 7
69 138 5
69 139 10
70 140 5
70 141 10
71 142 4
71 143 10
72 144 10
72 145 2
73 146 10
73 147 10
74 148 7
74 149 10
75 150 1
75 151 8
76 152 2
76 153 10
77 154 3
77 155 9
78 156 5
78 157 5
79 158 5
79 159 9
80 160 3
80 161 2
81 162 10
81 163 9
82 164 9
82 165 7
83 166 3
83 167 9
84 168 7
84 169 3
85 170 6
85 171 4
86 172 6
86 173 5
87 174 2
87 175 4
88 176 4
88 177 3
89 178 10
89 179 9
90 180 1
90 181 6
91 182 3
91 183 5
92 184 10
92 185 4
93 186 5
93 187 5
94 188 6
94 189 5
95 190 3
95 191 5
96 192 7
96 193 5
97 194 8
97 195 8
98 196 3
98 197 8
99 198 2
99 199 5
100 200 7
