# Edges (u,v,w)
1 2 9
1 3 3
2 4 10
2 5 10
3 6 5
3 7 5
4 8 8
4 9 3
5 10 4
5 11 9
6 12 9
6 13 9
7 14 4
7 15 8
8 16 5
8 17 10
9 18 6
9 19 7
10 20 8
10 21 7
11 22 2
11 23 6
12 24 8
12 25 3
13 26 5
13 27 7
14 28 2
14 29 5
15 30 6
15 31 8
16 32 4
16 33 10
17 34 10
17 35 2
18 36 9
18 37 9
19 38 5
19 39 7
20 40 4
20 41 4
21 42 5
21 43 8
22 44 4
22 45 10
23 46 3
23 47 4
24 48 4
24 49 4
25 50 2
25 51 4
26 52 4
26 53 4
27 54 2
27 55 6
28 56 6
28 57 8
29 58 10
29 59 3
30 60 9
30 61 3
31 62 9
31 63 10
32 64 8
32 65 7
33 66 3
33 67 5
34 68 6
34 69 6
35 70 9
35 71 3
36 72 7
36 73 5
37 74 8
37 75 7
38 76 3
38 77 5
39 78 4
39 79 1
40 80 6
40 81 7
41 82 7
41 83 3
42 84 8
42 85 9
43 86 2
43 87 4
44 88 5
44 89 3
45 90 5
45 91 6
46 92 5
46 93 6
47 94 4
47 95 1
48 96 3
48 97 7
49 98 9
49 99 6
50 100 4
50 101 1
51 102 9
51 103 6
52 104 7
52 105 6
53 106 4
53 107 9
54 108 5
54 109 5
55 110 1
55 111 4
56 112 10
56 113 6
57 114 4
57 115 1
58 116 2
58 117 9
59 118 1
59 119 1
60 120 6
60 121 10
61 122 9
61 123 4
62 124 7
62 125 6
63 126 7
63 127 9
64 128 9
64 129 1
65 130 5
65 131 1
66 132 1
66 133 6
67 134 5
67 135 8
68 136 6
68 137 6
69 138 6
69 139 9
70 140 4
70 141 9
71 142 10
71 143 7
72 144 3
72 145 8
73 146 1
73 147 9
74 148 8
74 149 8
75 150 3
75 151 5
76 152 7
76 153 10
77 154 7
77 155 9
78 156 4
78 157 2
79 158 9
79 159 7
80 160 9
80 161 10
81 162 7
81 163 9
82 164 10
82 165 6
83 166 5
83 167 7
84 168 10
84 169 10
85 170 10
85 171 8
86 172 9
86 173 2
87 174 9
87 175 3
88 176 8
88 177 2
89 178 2
89 179 3
90 180 1
90 181 6
91 182 4
91 183 5
92 184 3
92 185 5
93 186 9
93 187 6
94 188 10
94 189 9
95 190 10
95 191 4
96 192 2
96 193 10
97 194 6
97 195 10
98 196 2
98 197 10
99 198 7
99 199 4
100 200 6
