# Edges (u,v,w)
1 2 8
1 3 8
2 4 4
2 5 4
3 6 6
3 7 5
4 8 9
4 9 6
5 10 5
5 11 10
6 12 5
6 13 5
7 14 5
7 15 1
8 16 5
8 17 5
9 18 1
9 19 3
10 20 4
10 21 7
11 22 6
11 23 4
12 24 3
12 25 1
13 26 5
13 27 5
14 28 8
14 29 7
15 30 6
15 31 1
16 32 3
16 33 5
17 34 10
17 35 8
18 36 1
18 37 8
19 38 1
19 39 6
20 40 6
20 41 2
21 42 7
21 43 9
22 44 2
22 45 3
23 46 7
23 47 2
24 48 2
24 49 4
25 50 3
25 51 7
26 52 1
26 53 4
27 54 6
27 55 4
28 56 1
28 57 5
29 58 1
29 59 1
30 60 2
30 61 2
31 62 1
31 63 4
32 64 4
32 65 7
33 66 1
33 67 10
34 68 4
34 69 7
35 70 9
35 71 6
36 72 4
36 73 10
37 74 9
37 75 7
38 76 6
38 77 10
39 78 7
39 79 8
40 80 10
40 81 7
41 82 4
41 83 5
42 84 1
42 85 9
43 86 3
43 87 1
44 88 8
44 89 4
45 90 9
45 91 2
46 92 2
46 93 7
47 94 8
47 95 1
48 96 5
48 97 5
49 98 4
49 99 10
50 100 7
50 101 2
51 102 1
51 103 3
52 104 1
52 105 2
53 106 6
53 107 7
54 108 7
54 109 3
55 110 2
55 111 9
56 112 4
56 113 6
57 114 9
57 115 2
58 116 1
58 117 3
59 118 9
59 119 3
60 120 5
60 121 6
61 122 1
61 123 10
62 124 3
62 125 8
63 126 2
63 127 8
64 128 9
64 129 4
65 130 9
65 131 6
66 132 10
66 133 5
67 134 9
67 135 3
68 136 8
68 137 8
69 138 7
69 139 5
70 140 4
70 141 7
71 142 10
71 143 10
72 144 10
72 145 3
73 146 7
73 147 9
74 148 5
74 149 7
75 150 9
75 151 6
76 152 9
76 153 8
77 154 2
77 155 8
78 156 8
78 157 2
79 158 2
79 159 9
80 160 8
80 161 9
81 162 2
81 163 6
82 164 4
82 165 5
83 166 3
83 167 1
84 168 3
84 169 6
85 170 6
85 171 2
86 172 4
86 173 10
87 174 4
87 175 2
88 176 3
88 177 7
89 178 1
89 179 1
90 180 4
90 181 5
91 182 1
91 183 3
92 184 6
92 185 3
93 186 1
93 187 4
94 188 3
94 189 7
95 190 7
95 191 4
96 192 3
96 193 9
97 194 6
97 195 2
98 196 8
98 197 6
99 198 1
99 199 4
100 200 5
