# Edges (u,v,w)
1 2 8
1 3 8
2 4 4
2 5 1
3 6 6
3 7 9
4 8 3
4 9 4
5 10 3
5 11 7
6 12 3
6 13 2
7 14 1
7 15 6
8 16 4
8 17 1
9 18 2
9 19 8
10 20 8
10 21 3
11 22 8
11 23 1
12 24 4
12 25 1
13 26 8
13 27 3
14 28 1
14 29 3
15 30 8
15 31 4
16 32 1
16 33 3
17 34 4
17 35 3
18 36 9
18 37 2
19 38 9
19 39 9
20 40 9
20 41 5
21 42 7
21 43 3
22 44 4
22 45 6
23 46 8
23 47 3
24 48 6
24 49 5
25 50 5
25 51 10
26 52 9
26 53 6
27 54 5
27 55 8
28 56 7
28 57 8
29 58 10
29 59 3
30 60 9
30 61 8
31 62 8
31 63 5
32 64 6
32 65 8
33 66 6
33 67 6
34 68 10
34 69 3
35 70 6
35 71 9
36 72 6
36 73 3
37 74 9
37 75 10
38 76 9
38 77 8
39 78 4
39 79 4
40 80 6
40 81 2
41 82 8
41 83 7
42 84 5
42 85 7
43 86 6
43 87 10
44 88 2
44 89 1
45 90 2
45 91 6
46 92 3
46 93 10
47 94 2
47 95 9
48 96 3
48 97 3
49 98 7
49 99 1
50 100 2
50 101 2
51 102 2
51 103 6
52 104 4
52 105 1
53 106 5
53 107 2
54 108 1
54 109 4
55 110 6
55 111 5
56 112 1
56 113 10
57 114 1
57 115 3
58 116 5
58 117 10
59 118 9
59 119 8
60 120 4
60 121 8
61 122 10
61 123 8
62 124 10
62 125 3
63 126 5
63 127 2
64 128 4
64 129 1
65 130 3
65 131 8
66 132 4
66 133 9
67 134 5
67 135 9
68 136 6
68 137 4
69 138 6
69 139 3
70 140 9
70 141 5
71 142 5
71 143 3
72 144 9
72 145 10
73 146 7
73 147 10
74 148 3
74 149 5
75 150 6
75 151 9
76 152 5
76 153 6
77 154 8
77 155 10
78 156 1
78 157 7
79 158 3
79 159 9
80 160 2
80 161 5
81 162 9
81 163 7
82 164 10
82 165 8
83 166 10
83 167 6
84 168 6
84 169 10
85 170 7
85 171 1
86 172 8
86 173 9
87 174 8
87 175 1
88 176 5
88 177 9
89 178 5
89 179 1
90 180 7
90 181 5
91 182 10
91 183 7
92 184 4
92 185 4
93 186 6
93 187 8
94 188 8
94 189 9
95 190 6
95 191 5
96 192 9
96 193 3
97 194 5
97 195 2
98 196 2
98 197 10
99 198 5
99 199 5
100 200 5
