# Edges (u,v,w)
1 2 8
1 3 7
2 4 2
2 5 2
3 6 1
3 7 8
4 8 7
4 9 10
5 10 3
5 11 5
6 12 6
6 13 8
7 14 2
7 15 6
8 16 2
8 17 6
9 18 6
9 19 7
10 20 2
10 21 4
11 22 4
11 23 9
12 24 3
12 25 8
13 26 4
13 27 3
14 28 6
14 29 5
15 30 6
15 31 4
16 32 8
16 33 10
17 34 8
17 35 10
18 36 6
18 37 7
19 38 5
19 39 6
20 40 1
20 41 4
21 42 7
21 43 2
22 44 6
22 45 8
23 46 3
23 47 2
24 48 5
24 49 4
25 50 6
25 51 9
26 52 2
26 53 3
27 54 8
27 55 9
28 56 5
28 57 10
29 58 10
29 59 4
30 60 3
30 61 3
31 62 9
31 63 7
32 64 1
32 65 2
33 66 8
33 67 7
34 68 9
34 69 2
35 70 9
35 71 6
36 72 6
36 73 8
37 74 7
37 75 10
38 76 10
38 77 1
39 78 9
39 79 10
40 80 8
40 81 3
41 82 3
41 83 4
42 84 10
42 85 9
43 86 6
43 87 4
44 88 2
44 89 8
45 90 6
45 91 3
46 92 3
46 93 7
47 94 2
47 95 6
48 96 6
48 97 1
49 98 3
49 99 8
50 100 2
50 101 5
51 102 5
51 103 10
52 104 6
52 105 10
53 106 5
53 107 9
54 108 9
54 109 5
55 110 5
55 111 5
56 112 2
56 113 3
57 114 5
57 115 9
58 116 4
58 117 5
59 118 7
59 119 3
60 120 1
60 121 6
61 122 9
61 123 7
62 124 7
62 125 10
63 126 8
63 127 1
64 128 4
64 129 1
65 130 10
65 131 1
66 132 10
66 133 3
67 134 4
67 135 3
68 136 2
68 137 7
69 138 2
69 139 6
70 140 6
70 141 7
71 142 3
71 143 2
72 144 2
72 145 6
73 146 9
73 147 4
74 148 3
74 149 1
75 150 4
75 151 5
76 152 6
76 153 10
77 154 8
77 155 9
78 156 4
78 157 5
79 158 6
79 159 9
80 160 5
80 161 2
81 162 7
81 163 7
82 164 3
82 165 1
83 166 8
83 167 9
84 168 3
84 169 6
85 170 8
85 171 7
86 172 5
86 173 10
87 174 10
87 175 5
88 176 4
88 177 3
89 178 5
89 179 1
90 180 3
90 181 1
91 182 10
91 183 7
92 184 7
92 185 4
93 186 4
93 187 2
94 188 3
94 189 7
95 190 7
95 191 3
96 192 1
96 193 1
97 194 6
97 195 5
98 196 9
98 197 5
99 198 9
99 199 7
100 200 10
