# Edges (u,v,w)
1 2 7
1 3 4
2 4 3
2 5 1
3 6 5
3 7 5
4 8 8
4 9 1
5 10 2
5 11 8
6 12 1
6 13 4
7 14 4
7 15 10
8 16 7
8 17 2
9 18 8
9 19 9
10 20 5
10 21 9
11 22 4
11 23 9
12 24 3
12 25 5
13 26 10
13 27 5
14 28 9
14 29 6
15 30 5
15 31 5
16 32 7
16 33 8
17 34 6
17 35 8
18 36 7
18 37 5
19 38 7
19 39 6
20 40 10
20 41 2
21 42 1
21 43 6
22 44 4
22 45 8
23 46 1
23 47 5
24 48 1
24 49 5
25 50 1
25 51 9
26 52 3
26 53 10
27 54 8
27 55 1
28 56 1
28 57 9
29 58 5
29 59 9
30 60 8
30 61 1
31 62 8
31 63 10
32 64 2
32 65 3
33 66 1
33 67 3
34 68 8
34 69 7
35 70 1
35 71 10
36 72 1
36 73 2
37 74 5
37 75 7
38 76 9
38 77 8
39 78 5
39 79 3
40 80 5
40 81 10
41 82 2
41 83 2
42 84 3
42 85 8
43 86 6
43 87 6
44 88 6
44 89 9
45 90 3
45 91 10
46 92 1
46 93 2
47 94 1
47 95 6
48 96 6
48 97 9
49 98 7
49 99 9
50 100 1
50 101 5
51 102 5
51 103 8
52 104 9
52 105 10
53 106 6
53 107 8
54 108 10
54 109 5
55 110 4
55 111 6
56 112 10
56 113 8
57 114 8
57 115 1
58 116 10
58 117 5
59 118 6
59 119 3
60 120 7
60 121 6
61 122 7
61 123 10
62 124 10
62 125 9
63 126 6
63 127 4
64 128 7
64 129 2
65 130 10
65 131 7
66 132 8
66 133 1
67 134 9
67 135 4
68 136 5
68 137 3
69 138 9
69 139 9
70 140 1
70 141 7
71 142 9
71 143 3
72 144 9
72 145 10
73 146 10
73 147 3
74 148 2
74 149 7
75 150 3
75 151 1
76 152 6
76 153 9
77 154 10
77 155 4
78 156 5
78 157 7
79 158 2
79 159 10
80 160 8
80 161 8
81 162 4
81 163 9
82 164 3
82 165 3
83 166 9
83 167 2
84 168 4
84 169 2
85 170 8
85 171 9
86 172 9
86 173 5
87 174 7
87 175 4
88 176 10
88 177 10
89 178 5
89 179 2
90 180 1
90 181 9
91 182 2
91 183 8
92 184 10
92 185 4
93 186 7
93 187 7
94 188 7
94 189 1
95 190 6
95 191 4
96 192 7
96 193 1
97 194 5
97 195 4
98 196 5
98 197 3
99 198 3
99 199 1
100 200 10
