# Edges (u,v,w)
1 2 8
1 3 1
2 4 7
2 5 8
3 6 7
3 7 2
4 8 7
4 9 10
5 10 10
5 11 1
6 12 4
6 13 10
7 14 7
7 15 6
8 16 3
8 17 1
9 18 4
9 19 10
10 20 6
10 21 7
11 22 8
11 23 4
12 24 10
12 25 8
13 26 8
13 27 6
14 28 10
14 29 3
15 30 1
15 31 6
16 32 5
16 33 9
17 34 9
17 35 2
18 36 7
18 37 2
19 38 1
19 39 2
20 40 7
20 41 1
21 42 8
21 43 8
22 44 5
22 45 7
23 46 10
23 47 8
24 48 5
24 49 6
25 50 5
25 51 2
26 52 1
26 53 7
27 54 7
27 55 3
28 56 9
28 57 7
29 58 6
29 59 2
30 60 10
30 61 9
31 62 5
31 63 5
32 64 6
32 65 4
33 66 5
33 67 7
34 68 4
34 69 1
35 70 3
35 71 2
36 72 5
36 73 2
37 74 4
37 75 7
38 76 3
38 77 7
39 78 9
39 79 7
40 80 6
40 81 6
41 82 3
41 83 4
42 84 7
42 85 3
43 86 2
43 87 7
44 88 10
44 89 5
45 90 5
45 91 1
46 92 7
46 93 2
47 94 6
47 95 3
48 96 8
48 97 5
49 98 2
49 99 5
50 100 9
50 101 7
51 102 9
51 103 3
52 104 1
52 105 3
53 106 6
53 107 2
54 108 8
54 109 4
55 110 4
55 111 4
56 112 6
56 113 8
57 114 2
57 115 4
58 116 9
58 117 8
59 118 8
59 119 7
60 120 7
60 121 3
61 122 1
61 123 5
62 124 3
62 125 4
63 126 3
63 127 6
64 128 1
64 129 4
65 130 1
65 131 5
66 132 2
66 133 5
67 134 10
67 135 4
68 136 3
68 137 10
69 138 2
69 139 4
70 140 1
70 141 4
71 142 6
71 143 4
72 144 7
72 145 6
73 146 9
73 147 4
74 148 9
74 149 1
75 150 5
75 151 7
76 152 9
76 153 3
77 154 8
77 155 2
78 156 2
78 157 2
79 158 9
79 159 4
80 160 9
80 161 4
81 162 1
81 163 5
82 164 2
82 165 8
83 166 10
83 167 2
84 168 9
84 169 6
85 170 5
85 171 5
86 172 10
86 173 10
87 174 7
87 175 5
88 176 1
88 177 5
89 178 8
89 179 4
90 180 10
90 181 10
91 182 6
91 183 6
92 184 3
92 185 3
93 186 6
93 187 1
94 188 3
94 189 9
95 190 3
95 191 8
96 192 6
96 193 1
97 194 1
97 195 4
98 196 5
98 197 5
99 198 5
99 199 2
100 200 1
