# Edges (u,v,w)
1 2 4
1 3 9
2 4 9
2 5 6
3 6 10
3 7 9
4 8 6
4 9 3
5 10 4
5 11 10
6 12 2
6 13 10
7 14 8
7 15 10
8 16 3
8 17 2
9 18 2
9 19 2
10 20 8
10 21 7
11 22 3
11 23 1
12 24 10
12 25 3
13 26 8
13 27 8
14 28 2
14 29 2
15 30 3
15 31 3
16 32 4
16 33 4
17 34 7
17 35 1
18 36 1
18 37 2
19 38 10
19 39 1
20 40 6
20 41 4
21 42 6
21 43 1
22 44 5
22 45 10
23 46 10
23 47 1
24 48 7
24 49 6
25 50 2
25 51 3
26 52 3
26 53 9
27 54 3
27 55 5
28 56 10
28 57 2
29 58 6
29 59 2
30 60 4
30 61 1
31 62 7
31 63 10
32 64 3
32 65 10
33 66 5
33 67 1
34 68 9
34 69 5
35 70 6
35 71 3
36 72 1
36 73 1
37 74 3
37 75 3
38 76 10
38 77 6
39 78 7
39 79 5
40 80 6
40 81 6
41 82 7
41 83 6
42 84 6
42 85 2
43 86 7
43 87 3
44 88 3
44 89 2
45 90 5
45 91 9
46 92 4
46 93 8
47 94 7
47 95 5
48 96 1
48 97 6
49 98 10
49 99 1
50 100 4
50 101 6
51 102 3
51 103 7
52 104 5
52 105 4
53 106 1
53 107 8
54 108 5
54 109 2
55 110 1
55 111 6
56 112 4
56 113 5
57 114 10
57 115 5
58 116 1
58 117 7
59 118 10
59 119 4
60 120 1
60 121 4
61 122 10
61 123 4
62 124 1
62 125 1
63 126 9
63 127 2
64 128 4
64 129 4
65 130 9
65 131 8
66 132 4
66 133 5
67 134 8
67 135 2
68 136 4
68 137 9
69 138 10
69 139 2
70 140 5
70 141 10
71 142 7
71 143 5
72 144 4
72 145 10
73 146 8
73 147 2
74 148 7
74 149 5
75 150 3
75 151 4
76 152 1
76 153 9
77 154 9
77 155 4
78 156 6
78 157 2
79 158 5
79 159 7
80 160 7
80 161 3
81 162 5
81 163 10
82 164 5
82 165 7
83 166 5
83 167 10
84 168 5
84 169 6
85 170 2
85 171 1
86 172 2
86 173 6
87 174 1
87 175 4
88 176 7
88 177 8
89 178 2
89 179 10
90 180 1
90 181 7
91 182 2
91 183 6
92 184 10
92 185 1
93 186 2
93 187 2
94 188 4
94 189 9
95 190 9
95 191 4
96 192 6
96 193 6
97 194 5
97 195 3
98 196 10
98 197 2
99 198 5
99 199 4
100 200 5
