# Edges (u,v,w)
1 2 6
2 3 7
2 4 8
3 5 10
3 6 5
4 7 5
4 8 5
5 9 8
5 10 10
6 11 5
6 12 6
7 13 8
7 14 10
8 15 6
8 16 8
9 17 6
9 18 10
10 19 7
10 20 8
11 21 9
11 22 6
12 23 7
12 24 9
13 25 7
13 26 5
14 27 10
14 28 9
15 29 10
15 30 10
16 31 8
16 32 8
17 33 5
17 34 10
18 35 8
18 36 10
19 37 6
19 38 6
20 39 6
20 40 10
21 41 6
21 42 8
22 43 9
22 44 5
23 45 10
23 46 6
24 47 8
24 48 6
25 49 7
25 50 9
26 51 9
26 52 6
27 53 10
27 54 7
28 55 7
28 56 7
29 57 8
29 58 7
30 59 5
30 60 6
31 61 10
31 62 8
32 63 9
32 64 9
33 65 10
33 66 6
34 67 6
34 68 5
35 69 6
35 70 10
36 71 8
36 72 10
37 73 6
37 74 5
38 75 5
38 76 9
39 77 5
39 78 9
40 79 5
40 80 8
41 81 10
41 82 9
42 83 7
42 84 8
43 85 9
43 86 8
44 87 10
44 88 5
45 89 8
45 90 8
46 91 8
46 92 8
47 93 8
47 94 5
48 95 6
48 96 10
49 97 8
49 98 9
50 99 7
50 100 10
