# Edges (u,v,w)
1 2 6
2 3 6
2 4 7
3 5 5
3 6 5
4 7 9
4 8 9
5 9 7
5 10 7
6 11 9
6 12 8
7 13 6
7 14 8
8 15 5
8 16 8
9 17 5
9 18 6
10 19 6
10 20 6
11 21 5
11 22 7
12 23 10
12 24 5
13 25 10
13 26 5
14 27 8
14 28 6
15 29 5
15 30 5
16 31 5
16 32 8
17 33 10
17 34 10
18 35 5
18 36 10
19 37 9
19 38 9
20 39 5
20 40 5
21 41 9
21 42 5
22 43 5
22 44 8
23 45 7
23 46 9
24 47 7
24 48 8
25 49 7
25 50 7
26 51 10
26 52 5
27 53 5
27 54 6
28 55 7
28 56 7
29 57 7
29 58 8
30 59 6
30 60 10
31 61 5
31 62 8
32 63 7
32 64 10
33 65 9
33 66 6
34 67 10
34 68 10
35 69 8
35 70 9
36 71 8
36 72 8
37 73 8
37 74 5
38 75 10
38 76 6
39 77 5
39 78 6
40 79 10
40 80 10
41 81 10
41 82 8
42 83 10
42 84 6
43 85 5
43 86 6
44 87 9
44 88 5
45 89 9
45 90 10
46 91 10
46 92 7
47 93 8
47 94 6
48 95 9
48 96 5
49 97 5
49 98 6
50 99 8
50 100 8
51 101 7
51 102 7
52 103 7
52 104 7
53 105 8
53 106 5
54 107 10
54 108 8
55 109 9
55 110 5
56 111 7
56 112 10
57 113 10
57 114 9
58 115 9
58 116 10
59 117 8
59 118 8
60 119 8
60 120 9
61 121 10
61 122 5
62 123 9
62 124 10
63 125 8
63 126 9
64 127 6
64 128 5
65 129 8
65 130 5
66 131 9
66 132 10
67 133 5
67 134 6
68 135 5
68 136 9
69 137 7
69 138 10
70 139 9
70 140 7
71 141 5
71 142 6
72 143 9
72 144 10
73 145 6
73 146 9
74 147 5
74 148 10
75 149 9
75 150 6
76 151 8
76 152 10
77 153 9
77 154 7
78 155 7
78 156 10
79 157 6
79 158 9
80 159 7
80 160 8
81 161 10
81 162 5
82 163 7
82 164 10
83 165 8
83 166 10
84 167 9
84 168 7
85 169 9
85 170 8
86 171 10
86 172 8
87 173 7
87 174 9
88 175 9
88 176 10
89 177 7
89 178 6
90 179 10
90 180 9
91 181 8
91 182 9
92 183 7
92 184 7
93 185 5
93 186 8
94 187 5
94 188 7
95 189 10
95 190 5
96 191 9
96 192 8
97 193 6
97 194 9
98 195 10
98 196 7
99 197 5
99 198 9
100 199 9
100 200 7
