# Edges (u,v,w)
1 2 10
2 3 45
2 4 61
3 5 31
3 6 8
4 7 34
4 8 64
5 9 43
5 10 22
6 11 62
6 12 5
7 13 3
7 14 4
8 15 36
8 16 59
9 17 75
9 18 46
10 19 3
10 20 83
11 21 18
11 22 94
12 23 35
12 24 60
13 25 31
13 26 41
14 27 21
14 28 57
15 29 27
15 30 93
16 31 52
16 32 85
17 33 14
17 34 29
18 35 48
18 36 79
19 37 12
19 38 73
20 39 44
20 40 23
21 41 65
21 42 49
22 43 26
22 44 12
23 45 11
23 46 64
24 47 80
24 48 34
25 49 61
25 50 56
26 51 33
26 52 60
27 53 60
27 54 68
28 55 10
28 56 75
29 57 70
29 58 73
30 59 26
30 60 52
31 61 76
31 62 31
32 63 21
32 64 64
33 65 73
33 66 47
34 67 10
34 68 1
35 69 97
35 70 46
36 71 16
36 72 14
37 73 81
37 74 10
38 75 10
38 76 6
39 77 17
39 78 89
40 79 11
40 80 61
