# Edges (u,v,w)
1 2 65
2 3 86
2 4 63
3 5 92
3 6 22
4 7 80
4 8 76
5 9 42
5 10 74
6 11 49
6 12 70
7 13 23
7 14 93
8 15 82
8 16 6
9 17 92
9 18 79
10 19 69
10 20 82
11 21 88
11 22 73
12 23 31
12 24 6
13 25 84
13 26 72
14 27 9
14 28 44
15 29 89
15 30 72
16 31 76
16 32 12
17 33 60
17 34 41
18 35 92
18 36 15
19 37 62
19 38 81
20 39 14
20 40 99
21 41 51
21 42 96
22 43 46
22 44 51
23 45 42
23 46 27
24 47 39
24 48 67
25 49 27
25 50 55
26 51 23
26 52 93
27 53 25
27 54 10
28 55 27
28 56 61
29 57 17
29 58 58
30 59 52
30 60 13
31 61 69
31 62 83
32 63 12
32 64 36
33 65 88
33 66 25
34 67 79
34 68 38
35 69 31
35 70 60
36 71 53
36 72 1
37 73 3
37 74 89
38 75 87
38 76 55
39 77 45
39 78 86
40 79 1
40 80 98
