# Edges (u,v,w)
1 2 67
2 3 38
2 4 18
3 5 19
3 6 44
4 7 55
4 8 1
5 9 56
5 10 87
6 11 48
6 12 85
7 13 69
7 14 97
8 15 11
8 16 35
9 17 33
9 18 44
10 19 35
10 20 58
11 21 1
11 22 71
12 23 6
12 24 5
13 25 27
13 26 69
14 27 35
14 28 21
15 29 44
15 30 47
16 31 65
16 32 51
17 33 30
17 34 93
18 35 85
18 36 36
19 37 19
19 38 67
20 39 13
20 40 23
21 41 16
21 42 35
22 43 95
22 44 11
23 45 45
23 46 94
24 47 82
24 48 2
25 49 29
25 50 44
26 51 41
26 52 83
27 53 9
27 54 27
28 55 7
28 56 34
29 57 53
29 58 18
30 59 57
30 60 35
31 61 67
31 62 86
32 63 27
32 64 37
33 65 97
33 66 10
34 67 76
34 68 98
35 69 21
35 70 19
36 71 45
36 72 24
37 73 56
37 74 35
38 75 19
38 76 89
39 77 74
39 78 82
40 79 48
40 80 75
