# Edges (u,v,w)
1 2 34
2 3 40
2 4 60
3 5 23
3 6 59
4 7 31
4 8 100
5 9 77
5 10 31
6 11 32
6 12 70
7 13 40
7 14 12
8 15 6
8 16 63
9 17 57
9 18 64
10 19 97
10 20 74
11 21 33
11 22 36
12 23 70
12 24 14
13 25 61
13 26 25
14 27 25
14 28 11
15 29 76
15 30 72
16 31 42
16 32 20
17 33 55
17 34 19
18 35 85
18 36 58
19 37 28
19 38 61
20 39 46
20 40 31
21 41 63
21 42 12
22 43 38
22 44 87
23 45 2
23 46 26
24 47 2
24 48 4
25 49 86
25 50 77
26 51 53
26 52 71
27 53 27
27 54 29
28 55 9
28 56 95
29 57 60
29 58 22
30 59 38
30 60 61
31 61 4
31 62 97
32 63 38
32 64 90
33 65 30
33 66 92
34 67 97
34 68 57
35 69 100
35 70 46
36 71 39
36 72 37
37 73 6
37 74 6
38 75 9
38 76 56
39 77 19
39 78 12
40 79 71
40 80 2
