# Edges (u,v,w)
1 2 94
2 3 35
2 4 78
3 5 78
3 6 91
4 7 15
4 8 45
5 9 44
5 10 61
6 11 39
6 12 75
7 13 91
7 14 71
8 15 62
8 16 43
9 17 42
9 18 9
10 19 88
10 20 59
11 21 46
11 22 43
12 23 61
12 24 50
13 25 62
13 26 100
14 27 79
14 28 77
15 29 86
15 30 48
16 31 11
16 32 21
17 33 51
17 34 82
18 35 70
18 36 95
19 37 96
19 38 91
20 39 3
20 40 58
21 41 40
21 42 78
22 43 100
22 44 74
23 45 11
23 46 43
24 47 64
24 48 57
25 49 39
25 50 81
26 51 7
26 52 64
27 53 44
27 54 45
28 55 22
28 56 63
29 57 17
29 58 57
30 59 81
30 60 21
31 61 15
31 62 54
32 63 62
32 64 33
33 65 24
33 66 100
34 67 3
34 68 8
35 69 27
35 70 65
36 71 19
36 72 71
37 73 72
37 74 87
38 75 43
38 76 43
39 77 72
39 78 55
40 79 82
40 80 87
