# Edges (u,v,w)
1 2 33
2 3 47
2 4 13
3 5 13
3 6 63
4 7 62
4 8 17
5 9 99
5 10 55
6 11 13
6 12 68
7 13 26
7 14 9
8 15 61
8 16 12
9 17 72
9 18 94
10 19 7
10 20 66
11 21 95
11 22 16
12 23 79
12 24 64
13 25 11
13 26 62
14 27 22
14 28 73
15 29 79
15 30 56
16 31 82
16 32 72
17 33 32
17 34 32
18 35 30
18 36 7
19 37 73
19 38 30
20 39 60
20 40 6
21 41 95
21 42 10
22 43 58
22 44 22
23 45 85
23 46 48
24 47 20
24 48 94
25 49 28
25 50 26
26 51 65
26 52 77
27 53 54
27 54 86
28 55 82
28 56 88
29 57 88
29 58 48
30 59 30
30 60 66
31 61 27
31 62 91
32 63 25
32 64 17
33 65 78
33 66 59
34 67 32
34 68 39
35 69 82
35 70 92
36 71 78
36 72 67
37 73 50
37 74 99
38 75 5
38 76 44
39 77 31
39 78 12
40 79 21
40 80 85
