# Edges (u,v,w)
1 2 53
2 3 82
2 4 68
3 5 90
3 6 13
4 7 30
4 8 96
5 9 77
5 10 82
6 11 36
6 12 91
7 13 5
7 14 83
8 15 7
8 16 15
9 17 51
9 18 36
10 19 48
10 20 77
11 21 41
11 22 49
12 23 70
12 24 48
13 25 70
13 26 82
14 27 96
14 28 22
15 29 94
15 30 17
16 31 7
16 32 97
17 33 1
17 34 28
18 35 65
18 36 95
19 37 24
19 38 18
20 39 73
20 40 57
21 41 4
21 42 53
22 43 67
22 44 45
23 45 45
23 46 84
24 47 94
24 48 43
25 49 33
25 50 14
26 51 69
26 52 33
27 53 96
27 54 65
28 55 69
28 56 6
29 57 15
29 58 1
30 59 85
30 60 62
31 61 6
31 62 87
32 63 30
32 64 9
33 65 61
33 66 29
34 67 34
34 68 52
35 69 72
35 70 86
36 71 22
36 72 3
37 73 16
37 74 42
38 75 28
38 76 83
39 77 36
39 78 1
40 79 69
40 80 5
