# Edges (u,v,w)
1 2 60
2 3 51
2 4 69
3 5 21
3 6 60
4 7 31
4 8 53
5 9 92
5 10 68
6 11 68
6 12 49
7 13 66
7 14 62
8 15 63
8 16 97
9 17 54
9 18 53
10 19 54
10 20 46
11 21 73
11 22 32
12 23 42
12 24 13
13 25 71
13 26 50
14 27 78
14 28 71
15 29 37
15 30 8
16 31 99
16 32 63
17 33 82
17 34 48
18 35 39
18 36 85
19 37 56
19 38 45
20 39 36
20 40 67
21 41 2
21 42 18
22 43 28
22 44 21
23 45 20
23 46 90
24 47 67
24 48 42
25 49 5
25 50 7
26 51 89
26 52 10
27 53 13
27 54 17
28 55 31
28 56 84
29 57 3
29 58 74
30 59 11
30 60 33
31 61 92
31 62 3
32 63 84
32 64 82
33 65 96
33 66 64
34 67 40
34 68 90
35 69 70
35 70 96
36 71 40
36 72 32
37 73 91
37 74 14
38 75 41
38 76 41
39 77 26
39 78 90
40 79 95
40 80 9
