# Edges (u,v,w)
1 2 34
2 3 71
2 4 52
3 5 90
3 6 13
4 7 98
4 8 25
5 9 87
5 10 40
6 11 96
6 12 36
7 13 97
7 14 89
8 15 27
8 16 79
9 17 90
9 18 56
10 19 92
10 20 22
11 21 98
11 22 36
12 23 80
12 24 15
13 25 21
13 26 63
14 27 66
14 28 1
15 29 31
15 30 57
16 31 90
16 32 87
17 33 74
17 34 63
18 35 4
18 36 25
19 37 56
19 38 35
20 39 15
20 40 14
21 41 83
21 42 11
22 43 85
22 44 52
23 45 90
23 46 9
24 47 62
24 48 75
25 49 100
25 50 54
26 51 98
26 52 87
27 53 80
27 54 5
28 55 75
28 56 55
29 57 1
29 58 85
30 59 42
30 60 95
31 61 91
31 62 5
32 63 32
32 64 65
33 65 90
33 66 18
34 67 26
34 68 19
35 69 63
35 70 11
36 71 87
36 72 49
37 73 31
37 74 84
38 75 88
38 76 61
39 77 3
39 78 3
40 79 49
40 80 74
