# Edges (u,v,w)
1 2 69
2 3 64
2 4 27
3 5 67
3 6 97
4 7 29
4 8 91
5 9 25
5 10 48
6 11 50
6 12 47
7 13 24
7 14 51
8 15 56
8 16 28
9 17 87
9 18 72
10 19 62
10 20 85
11 21 59
11 22 46
12 23 75
12 24 65
13 25 61
13 26 96
14 27 35
14 28 32
15 29 72
15 30 87
16 31 65
16 32 57
17 33 57
17 34 90
18 35 19
18 36 51
19 37 90
19 38 28
20 39 83
20 40 86
21 41 75
21 42 58
22 43 51
22 44 20
23 45 44
23 46 56
24 47 77
24 48 88
25 49 98
25 50 44
26 51 12
26 52 22
27 53 20
27 54 70
28 55 44
28 56 52
29 57 74
29 58 64
30 59 20
30 60 97
31 61 65
31 62 80
32 63 39
32 64 99
33 65 52
33 66 35
34 67 18
34 68 19
35 69 86
35 70 44
36 71 52
36 72 1
37 73 29
37 74 25
38 75 98
38 76 43
39 77 62
39 78 43
40 79 37
40 80 9
