# Edges (u,v,w)
1 2 53
2 3 54
2 4 59
3 5 93
3 6 8
4 7 29
4 8 14
5 9 38
5 10 69
6 11 3
6 12 36
7 13 83
7 14 51
8 15 46
8 16 40
9 17 79
9 18 56
10 19 84
10 20 48
11 21 89
11 22 13
12 23 100
12 24 37
13 25 40
13 26 40
14 27 90
14 28 37
15 29 76
15 30 66
16 31 70
16 32 94
17 33 36
17 34 13
18 35 44
18 36 94
19 37 22
19 38 20
20 39 27
20 40 43
21 41 19
21 42 62
22 43 50
22 44 86
23 45 3
23 46 15
24 47 91
24 48 71
25 49 76
25 50 54
26 51 80
26 52 45
27 53 25
27 54 19
28 55 19
28 56 79
29 57 56
29 58 18
30 59 15
30 60 4
31 61 46
31 62 27
32 63 89
32 64 90
33 65 90
33 66 24
34 67 84
34 68 76
35 69 85
35 70 66
36 71 9
36 72 48
37 73 34
37 74 59
38 75 60
38 76 86
39 77 4
39 78 41
40 79 85
40 80 29
