# Edges (u,v,w)
1 2 4
2 3 91
2 4 1
3 5 97
3 6 38
4 7 5
4 8 57
5 9 25
5 10 100
6 11 89
6 12 31
7 13 79
7 14 88
8 15 39
8 16 55
9 17 30
9 18 28
10 19 17
10 20 37
11 21 86
11 22 90
12 23 35
12 24 76
13 25 67
13 26 84
14 27 71
14 28 74
15 29 19
15 30 8
16 31 32
16 32 79
17 33 50
17 34 7
18 35 51
18 36 81
19 37 100
19 38 54
20 39 54
20 40 9
21 41 62
21 42 65
22 43 35
22 44 95
23 45 71
23 46 12
24 47 15
24 48 50
25 49 5
25 50 61
26 51 25
26 52 55
27 53 77
27 54 96
28 55 29
28 56 54
29 57 3
29 58 96
30 59 85
30 60 38
31 61 67
31 62 1
32 63 15
32 64 91
33 65 83
33 66 41
34 67 49
34 68 20
35 69 3
35 70 53
36 71 62
36 72 94
37 73 16
37 74 19
38 75 63
38 76 38
39 77 25
39 78 41
40 79 16
40 80 21
