# Edges (u,v,w)
1 2 51
2 3 3
2 4 82
3 5 9
3 6 17
4 7 90
4 8 100
5 9 67
5 10 36
6 11 44
6 12 23
7 13 16
7 14 88
8 15 75
8 16 74
9 17 19
9 18 88
10 19 91
10 20 75
11 21 20
11 22 29
12 23 100
12 24 61
13 25 10
13 26 87
14 27 11
14 28 65
15 29 18
15 30 69
16 31 91
16 32 27
17 33 31
17 34 39
18 35 2
18 36 26
19 37 53
19 38 46
20 39 51
20 40 89
21 41 22
21 42 49
22 43 46
22 44 14
23 45 52
23 46 74
24 47 11
24 48 29
25 49 8
25 50 83
26 51 89
26 52 29
27 53 50
27 54 43
28 55 66
28 56 31
29 57 68
29 58 83
30 59 81
30 60 3
31 61 43
31 62 68
32 63 60
32 64 78
33 65 58
33 66 76
34 67 25
34 68 3
35 69 22
35 70 91
36 71 79
36 72 78
37 73 29
37 74 99
38 75 61
38 76 46
39 77 80
39 78 64
40 79 74
40 80 35
