# Edges (u,v,w)
1 2 44
2 3 68
2 4 85
3 5 98
3 6 59
4 7 83
4 8 63
5 9 86
5 10 75
6 11 5
6 12 83
7 13 3
7 14 49
8 15 2
8 16 90
9 17 31
9 18 98
10 19 39
10 20 66
11 21 88
11 22 73
12 23 44
12 24 7
13 25 48
13 26 70
14 27 30
14 28 75
15 29 95
15 30 78
16 31 81
16 32 90
17 33 50
17 34 65
18 35 33
18 36 24
19 37 34
19 38 26
20 39 82
20 40 60
21 41 77
21 42 53
22 43 54
22 44 80
23 45 49
23 46 13
24 47 13
24 48 64
25 49 73
25 50 40
26 51 94
26 52 12
27 53 70
27 54 68
28 55 45
28 56 94
29 57 39
29 58 29
30 59 28
30 60 41
31 61 45
31 62 27
32 63 68
32 64 77
33 65 21
33 66 77
34 67 83
34 68 10
35 69 25
35 70 97
36 71 69
36 72 68
37 73 50
37 74 80
38 75 79
38 76 27
39 77 83
39 78 92
40 79 91
40 80 23
