# Edges (u,v,w)
1 2 23
2 3 29
2 4 13
3 5 37
3 6 16
4 7 79
4 8 13
5 9 65
5 10 70
6 11 91
6 12 84
7 13 85
7 14 81
8 15 32
8 16 72
9 17 54
9 18 50
10 19 60
10 20 59
11 21 80
11 22 25
12 23 18
12 24 4
13 25 79
13 26 62
14 27 53
14 28 20
15 29 78
15 30 53
16 31 1
16 32 29
17 33 11
17 34 21
18 35 15
18 36 54
19 37 35
19 38 87
20 39 18
20 40 29
21 41 20
21 42 6
22 43 49
22 44 11
23 45 91
23 46 22
24 47 7
24 48 26
25 49 5
25 50 8
26 51 83
26 52 66
27 53 18
27 54 54
28 55 22
28 56 37
29 57 6
29 58 87
30 59 42
30 60 5
31 61 76
31 62 66
32 63 41
32 64 84
33 65 27
33 66 80
34 67 22
34 68 17
35 69 88
35 70 22
36 71 65
36 72 52
37 73 7
37 74 84
38 75 9
38 76 95
39 77 27
39 78 6
40 79 72
40 80 91
