# Edges (u,v,w)
1 2 88
2 3 42
2 4 41
3 5 66
3 6 98
4 7 57
4 8 15
5 9 81
5 10 27
6 11 55
6 12 38
7 13 78
7 14 93
8 15 50
8 16 15
9 17 24
9 18 65
10 19 24
10 20 91
11 21 93
11 22 100
12 23 62
12 24 93
13 25 5
13 26 46
14 27 69
14 28 82
15 29 70
15 30 5
16 31 9
16 32 31
17 33 5
17 34 64
18 35 52
18 36 33
19 37 21
19 38 64
20 39 78
20 40 27
21 41 4
21 42 52
22 43 14
22 44 29
23 45 92
23 46 35
24 47 97
24 48 42
25 49 95
25 50 53
26 51 34
26 52 61
27 53 91
27 54 64
28 55 27
28 56 79
29 57 66
29 58 16
30 59 61
30 60 15
31 61 45
31 62 48
32 63 82
32 64 83
33 65 96
33 66 22
34 67 65
34 68 19
35 69 46
35 70 64
36 71 45
36 72 27
37 73 57
37 74 85
38 75 62
38 76 59
39 77 8
39 78 73
40 79 42
40 80 1
