# Edges (u,v,w)
1 2 11
2 3 86
2 4 20
3 5 74
3 6 27
4 7 52
4 8 51
5 9 37
5 10 17
6 11 92
6 12 13
7 13 9
7 14 70
8 15 88
8 16 11
9 17 71
9 18 10
10 19 96
10 20 55
11 21 11
11 22 59
12 23 18
12 24 85
13 25 51
13 26 86
14 27 87
14 28 48
15 29 84
15 30 78
16 31 22
16 32 33
17 33 96
17 34 85
18 35 28
18 36 73
19 37 18
19 38 40
20 39 7
20 40 93
21 41 40
21 42 53
22 43 66
22 44 56
23 45 86
23 46 57
24 47 14
24 48 49
25 49 56
25 50 6
26 51 12
26 52 23
27 53 38
27 54 51
28 55 22
28 56 44
29 57 90
29 58 19
30 59 59
30 60 29
31 61 22
31 62 52
32 63 99
32 64 6
33 65 56
33 66 71
34 67 7
34 68 95
35 69 89
35 70 78
36 71 95
36 72 7
37 73 58
37 74 9
38 75 15
38 76 36
39 77 47
39 78 40
40 79 55
40 80 7
