# Edges (u,v,w)
1 2 17
2 3 92
2 4 28
3 5 5
3 6 70
4 7 2
4 8 5
5 9 82
5 10 19
6 11 17
6 12 37
7 13 84
7 14 18
8 15 73
8 16 82
9 17 87
9 18 78
10 19 97
10 20 41
11 21 59
11 22 6
12 23 47
12 24 78
13 25 81
13 26 58
14 27 87
14 28 39
15 29 59
15 30 71
16 31 69
16 32 60
17 33 26
17 34 71
18 35 37
18 36 23
19 37 25
19 38 13
20 39 31
20 40 64
21 41 66
21 42 71
22 43 74
22 44 21
23 45 26
23 46 70
24 47 74
24 48 11
25 49 98
25 50 11
26 51 23
26 52 51
27 53 19
27 54 96
28 55 8
28 56 91
29 57 33
29 58 56
30 59 97
30 60 94
31 61 11
31 62 62
32 63 38
32 64 42
33 65 96
33 66 4
34 67 72
34 68 89
35 69 67
35 70 93
36 71 67
36 72 93
37 73 69
37 74 51
38 75 55
38 76 42
39 77 69
39 78 97
40 79 67
40 80 7
