# Edges (u,v,w)
1 2 34
2 3 91
2 4 89
3 5 30
3 6 21
4 7 21
4 8 39
5 9 34
5 10 95
6 11 2
6 12 16
7 13 26
7 14 99
8 15 17
8 16 63
9 17 71
9 18 93
10 19 30
10 20 54
11 21 15
11 22 72
12 23 100
12 24 28
13 25 67
13 26 46
14 27 16
14 28 18
15 29 95
15 30 29
16 31 4
16 32 58
17 33 21
17 34 87
18 35 17
18 36 36
19 37 2
19 38 43
20 39 41
20 40 30
21 41 43
21 42 58
22 43 39
22 44 38
23 45 27
23 46 5
24 47 61
24 48 43
25 49 38
25 50 55
26 51 54
26 52 55
27 53 49
27 54 2
28 55 68
28 56 45
29 57 15
29 58 17
30 59 78
30 60 95
31 61 84
31 62 6
32 63 29
32 64 76
33 65 19
33 66 25
34 67 93
34 68 24
35 69 35
35 70 13
36 71 71
36 72 44
37 73 21
37 74 28
38 75 8
38 76 32
39 77 9
39 78 53
40 79 74
40 80 27
