# Edges (u,v,w)
1 2 42
2 3 93
2 4 13
3 5 86
3 6 85
4 7 2
4 8 67
5 9 4
5 10 91
6 11 97
6 12 19
7 13 33
7 14 88
8 15 78
8 16 38
9 17 95
9 18 79
10 19 49
10 20 34
11 21 8
11 22 64
12 23 17
12 24 72
13 25 53
13 26 14
14 27 89
14 28 44
15 29 99
15 30 72
16 31 13
16 32 89
17 33 12
17 34 17
18 35 8
18 36 36
19 37 89
19 38 73
20 39 46
20 40 99
21 41 93
21 42 84
22 43 32
22 44 95
23 45 67
23 46 43
24 47 22
24 48 39
25 49 31
25 50 95
26 51 24
26 52 99
27 53 98
27 54 61
28 55 53
28 56 21
29 57 42
29 58 34
30 59 85
30 60 57
31 61 74
31 62 53
32 63 32
32 64 15
33 65 19
33 66 56
34 67 19
34 68 1
35 69 48
35 70 71
36 71 87
36 72 56
37 73 3
37 74 72
38 75 63
38 76 27
39 77 46
39 78 46
40 79 89
40 80 11
