# Edges (u,v,w)
1 2 31
2 3 39
2 4 51
3 5 62
3 6 49
4 7 89
4 8 47
5 9 81
5 10 35
6 11 21
6 12 28
7 13 14
7 14 23
8 15 67
8 16 6
9 17 53
9 18 4
10 19 82
10 20 92
11 21 33
11 22 26
12 23 79
12 24 17
13 25 66
13 26 31
14 27 19
14 28 91
15 29 2
15 30 30
16 31 34
16 32 14
17 33 79
17 34 94
18 35 52
18 36 52
19 37 75
19 38 70
20 39 19
20 40 82
21 41 49
21 42 39
22 43 72
22 44 45
23 45 11
23 46 57
24 47 48
24 48 16
25 49 84
25 50 61
26 51 47
26 52 84
27 53 34
27 54 9
28 55 97
28 56 94
29 57 62
29 58 64
30 59 50
30 60 89
31 61 57
31 62 43
32 63 62
32 64 36
33 65 73
33 66 81
34 67 44
34 68 74
35 69 11
35 70 56
36 71 98
36 72 45
37 73 80
37 74 78
38 75 58
38 76 16
39 77 67
39 78 100
40 79 20
40 80 17
