# Edges (u,v,w)
1 2 80
2 3 60
2 4 74
3 5 25
3 6 18
4 7 2
4 8 94
5 9 20
5 10 47
6 11 45
6 12 14
7 13 15
7 14 74
8 15 35
8 16 100
9 17 53
9 18 31
10 19 83
10 20 84
11 21 38
11 22 32
12 23 49
12 24 40
13 25 18
13 26 89
14 27 94
14 28 7
15 29 11
15 30 49
16 31 87
16 32 97
17 33 32
17 34 54
18 35 90
18 36 94
19 37 41
19 38 87
20 39 79
20 40 54
21 41 97
21 42 13
22 43 45
22 44 12
23 45 65
23 46 3
24 47 78
24 48 7
25 49 87
25 50 30
26 51 91
26 52 55
27 53 96
27 54 11
28 55 88
28 56 8
29 57 45
29 58 56
30 59 74
30 60 59
31 61 97
31 62 13
32 63 39
32 64 32
33 65 77
33 66 67
34 67 9
34 68 93
35 69 74
35 70 42
36 71 31
36 72 50
37 73 22
37 74 26
38 75 25
38 76 43
39 77 57
39 78 90
40 79 73
40 80 54
