# Edges (u,v,w)
1 2 50
2 3 90
2 4 79
3 5 34
3 6 31
4 7 57
4 8 56
5 9 93
5 10 52
6 11 27
6 12 38
7 13 43
7 14 9
8 15 22
8 16 86
9 17 65
9 18 91
10 19 26
10 20 90
11 21 73
11 22 12
12 23 45
12 24 20
13 25 92
13 26 24
14 27 72
14 28 45
15 29 27
15 30 67
16 31 90
16 32 55
17 33 61
17 34 82
18 35 51
18 36 99
19 37 54
19 38 75
20 39 4
20 40 41
21 41 75
21 42 95
22 43 29
22 44 63
23 45 50
23 46 18
24 47 5
24 48 89
25 49 14
25 50 60
26 51 91
26 52 75
27 53 76
27 54 86
28 55 54
28 56 19
29 57 71
29 58 2
30 59 4
30 60 86
31 61 67
31 62 35
32 63 50
32 64 69
33 65 3
33 66 6
34 67 97
34 68 26
35 69 82
35 70 64
36 71 100
36 72 88
37 73 85
37 74 48
38 75 88
38 76 93
39 77 10
39 78 38
40 79 12
40 80 82
