# Edges (u,v,w)
1 2 100
2 3 46
2 4 34
3 5 16
3 6 36
4 7 61
4 8 12
5 9 8
5 10 27
6 11 91
6 12 28
7 13 61
7 14 63
8 15 83
8 16 18
9 17 32
9 18 45
10 19 25
10 20 76
11 21 59
11 22 40
12 23 31
12 24 71
13 25 96
13 26 3
14 27 81
14 28 28
15 29 74
15 30 92
16 31 72
16 32 64
17 33 59
17 34 48
18 35 99
18 36 32
19 37 60
19 38 34
20 39 43
20 40 27
21 41 57
21 42 92
22 43 1
22 44 46
23 45 49
23 46 71
24 47 1
24 48 38
25 49 38
25 50 16
26 51 96
26 52 29
27 53 1
27 54 95
28 55 30
28 56 12
29 57 56
29 58 33
30 59 56
30 60 14
31 61 70
31 62 13
32 63 30
32 64 21
33 65 62
33 66 88
34 67 77
34 68 63
35 69 4
35 70 56
36 71 33
36 72 2
37 73 63
37 74 24
38 75 96
38 76 64
39 77 17
39 78 59
40 79 15
40 80 32
