# Edges (u,v,w)
1 2 13
2 3 97
2 4 22
3 5 30
3 6 26
4 7 41
4 8 77
5 9 69
5 10 37
6 11 27
6 12 2
7 13 22
7 14 15
8 15 33
8 16 50
9 17 61
9 18 6
10 19 33
10 20 16
11 21 8
11 22 10
12 23 4
12 24 51
13 25 17
13 26 97
14 27 38
14 28 13
15 29 41
15 30 32
16 31 65
16 32 86
17 33 72
17 34 33
18 35 27
18 36 28
19 37 100
19 38 82
20 39 31
20 40 47
21 41 88
21 42 51
22 43 25
22 44 34
23 45 15
23 46 71
24 47 40
24 48 72
25 49 49
25 50 86
26 51 90
26 52 48
27 53 32
27 54 90
28 55 6
28 56 94
29 57 43
29 58 29
30 59 72
30 60 20
31 61 18
31 62 24
32 63 69
32 64 46
33 65 7
33 66 29
34 67 29
34 68 45
35 69 77
35 70 24
36 71 58
36 72 99
37 73 87
37 74 33
38 75 15
38 76 94
39 77 33
39 78 58
40 79 27
40 80 84
