# Edges (u,v,w)
1 2 8
2 3 33
2 4 26
3 5 25
3 6 94
4 7 89
4 8 74
5 9 55
5 10 76
6 11 91
6 12 92
7 13 27
7 14 30
8 15 9
8 16 89
9 17 5
9 18 60
10 19 40
10 20 5
11 21 75
11 22 9
12 23 96
12 24 14
13 25 46
13 26 46
14 27 77
14 28 21
15 29 99
15 30 76
16 31 3
16 32 28
17 33 43
17 34 52
18 35 45
18 36 66
19 37 25
19 38 36
20 39 80
20 40 66
21 41 96
21 42 43
22 43 85
22 44 49
23 45 81
23 46 41
24 47 33
24 48 77
25 49 76
25 50 29
26 51 47
26 52 56
27 53 37
27 54 28
28 55 5
28 56 62
29 57 57
29 58 18
30 59 11
30 60 94
31 61 75
31 62 100
32 63 40
32 64 69
33 65 89
33 66 27
34 67 14
34 68 74
35 69 60
35 70 89
36 71 42
36 72 53
37 73 1
37 74 37
38 75 99
38 76 1
39 77 40
39 78 92
40 79 100
40 80 32
