# Edges (u,v,w)
1 2 73
2 3 77
2 4 84
3 5 12
3 6 25
4 7 33
4 8 81
5 9 5
5 10 18
6 11 1
6 12 84
7 13 23
7 14 4
8 15 54
8 16 41
9 17 67
9 18 63
10 19 88
10 20 37
11 21 39
11 22 41
12 23 92
12 24 24
13 25 21
13 26 16
14 27 21
14 28 83
15 29 85
15 30 82
16 31 6
16 32 64
17 33 89
17 34 61
18 35 20
18 36 93
19 37 5
19 38 11
20 39 30
20 40 38
21 41 42
21 42 96
22 43 98
22 44 51
23 45 42
23 46 55
24 47 100
24 48 18
25 49 88
25 50 84
26 51 49
26 52 32
27 53 81
27 54 40
28 55 81
28 56 84
29 57 90
29 58 30
30 59 83
30 60 57
31 61 12
31 62 54
32 63 42
32 64 42
33 65 21
33 66 38
34 67 53
34 68 90
35 69 14
35 70 45
36 71 25
36 72 50
37 73 32
37 74 11
38 75 56
38 76 72
39 77 62
39 78 87
40 79 91
40 80 11
