# Edges (u,v,w)
1 2 38
2 3 23
2 4 55
3 5 92
3 6 91
4 7 91
4 8 26
5 9 16
5 10 9
6 11 39
6 12 77
7 13 90
7 14 7
8 15 86
8 16 25
9 17 14
9 18 36
10 19 68
10 20 81
11 21 27
11 22 18
12 23 33
12 24 71
13 25 17
13 26 88
14 27 10
14 28 45
15 29 73
15 30 18
16 31 31
16 32 86
17 33 49
17 34 88
18 35 36
18 36 49
19 37 89
19 38 45
20 39 84
20 40 18
21 41 33
21 42 95
22 43 54
22 44 23
23 45 13
23 46 66
24 47 33
24 48 43
25 49 12
25 50 50
26 51 56
26 52 28
27 53 97
27 54 7
28 55 18
28 56 57
29 57 89
29 58 89
30 59 71
30 60 30
31 61 77
31 62 88
32 63 9
32 64 2
33 65 90
33 66 61
34 67 63
34 68 98
35 69 96
35 70 9
36 71 23
36 72 50
37 73 60
37 74 53
38 75 16
38 76 82
39 77 95
39 78 55
40 79 76
40 80 19
