# Edges (u,v,w)
1 2 49
2 3 93
2 4 29
3 5 73
3 6 98
4 7 53
4 8 92
5 9 86
5 10 63
6 11 91
6 12 76
7 13 98
7 14 70
8 15 85
8 16 6
9 17 43
9 18 18
10 19 20
10 20 74
11 21 10
11 22 83
12 23 69
12 24 23
13 25 43
13 26 44
14 27 54
14 28 73
15 29 65
15 30 21
16 31 57
16 32 31
17 33 64
17 34 94
18 35 26
18 36 41
19 37 9
19 38 13
20 39 41
20 40 75
21 41 64
21 42 19
22 43 37
22 44 30
23 45 8
23 46 43
24 47 27
24 48 11
25 49 76
25 50 45
26 51 30
26 52 5
27 53 78
27 54 77
28 55 44
28 56 3
29 57 96
29 58 37
30 59 52
30 60 8
31 61 79
31 62 86
32 63 12
32 64 20
33 65 46
33 66 3
34 67 55
34 68 6
35 69 78
35 70 60
36 71 91
36 72 83
37 73 62
37 74 67
38 75 24
38 76 84
39 77 14
39 78 34
40 79 15
40 80 62
