# Edges (u,v,w)
1 2 16
2 3 92
2 4 45
3 5 92
3 6 98
4 7 100
4 8 95
5 9 66
5 10 22
6 11 8
6 12 36
7 13 30
7 14 76
8 15 19
8 16 85
9 17 24
9 18 47
10 19 8
10 20 17
11 21 53
11 22 66
12 23 95
12 24 42
13 25 53
13 26 88
14 27 88
14 28 8
15 29 75
15 30 89
16 31 72
16 32 56
17 33 34
17 34 8
18 35 83
18 36 45
19 37 12
19 38 96
20 39 20
20 40 11
21 41 5
21 42 7
22 43 16
22 44 28
23 45 4
23 46 50
24 47 47
24 48 37
25 49 56
25 50 48
26 51 58
26 52 26
27 53 33
27 54 80
28 55 83
28 56 99
29 57 89
29 58 3
30 59 75
30 60 95
31 61 4
31 62 88
32 63 28
32 64 61
33 65 52
33 66 87
34 67 75
34 68 7
35 69 36
35 70 54
36 71 53
36 72 33
37 73 49
37 74 91
38 75 68
38 76 45
39 77 57
39 78 36
40 79 1
40 80 51
