# Edges (u,v,w)
1 2 13
2 3 47
2 4 75
3 5 34
3 6 43
4 7 21
4 8 46
5 9 96
5 10 53
6 11 30
6 12 72
7 13 41
7 14 24
8 15 45
8 16 4
9 17 7
9 18 34
10 19 84
10 20 77
11 21 51
11 22 36
12 23 62
12 24 61
13 25 46
13 26 2
14 27 91
14 28 33
15 29 1
15 30 97
16 31 36
16 32 15
17 33 96
17 34 25
18 35 87
18 36 71
19 37 29
19 38 34
20 39 6
20 40 29
21 41 17
21 42 11
22 43 99
22 44 17
23 45 39
23 46 33
24 47 12
24 48 75
25 49 90
25 50 62
26 51 15
26 52 77
27 53 56
27 54 78
28 55 88
28 56 53
29 57 57
29 58 14
30 59 43
30 60 58
31 61 10
31 62 62
32 63 99
32 64 30
33 65 57
33 66 67
34 67 91
34 68 17
35 69 38
35 70 18
36 71 66
36 72 80
37 73 37
37 74 66
38 75 92
38 76 93
39 77 4
39 78 41
40 79 91
40 80 99
