# Edges (u,v,w)
1 2 19
2 3 78
2 4 95
3 5 85
3 6 4
4 7 77
4 8 38
5 9 28
5 10 25
6 11 22
6 12 14
7 13 32
7 14 11
8 15 78
8 16 41
9 17 73
9 18 100
10 19 86
10 20 30
11 21 61
11 22 85
12 23 38
12 24 76
13 25 80
13 26 46
14 27 31
14 28 26
15 29 8
15 30 45
16 31 62
16 32 8
17 33 22
17 34 68
18 35 50
18 36 17
19 37 12
19 38 38
20 39 78
20 40 55
21 41 22
21 42 95
22 43 5
22 44 63
23 45 41
23 46 3
24 47 17
24 48 57
25 49 40
25 50 90
26 51 38
26 52 59
27 53 43
27 54 66
28 55 94
28 56 15
29 57 51
29 58 84
30 59 21
30 60 14
31 61 94
31 62 31
32 63 73
32 64 88
33 65 65
33 66 54
34 67 35
34 68 88
35 69 66
35 70 99
36 71 3
36 72 75
37 73 44
37 74 72
38 75 21
38 76 53
39 77 82
39 78 20
40 79 75
40 80 73
