# Edges (u,v,w)
1 2 15
2 3 94
2 4 78
3 5 99
3 6 78
4 7 87
4 8 23
5 9 7
5 10 97
6 11 100
6 12 22
7 13 87
7 14 99
8 15 68
8 16 18
9 17 71
9 18 90
10 19 25
10 20 12
11 21 44
11 22 59
12 23 95
12 24 29
13 25 12
13 26 28
14 27 97
14 28 59
15 29 53
15 30 11
16 31 9
16 32 41
17 33 75
17 34 7
18 35 58
18 36 3
19 37 38
19 38 16
20 39 62
20 40 7
21 41 60
21 42 85
22 43 18
22 44 39
23 45 54
23 46 24
24 47 67
24 48 50
25 49 16
25 50 68
26 51 50
26 52 29
27 53 16
27 54 85
28 55 51
28 56 22
29 57 47
29 58 49
30 59 9
30 60 77
31 61 19
31 62 59
32 63 91
32 64 36
33 65 69
33 66 17
34 67 11
34 68 40
35 69 100
35 70 35
36 71 40
36 72 15
37 73 68
37 74 12
38 75 44
38 76 38
39 77 10
39 78 1
40 79 76
40 80 23
