# Edges (u,v,w)
1 2 10
2 3 99
2 4 36
3 5 89
3 6 75
4 7 10
4 8 59
5 9 79
5 10 1
6 11 94
6 12 22
7 13 76
7 14 88
8 15 51
8 16 40
9 17 9
9 18 39
10 19 47
10 20 12
11 21 53
11 22 42
12 23 2
12 24 73
13 25 21
13 26 14
14 27 69
14 28 90
15 29 37
15 30 35
16 31 57
16 32 14
17 33 24
17 34 49
18 35 17
18 36 50
19 37 54
19 38 34
20 39 42
20 40 9
21 41 10
21 42 12
22 43 40
22 44 17
23 45 97
23 46 36
24 47 5
24 48 38
25 49 9
25 50 30
26 51 68
26 52 98
27 53 12
27 54 62
28 55 17
28 56 36
29 57 70
29 58 89
30 59 65
30 60 90
31 61 88
31 62 91
32 63 77
32 64 67
33 65 90
33 66 70
34 67 69
34 68 1
35 69 26
35 70 38
36 71 34
36 72 54
37 73 3
37 74 76
38 75 78
38 76 79
39 77 86
39 78 76
40 79 22
40 80 37
