# Edges (u,v,w)
1 2 17
2 3 45
2 4 15
3 5 26
3 6 92
4 7 78
4 8 35
5 9 37
5 10 99
6 11 78
6 12 62
7 13 92
7 14 27
8 15 61
8 16 12
9 17 72
9 18 83
10 19 75
10 20 65
11 21 75
11 22 54
12 23 35
12 24 59
13 25 81
13 26 19
14 27 33
14 28 22
15 29 56
15 30 99
16 31 1
16 32 24
17 33 60
17 34 34
18 35 28
18 36 14
19 37 65
19 38 38
20 39 19
20 40 21
21 41 44
21 42 83
22 43 30
22 44 8
23 45 91
23 46 42
24 47 99
24 48 38
25 49 56
25 50 5
26 51 90
26 52 92
27 53 86
27 54 38
28 55 31
28 56 94
29 57 64
29 58 32
30 59 15
30 60 17
31 61 95
31 62 75
32 63 83
32 64 78
33 65 52
33 66 93
34 67 76
34 68 79
35 69 85
35 70 82
36 71 34
36 72 10
37 73 92
37 74 94
38 75 20
38 76 82
39 77 93
39 78 94
40 79 49
40 80 47
