# Edges (u,v,w)
1 2 25
2 3 57
2 4 73
3 5 90
3 6 51
4 7 51
4 8 95
5 9 43
5 10 7
6 11 60
6 12 24
7 13 13
7 14 75
8 15 93
8 16 46
9 17 37
9 18 22
10 19 17
10 20 73
11 21 21
11 22 69
12 23 23
12 24 3
13 25 50
13 26 54
14 27 16
14 28 46
15 29 29
15 30 59
16 31 58
16 32 94
17 33 17
17 34 19
18 35 21
18 36 62
19 37 65
19 38 4
20 39 74
20 40 35
21 41 56
21 42 45
22 43 86
22 44 53
23 45 74
23 46 73
24 47 50
24 48 79
25 49 59
25 50 82
26 51 18
26 52 24
27 53 89
27 54 76
28 55 82
28 56 33
29 57 90
29 58 20
30 59 36
30 60 52
31 61 100
31 62 69
32 63 33
32 64 41
33 65 20
33 66 92
34 67 92
34 68 94
35 69 16
35 70 33
36 71 33
36 72 99
37 73 22
37 74 8
38 75 92
38 76 24
39 77 6
39 78 8
40 79 93
40 80 51
