# Edges (u,v,w)
1 2 29
2 3 53
2 4 16
3 5 31
3 6 52
4 7 30
4 8 59
5 9 100
5 10 64
6 11 29
6 12 19
7 13 17
7 14 30
8 15 77
8 16 63
9 17 33
9 18 78
10 19 8
10 20 86
11 21 73
11 22 74
12 23 61
12 24 16
13 25 71
13 26 81
14 27 32
14 28 70
15 29 35
15 30 78
16 31 10
16 32 14
17 33 67
17 34 28
18 35 100
18 36 65
19 37 41
19 38 98
20 39 99
20 40 29
21 41 48
21 42 24
22 43 52
22 44 83
23 45 67
23 46 64
24 47 21
24 48 92
25 49 25
25 50 83
26 51 20
26 52 99
27 53 67
27 54 37
28 55 19
28 56 45
29 57 39
29 58 61
30 59 26
30 60 39
31 61 47
31 62 95
32 63 72
32 64 87
33 65 25
33 66 73
34 67 80
34 68 58
35 69 25
35 70 31
36 71 87
36 72 49
37 73 96
37 74 77
38 75 32
38 76 43
39 77 3
39 78 86
40 79 42
40 80 15
