# Edges (u,v,w)
1 2 93
2 3 12
2 4 95
3 5 18
3 6 11
4 7 60
4 8 40
5 9 13
5 10 12
6 11 34
6 12 11
7 13 11
7 14 41
8 15 94
8 16 11
9 17 95
9 18 45
10 19 43
10 20 37
11 21 47
11 22 56
12 23 9
12 24 56
13 25 76
13 26 97
14 27 67
14 28 61
15 29 53
15 30 77
16 31 93
16 32 80
17 33 84
17 34 19
18 35 42
18 36 93
19 37 38
19 38 17
20 39 3
20 40 98
21 41 32
21 42 40
22 43 85
22 44 26
23 45 82
23 46 32
24 47 39
24 48 57
25 49 13
25 50 13
26 51 65
26 52 86
27 53 23
27 54 58
28 55 26
28 56 8
29 57 6
29 58 3
30 59 40
30 60 99
31 61 6
31 62 17
32 63 39
32 64 29
33 65 77
33 66 69
34 67 90
34 68 88
35 69 33
35 70 95
36 71 37
36 72 71
37 73 92
37 74 43
38 75 66
38 76 21
39 77 57
39 78 99
40 79 51
40 80 89
