# Edges (u,v,w)
1 2 17
2 3 22
2 4 76
3 5 44
3 6 57
4 7 81
4 8 75
5 9 4
5 10 29
6 11 40
6 12 75
7 13 36
7 14 56
8 15 58
8 16 70
9 17 12
9 18 32
10 19 64
10 20 63
11 21 55
11 22 12
12 23 42
12 24 36
13 25 6
13 26 97
14 27 4
14 28 2
15 29 58
15 30 91
16 31 93
16 32 3
17 33 30
17 34 15
18 35 63
18 36 90
19 37 64
19 38 18
20 39 49
20 40 21
21 41 89
21 42 31
22 43 24
22 44 5
23 45 19
23 46 43
24 47 84
24 48 62
25 49 1
25 50 75
26 51 38
26 52 51
27 53 35
27 54 7
28 55 10
28 56 42
29 57 99
29 58 49
30 59 45
30 60 71
31 61 18
31 62 10
32 63 61
32 64 100
33 65 64
33 66 16
34 67 5
34 68 30
35 69 3
35 70 8
36 71 14
36 72 8
37 73 12
37 74 70
38 75 12
38 76 36
39 77 23
39 78 5
40 79 56
40 80 67
