# Edges (u,v,w)
1 2 43
2 3 37
2 4 38
3 5 100
3 6 75
4 7 47
4 8 41
5 9 74
5 10 56
6 11 59
6 12 25
7 13 83
7 14 25
8 15 72
8 16 30
9 17 22
9 18 30
10 19 66
10 20 25
11 21 49
11 22 35
12 23 97
12 24 63
13 25 3
13 26 16
14 27 34
14 28 15
15 29 88
15 30 17
16 31 3
16 32 66
17 33 82
17 34 3
18 35 59
18 36 44
19 37 1
19 38 5
20 39 61
20 40 57
21 41 46
21 42 68
22 43 90
22 44 3
23 45 4
23 46 51
24 47 25
24 48 9
25 49 75
25 50 51
26 51 65
26 52 70
27 53 84
27 54 45
28 55 88
28 56 26
29 57 25
29 58 100
30 59 44
30 60 44
31 61 76
31 62 43
32 63 45
32 64 69
33 65 59
33 66 40
34 67 81
34 68 35
35 69 93
35 70 59
36 71 76
36 72 22
37 73 54
37 74 8
38 75 38
38 76 55
39 77 19
39 78 18
40 79 80
40 80 94
