# Edges (u,v,w)
1 2 100
2 3 29
2 4 44
3 5 51
3 6 27
4 7 40
4 8 5
5 9 24
5 10 9
6 11 96
6 12 18
7 13 87
7 14 58
8 15 90
8 16 57
9 17 62
9 18 30
10 19 73
10 20 57
11 21 27
11 22 44
12 23 41
12 24 95
13 25 44
13 26 44
14 27 46
14 28 86
15 29 2
15 30 68
16 31 28
16 32 10
17 33 53
17 34 22
18 35 90
18 36 52
19 37 93
19 38 3
20 39 80
20 40 72
21 41 79
21 42 20
22 43 69
22 44 89
23 45 39
23 46 48
24 47 41
24 48 78
25 49 5
25 50 7
26 51 42
26 52 27
27 53 97
27 54 15
28 55 28
28 56 17
29 57 48
29 58 49
30 59 35
30 60 73
31 61 3
31 62 48
32 63 77
32 64 58
33 65 41
33 66 45
34 67 42
34 68 8
35 69 30
35 70 96
36 71 96
36 72 100
37 73 56
37 74 14
38 75 18
38 76 4
39 77 21
39 78 13
40 79 53
40 80 43
