# Edges (u,v,w)
1 2 49
2 3 80
2 4 52
3 5 86
3 6 100
4 7 48
4 8 85
5 9 1
5 10 81
6 11 16
6 12 10
7 13 15
7 14 71
8 15 33
8 16 23
9 17 43
9 18 84
10 19 23
10 20 36
11 21 44
11 22 2
12 23 12
12 24 95
13 25 18
13 26 89
14 27 37
14 28 66
15 29 48
15 30 24
16 31 39
16 32 48
17 33 32
17 34 36
18 35 65
18 36 39
19 37 12
19 38 69
20 39 19
20 40 38
21 41 93
21 42 12
22 43 26
22 44 52
23 45 46
23 46 88
24 47 92
24 48 36
25 49 8
25 50 48
26 51 26
26 52 84
27 53 43
27 54 12
28 55 13
28 56 68
29 57 36
29 58 4
30 59 45
30 60 11
31 61 95
31 62 3
32 63 4
32 64 99
33 65 14
33 66 14
34 67 41
34 68 79
35 69 73
35 70 47
36 71 75
36 72 84
37 73 2
37 74 6
38 75 79
38 76 65
39 77 42
39 78 85
40 79 11
40 80 95
