# Edges (u,v,w)
1 2 85
2 3 88
2 4 88
3 5 74
3 6 40
4 7 63
4 8 72
5 9 83
5 10 46
6 11 97
6 12 57
7 13 67
7 14 97
8 15 11
8 16 89
9 17 8
9 18 34
10 19 30
10 20 27
11 21 48
11 22 43
12 23 72
12 24 66
13 25 61
13 26 32
14 27 26
14 28 69
15 29 54
15 30 89
16 31 99
16 32 69
17 33 98
17 34 61
18 35 3
18 36 95
19 37 92
19 38 57
20 39 60
20 40 98
21 41 22
21 42 47
22 43 14
22 44 53
23 45 100
23 46 51
24 47 17
24 48 83
25 49 64
25 50 15
26 51 34
26 52 19
27 53 90
27 54 46
28 55 48
28 56 60
29 57 55
29 58 6
30 59 74
30 60 24
31 61 39
31 62 82
32 63 65
32 64 94
33 65 47
33 66 65
34 67 32
34 68 52
35 69 20
35 70 84
36 71 9
36 72 31
37 73 10
37 74 63
38 75 31
38 76 81
39 77 75
39 78 68
40 79 85
40 80 23
