# Edges (u,v,w)
1 2 56
2 3 44
2 4 71
3 5 90
3 6 78
4 7 27
4 8 39
5 9 6
5 10 85
6 11 24
6 12 6
7 13 28
7 14 13
8 15 68
8 16 37
9 17 9
9 18 9
10 19 3
10 20 56
11 21 85
11 22 58
12 23 51
12 24 90
13 25 26
13 26 96
14 27 48
14 28 96
15 29 9
15 30 54
16 31 55
16 32 47
17 33 83
17 34 40
18 35 61
18 36 32
19 37 93
19 38 19
20 39 86
20 40 59
21 41 51
21 42 97
22 43 27
22 44 75
23 45 5
23 46 7
24 47 24
24 48 52
25 49 11
25 50 82
26 51 10
26 52 45
27 53 68
27 54 52
28 55 60
28 56 13
29 57 95
29 58 63
30 59 25
30 60 8
31 61 74
31 62 39
32 63 36
32 64 14
33 65 70
33 66 26
34 67 32
34 68 75
35 69 43
35 70 74
36 71 15
36 72 33
37 73 66
37 74 33
38 75 57
38 76 42
39 77 71
39 78 15
40 79 70
40 80 70
