# Edges (u,v,w)
1 2 89
2 3 32
2 4 94
3 5 81
3 6 80
4 7 26
4 8 2
5 9 87
5 10 11
6 11 49
6 12 100
7 13 98
7 14 21
8 15 16
8 16 31
9 17 88
9 18 33
10 19 3
10 20 52
11 21 75
11 22 25
12 23 33
12 24 64
13 25 35
13 26 33
14 27 84
14 28 1
15 29 52
15 30 46
16 31 39
16 32 49
17 33 95
17 34 52
18 35 90
18 36 68
19 37 44
19 38 1
20 39 16
20 40 56
21 41 11
21 42 58
22 43 72
22 44 57
23 45 69
23 46 83
24 47 6
24 48 12
25 49 22
25 50 33
26 51 96
26 52 78
27 53 41
27 54 4
28 55 65
28 56 34
29 57 67
29 58 100
30 59 95
30 60 97
31 61 49
31 62 8
32 63 69
32 64 52
33 65 20
33 66 68
34 67 45
34 68 97
35 69 33
35 70 70
36 71 54
36 72 31
37 73 55
37 74 17
38 75 90
38 76 52
39 77 29
39 78 71
40 79 73
40 80 84
