# Edges (u,v,w)
1 2 50
2 3 100
2 4 61
3 5 12
3 6 39
4 7 83
4 8 50
5 9 26
5 10 86
6 11 11
6 12 88
7 13 56
7 14 43
8 15 98
8 16 17
9 17 82
9 18 67
10 19 50
10 20 41
11 21 24
11 22 39
12 23 73
12 24 4
13 25 77
13 26 25
14 27 29
14 28 36
15 29 42
15 30 70
16 31 11
16 32 5
17 33 63
17 34 44
18 35 61
18 36 13
19 37 26
19 38 84
20 39 51
20 40 69
21 41 1
21 42 12
22 43 12
22 44 33
23 45 60
23 46 26
24 47 7
24 48 3
25 49 66
25 50 80
26 51 30
26 52 30
27 53 15
27 54 90
28 55 83
28 56 76
29 57 77
29 58 82
30 59 99
30 60 44
31 61 44
31 62 93
32 63 47
32 64 21
33 65 44
33 66 98
34 67 44
34 68 8
35 69 4
35 70 23
36 71 60
36 72 87
37 73 73
37 74 34
38 75 11
38 76 39
39 77 71
39 78 28
40 79 10
40 80 89
