# Edges (u,v,w)
1 2 85
2 3 38
2 4 71
3 5 10
3 6 30
4 7 50
4 8 32
5 9 33
5 10 55
6 11 29
6 12 70
7 13 1
7 14 20
8 15 52
8 16 50
9 17 3
9 18 67
10 19 90
10 20 95
11 21 58
11 22 49
12 23 5
12 24 19
13 25 24
13 26 71
14 27 21
14 28 86
15 29 50
15 30 2
16 31 54
16 32 42
17 33 7
17 34 77
18 35 50
18 36 30
19 37 11
19 38 98
20 39 33
20 40 55
21 41 61
21 42 37
22 43 71
22 44 33
23 45 43
23 46 5
24 47 92
24 48 53
25 49 72
25 50 28
26 51 32
26 52 63
27 53 89
27 54 34
28 55 79
28 56 27
29 57 70
29 58 62
30 59 54
30 60 94
31 61 75
31 62 55
32 63 36
32 64 32
33 65 81
33 66 75
34 67 48
34 68 80
35 69 91
35 70 81
36 71 75
36 72 64
37 73 23
37 74 76
38 75 52
38 76 28
39 77 58
39 78 62
40 79 50
40 80 85
