# Edges (u,v,w)
1 2 63
2 3 61
2 4 99
3 5 20
3 6 52
4 7 32
4 8 17
5 9 58
5 10 61
6 11 60
6 12 60
7 13 8
7 14 17
8 15 48
8 16 73
9 17 64
9 18 14
10 19 70
10 20 63
11 21 9
11 22 32
12 23 79
12 24 49
13 25 91
13 26 93
14 27 21
14 28 23
15 29 93
15 30 11
16 31 50
16 32 18
17 33 56
17 34 57
18 35 63
18 36 48
19 37 32
19 38 3
20 39 74
20 40 48
21 41 74
21 42 40
22 43 27
22 44 55
23 45 59
23 46 9
24 47 98
24 48 22
25 49 21
25 50 27
26 51 34
26 52 84
27 53 23
27 54 46
28 55 98
28 56 93
29 57 1
29 58 11
30 59 21
30 60 22
31 61 69
31 62 52
32 63 85
32 64 20
33 65 23
33 66 28
34 67 61
34 68 41
35 69 38
35 70 43
36 71 98
36 72 60
37 73 22
37 74 85
38 75 76
38 76 11
39 77 87
39 78 12
40 79 51
40 80 18
