# Edges (u,v,w)
1 2 39
2 3 82
2 4 89
3 5 39
3 6 49
4 7 48
4 8 96
5 9 75
5 10 19
6 11 56
6 12 67
7 13 11
7 14 59
8 15 39
8 16 26
9 17 43
9 18 54
10 19 70
10 20 64
11 21 48
11 22 86
12 23 27
12 24 77
13 25 82
13 26 38
14 27 88
14 28 65
15 29 64
15 30 93
16 31 51
16 32 26
17 33 24
17 34 77
18 35 80
18 36 72
19 37 73
19 38 89
20 39 92
20 40 14
21 41 64
21 42 100
22 43 39
22 44 13
23 45 13
23 46 44
24 47 57
24 48 40
25 49 88
25 50 14
26 51 23
26 52 66
27 53 82
27 54 30
28 55 17
28 56 76
29 57 96
29 58 8
30 59 85
30 60 13
31 61 2
31 62 44
32 63 50
32 64 97
33 65 82
33 66 31
34 67 8
34 68 33
35 69 18
35 70 99
36 71 98
36 72 13
37 73 86
37 74 28
38 75 58
38 76 99
39 77 44
39 78 70
40 79 70
40 80 12
