# Edges (u,v,w)
1 2 88
2 3 46
2 4 87
3 5 46
3 6 37
4 7 57
4 8 89
5 9 32
5 10 40
6 11 36
6 12 92
7 13 46
7 14 72
8 15 44
8 16 55
9 17 47
9 18 51
10 19 50
10 20 63
11 21 65
11 22 13
12 23 60
12 24 96
13 25 94
13 26 89
14 27 42
14 28 28
15 29 78
15 30 11
16 31 80
16 32 41
17 33 79
17 34 21
18 35 16
18 36 64
19 37 30
19 38 38
20 39 78
20 40 3
21 41 100
21 42 19
22 43 25
22 44 87
23 45 41
23 46 20
24 47 77
24 48 59
25 49 1
25 50 2
26 51 40
26 52 3
27 53 4
27 54 86
28 55 88
28 56 45
29 57 100
29 58 78
30 59 62
30 60 86
31 61 20
31 62 16
32 63 93
32 64 85
33 65 29
33 66 12
34 67 32
34 68 18
35 69 95
35 70 92
36 71 75
36 72 46
37 73 95
37 74 31
38 75 32
38 76 7
39 77 7
39 78 90
40 79 25
40 80 31
