# Edges (u,v,w)
1 2 67
2 3 39
2 4 41
3 5 23
3 6 76
4 7 46
4 8 57
5 9 59
5 10 53
6 11 68
6 12 22
7 13 21
7 14 33
8 15 3
8 16 40
9 17 66
9 18 42
10 19 34
10 20 91
11 21 76
11 22 87
12 23 59
12 24 89
13 25 70
13 26 5
14 27 92
14 28 30
15 29 23
15 30 59
16 31 2
16 32 51
17 33 59
17 34 27
18 35 92
18 36 22
19 37 91
19 38 81
20 39 53
20 40 39
21 41 14
21 42 8
22 43 16
22 44 55
23 45 20
23 46 74
24 47 3
24 48 99
25 49 37
25 50 28
26 51 76
26 52 1
27 53 65
27 54 99
28 55 39
28 56 100
29 57 89
29 58 58
30 59 41
30 60 78
31 61 45
31 62 72
32 63 43
32 64 70
33 65 51
33 66 66
34 67 38
34 68 85
35 69 86
35 70 31
36 71 12
36 72 98
37 73 37
37 74 80
38 75 60
38 76 56
39 77 69
39 78 52
40 79 18
40 80 70
