# Edges (u,v,w)
1 2 97
2 3 41
2 4 40
3 5 84
3 6 57
4 7 77
4 8 46
5 9 84
5 10 90
6 11 3
6 12 39
7 13 62
7 14 79
8 15 62
8 16 52
9 17 94
9 18 89
10 19 8
10 20 17
11 21 90
11 22 69
12 23 38
12 24 72
13 25 51
13 26 41
14 27 67
14 28 42
15 29 14
15 30 46
16 31 32
16 32 70
17 33 75
17 34 98
18 35 74
18 36 77
19 37 71
19 38 78
20 39 57
20 40 49
21 41 29
21 42 32
22 43 74
22 44 2
23 45 28
23 46 46
24 47 44
24 48 9
25 49 95
25 50 53
26 51 13
26 52 80
27 53 58
27 54 59
28 55 9
28 56 52
29 57 19
29 58 18
30 59 70
30 60 49
31 61 95
31 62 95
32 63 87
32 64 91
33 65 78
33 66 12
34 67 92
34 68 98
35 69 91
35 70 90
36 71 9
36 72 67
37 73 91
37 74 71
38 75 67
38 76 26
39 77 94
39 78 96
40 79 63
40 80 52
