# Edges (u,v,w)
1 2 67
2 3 39
2 4 69
3 5 86
3 6 34
4 7 27
4 8 54
5 9 39
5 10 37
6 11 50
6 12 71
7 13 51
7 14 45
8 15 78
8 16 4
9 17 97
9 18 70
10 19 78
10 20 100
11 21 90
11 22 44
12 23 52
12 24 40
13 25 38
13 26 41
14 27 78
14 28 87
15 29 6
15 30 30
16 31 71
16 32 52
17 33 7
17 34 62
18 35 3
18 36 89
19 37 24
19 38 21
20 39 46
20 40 87
21 41 29
21 42 6
22 43 17
22 44 50
23 45 21
23 46 91
24 47 52
24 48 78
25 49 47
25 50 7
26 51 33
26 52 64
27 53 91
27 54 4
28 55 20
28 56 31
29 57 71
29 58 64
30 59 60
30 60 98
31 61 38
31 62 36
32 63 75
32 64 77
33 65 29
33 66 59
34 67 74
34 68 20
35 69 37
35 70 44
36 71 51
36 72 34
37 73 40
37 74 56
38 75 19
38 76 83
39 77 70
39 78 53
40 79 10
40 80 92
