# Edges (u,v,w)
1 2 26
2 3 24
2 4 21
3 5 68
3 6 12
4 7 95
4 8 52
5 9 75
5 10 81
6 11 29
6 12 78
7 13 68
7 14 13
8 15 76
8 16 91
9 17 23
9 18 13
10 19 37
10 20 39
11 21 8
11 22 51
12 23 64
12 24 37
13 25 89
13 26 66
14 27 55
14 28 98
15 29 47
15 30 42
16 31 68
16 32 58
17 33 82
17 34 79
18 35 5
18 36 79
19 37 35
19 38 4
20 39 18
20 40 55
21 41 1
21 42 72
22 43 90
22 44 40
23 45 50
23 46 84
24 47 99
24 48 55
25 49 4
25 50 89
26 51 49
26 52 54
27 53 5
27 54 63
28 55 74
28 56 19
29 57 61
29 58 85
30 59 90
30 60 52
31 61 38
31 62 52
32 63 44
32 64 36
33 65 15
33 66 40
34 67 43
34 68 61
35 69 18
35 70 84
36 71 50
36 72 94
37 73 42
37 74 5
38 75 53
38 76 21
39 77 19
39 78 88
40 79 28
40 80 12
