# Edges (u,v,w)
1 2 75
2 3 45
2 4 19
3 5 61
3 6 56
4 7 16
4 8 91
5 9 92
5 10 83
6 11 57
6 12 39
7 13 48
7 14 72
8 15 25
8 16 30
9 17 100
9 18 10
10 19 74
10 20 73
11 21 65
11 22 66
12 23 17
12 24 97
13 25 87
13 26 17
14 27 35
14 28 31
15 29 25
15 30 64
16 31 73
16 32 64
17 33 40
17 34 32
18 35 4
18 36 98
19 37 42
19 38 3
20 39 28
20 40 98
21 41 7
21 42 87
22 43 37
22 44 77
23 45 98
23 46 7
24 47 11
24 48 10
25 49 87
25 50 42
26 51 71
26 52 52
27 53 72
27 54 26
28 55 36
28 56 53
29 57 71
29 58 71
30 59 45
30 60 1
31 61 2
31 62 83
32 63 21
32 64 67
33 65 38
33 66 39
34 67 10
34 68 93
35 69 22
35 70 66
36 71 93
36 72 86
37 73 14
37 74 13
38 75 70
38 76 14
39 77 20
39 78 30
40 79 91
40 80 15
