# Edges (u,v,w)
1 2 5
2 3 13
2 4 39
3 5 1
3 6 87
4 7 53
4 8 87
5 9 63
5 10 33
6 11 46
6 12 65
7 13 52
7 14 42
8 15 45
8 16 15
9 17 79
9 18 74
10 19 79
10 20 23
11 21 53
11 22 89
12 23 5
12 24 8
13 25 84
13 26 51
14 27 23
14 28 60
15 29 57
15 30 33
16 31 68
16 32 28
17 33 52
17 34 42
18 35 15
18 36 71
19 37 52
19 38 6
20 39 55
20 40 47
21 41 40
21 42 80
22 43 21
22 44 87
23 45 14
23 46 62
24 47 5
24 48 12
25 49 75
25 50 7
26 51 78
26 52 52
27 53 2
27 54 90
28 55 57
28 56 96
29 57 96
29 58 100
30 59 22
30 60 37
31 61 24
31 62 56
32 63 78
32 64 44
33 65 57
33 66 42
34 67 71
34 68 56
35 69 86
35 70 81
36 71 52
36 72 15
37 73 96
37 74 61
38 75 35
38 76 47
39 77 47
39 78 39
40 79 49
40 80 11
