# Edges (u,v,w)
1 2 18
2 3 16
2 4 31
3 5 29
3 6 2
4 7 69
4 8 47
5 9 36
5 10 46
6 11 95
6 12 97
7 13 32
7 14 96
8 15 16
8 16 51
9 17 41
9 18 61
10 19 64
10 20 20
11 21 52
11 22 97
12 23 98
12 24 15
13 25 73
13 26 66
14 27 26
14 28 6
15 29 32
15 30 62
16 31 60
16 32 18
17 33 8
17 34 98
18 35 42
18 36 75
19 37 5
19 38 34
20 39 83
20 40 33
21 41 71
21 42 97
22 43 95
22 44 92
23 45 11
23 46 58
24 47 7
24 48 100
25 49 64
25 50 80
26 51 64
26 52 37
27 53 86
27 54 71
28 55 20
28 56 67
29 57 76
29 58 5
30 59 58
30 60 79
31 61 24
31 62 86
32 63 26
32 64 92
33 65 64
33 66 15
34 67 49
34 68 42
35 69 81
35 70 87
36 71 28
36 72 4
37 73 66
37 74 55
38 75 72
38 76 11
39 77 93
39 78 14
40 79 52
40 80 78
