# Edges (u,v,w)
1 2 7
2 3 68
2 4 88
3 5 57
3 6 81
4 7 82
4 8 9
5 9 44
5 10 67
6 11 4
6 12 35
7 13 59
7 14 42
8 15 43
8 16 50
9 17 23
9 18 81
10 19 24
10 20 55
11 21 15
11 22 11
12 23 57
12 24 96
13 25 22
13 26 26
14 27 58
14 28 28
15 29 40
15 30 99
16 31 30
16 32 39
17 33 57
17 34 16
18 35 55
18 36 72
19 37 32
19 38 55
20 39 36
20 40 22
21 41 84
21 42 42
22 43 73
22 44 43
23 45 2
23 46 85
24 47 43
24 48 9
25 49 24
25 50 57
26 51 42
26 52 85
27 53 16
27 54 33
28 55 23
28 56 96
29 57 50
29 58 42
30 59 23
30 60 26
31 61 28
31 62 67
32 63 61
32 64 73
33 65 78
33 66 34
34 67 11
34 68 41
35 69 6
35 70 12
36 71 45
36 72 39
37 73 46
37 74 93
38 75 5
38 76 76
39 77 92
39 78 81
40 79 68
40 80 87
