# Edges (u,v,w)
1 2 74
2 3 2
2 4 59
3 5 41
3 6 12
4 7 76
4 8 77
5 9 31
5 10 39
6 11 16
6 12 62
7 13 40
7 14 11
8 15 65
8 16 55
9 17 74
9 18 41
10 19 30
10 20 62
11 21 65
11 22 1
12 23 27
12 24 49
13 25 15
13 26 12
14 27 57
14 28 99
15 29 75
15 30 57
16 31 47
16 32 7
17 33 62
17 34 99
18 35 49
18 36 93
19 37 84
19 38 79
20 39 43
20 40 12
21 41 3
21 42 15
22 43 85
22 44 4
23 45 3
23 46 24
24 47 12
24 48 27
25 49 1
25 50 55
26 51 17
26 52 7
27 53 2
27 54 84
28 55 15
28 56 67
29 57 24
29 58 5
30 59 46
30 60 83
31 61 97
31 62 54
32 63 50
32 64 12
33 65 83
33 66 38
34 67 98
34 68 26
35 69 30
35 70 23
36 71 8
36 72 87
37 73 35
37 74 19
38 75 72
38 76 14
39 77 81
39 78 84
40 79 15
40 80 50
