# Edges (u,v,w)
1 2 88
2 3 2
2 4 29
3 5 98
3 6 88
4 7 64
4 8 69
5 9 88
5 10 22
6 11 91
6 12 84
7 13 91
7 14 25
8 15 34
8 16 76
9 17 11
9 18 99
10 19 31
10 20 49
11 21 10
11 22 18
12 23 63
12 24 23
13 25 37
13 26 1
14 27 3
14 28 19
15 29 5
15 30 7
16 31 18
16 32 40
17 33 23
17 34 2
18 35 34
18 36 83
19 37 17
19 38 11
20 39 94
20 40 85
21 41 53
21 42 78
22 43 9
22 44 65
23 45 32
23 46 3
24 47 48
24 48 58
25 49 27
25 50 89
26 51 100
26 52 4
27 53 98
27 54 94
28 55 58
28 56 29
29 57 16
29 58 54
30 59 54
30 60 45
31 61 69
31 62 82
32 63 34
32 64 49
33 65 89
33 66 22
34 67 60
34 68 31
35 69 4
35 70 90
36 71 11
36 72 47
37 73 41
37 74 22
38 75 54
38 76 88
39 77 77
39 78 26
40 79 56
40 80 28
