# Edges (u,v,w)
1 2 15
2 3 60
2 4 60
3 5 37
3 6 20
4 7 68
4 8 86
5 9 27
5 10 86
6 11 49
6 12 90
7 13 92
7 14 98
8 15 26
8 16 53
9 17 13
9 18 50
10 19 9
10 20 46
11 21 22
11 22 14
12 23 82
12 24 98
13 25 53
13 26 95
14 27 34
14 28 92
15 29 33
15 30 24
16 31 81
16 32 21
17 33 21
17 34 71
18 35 15
18 36 14
19 37 44
19 38 57
20 39 24
20 40 96
21 41 32
21 42 79
22 43 54
22 44 93
23 45 35
23 46 8
24 47 81
24 48 56
25 49 86
25 50 9
26 51 1
26 52 52
27 53 2
27 54 16
28 55 74
28 56 74
29 57 77
29 58 86
30 59 30
30 60 46
31 61 7
31 62 46
32 63 37
32 64 65
33 65 44
33 66 100
34 67 63
34 68 72
35 69 60
35 70 61
36 71 23
36 72 51
37 73 9
37 74 55
38 75 14
38 76 67
39 77 95
39 78 95
40 79 4
40 80 64
