# Edges (u,v,w)
1 2 14
2 3 26
2 4 44
3 5 14
3 6 27
4 7 32
4 8 86
5 9 88
5 10 25
6 11 72
6 12 33
7 13 43
7 14 44
8 15 64
8 16 7
9 17 60
9 18 10
10 19 90
10 20 40
11 21 16
11 22 6
12 23 99
12 24 56
13 25 13
13 26 27
14 27 53
14 28 83
15 29 5
15 30 19
16 31 90
16 32 19
17 33 47
17 34 70
18 35 58
18 36 94
19 37 74
19 38 74
20 39 79
20 40 14
21 41 12
21 42 12
22 43 21
22 44 32
23 45 49
23 46 42
24 47 12
24 48 79
25 49 23
25 50 66
26 51 64
26 52 12
27 53 100
27 54 55
28 55 29
28 56 20
29 57 61
29 58 4
30 59 11
30 60 29
31 61 9
31 62 72
32 63 24
32 64 7
33 65 80
33 66 14
34 67 59
34 68 87
35 69 11
35 70 19
36 71 26
36 72 99
37 73 37
37 74 52
38 75 18
38 76 77
39 77 4
39 78 55
40 79 28
40 80 15
