# Edges (u,v,w)
1 2 81
2 3 84
2 4 30
3 5 38
3 6 78
4 7 14
4 8 9
5 9 66
5 10 54
6 11 75
6 12 20
7 13 26
7 14 47
8 15 36
8 16 48
9 17 95
9 18 81
10 19 10
10 20 92
11 21 94
11 22 45
12 23 33
12 24 99
13 25 22
13 26 24
14 27 78
14 28 43
15 29 25
15 30 37
16 31 46
16 32 40
17 33 10
17 34 65
18 35 80
18 36 40
19 37 25
19 38 41
20 39 66
20 40 73
21 41 35
21 42 74
22 43 95
22 44 44
23 45 5
23 46 55
24 47 12
24 48 40
25 49 3
25 50 69
26 51 49
26 52 27
27 53 54
27 54 26
28 55 17
28 56 61
29 57 6
29 58 97
30 59 1
30 60 90
31 61 57
31 62 49
32 63 50
32 64 34
33 65 7
33 66 90
34 67 67
34 68 93
35 69 33
35 70 79
36 71 65
36 72 59
37 73 73
37 74 82
38 75 100
38 76 63
39 77 4
39 78 28
40 79 40
40 80 83
