# Edges (u,v,w)
1 2 22
2 3 16
2 4 75
3 5 53
3 6 71
4 7 88
4 8 21
5 9 55
5 10 68
6 11 83
6 12 12
7 13 95
7 14 35
8 15 18
8 16 63
9 17 83
9 18 50
10 19 37
10 20 98
11 21 89
11 22 4
12 23 57
12 24 21
13 25 90
13 26 93
14 27 27
14 28 79
15 29 29
15 30 31
16 31 83
16 32 51
17 33 19
17 34 15
18 35 31
18 36 66
19 37 3
19 38 68
20 39 41
20 40 11
21 41 51
21 42 23
22 43 14
22 44 54
23 45 51
23 46 59
24 47 8
24 48 79
25 49 52
25 50 89
26 51 62
26 52 24
27 53 26
27 54 74
28 55 67
28 56 83
29 57 86
29 58 48
30 59 31
30 60 63
31 61 43
31 62 44
32 63 71
32 64 66
33 65 20
33 66 97
34 67 15
34 68 87
35 69 63
35 70 46
36 71 68
36 72 36
37 73 85
37 74 27
38 75 51
38 76 22
39 77 3
39 78 1
40 79 37
40 80 91
