# Edges (u,v,w)
1 2 77
2 3 73
2 4 68
3 5 5
3 6 60
4 7 78
4 8 15
5 9 10
5 10 58
6 11 63
6 12 68
7 13 9
7 14 8
8 15 42
8 16 27
9 17 11
9 18 14
10 19 53
10 20 92
11 21 50
11 22 72
12 23 92
12 24 95
13 25 77
13 26 18
14 27 42
14 28 27
15 29 92
15 30 71
16 31 94
16 32 98
17 33 98
17 34 5
18 35 39
18 36 50
19 37 2
19 38 40
20 39 52
20 40 1
21 41 96
21 42 90
22 43 18
22 44 81
23 45 65
23 46 78
24 47 11
24 48 24
25 49 26
25 50 86
26 51 68
26 52 67
27 53 39
27 54 62
28 55 67
28 56 53
29 57 17
29 58 55
30 59 70
30 60 3
31 61 55
31 62 12
32 63 17
32 64 42
33 65 57
33 66 84
34 67 18
34 68 2
35 69 17
35 70 97
36 71 72
36 72 23
37 73 79
37 74 30
38 75 36
38 76 43
39 77 78
39 78 7
40 79 3
40 80 61
