# Edges (u,v,w)
1 2 13
2 3 92
2 4 93
3 5 23
3 6 86
4 7 39
4 8 78
5 9 84
5 10 10
6 11 62
6 12 31
7 13 77
7 14 6
8 15 74
8 16 97
9 17 28
9 18 35
10 19 94
10 20 48
11 21 33
11 22 96
12 23 9
12 24 8
13 25 45
13 26 13
14 27 57
14 28 86
15 29 26
15 30 93
16 31 49
16 32 2
17 33 91
17 34 30
18 35 70
18 36 88
19 37 70
19 38 36
20 39 67
20 40 40
21 41 89
21 42 68
22 43 6
22 44 79
23 45 53
23 46 26
24 47 46
24 48 100
25 49 15
25 50 77
26 51 62
26 52 68
27 53 77
27 54 94
28 55 96
28 56 47
29 57 49
29 58 31
30 59 22
30 60 55
31 61 44
31 62 99
32 63 12
32 64 17
33 65 19
33 66 23
34 67 58
34 68 83
35 69 19
35 70 58
36 71 25
36 72 59
37 73 58
37 74 45
38 75 72
38 76 17
39 77 4
39 78 71
40 79 38
40 80 6
