# Edges (u,v,w)
1 2 95
2 3 27
2 4 96
3 5 11
3 6 10
4 7 7
4 8 69
5 9 64
5 10 40
6 11 99
6 12 89
7 13 45
7 14 43
8 15 26
8 16 15
9 17 29
9 18 9
10 19 98
10 20 90
11 21 92
11 22 41
12 23 18
12 24 38
13 25 54
13 26 39
14 27 68
14 28 19
15 29 39
15 30 57
16 31 11
16 32 3
17 33 91
17 34 41
18 35 10
18 36 51
19 37 37
19 38 92
20 39 39
20 40 6
21 41 95
21 42 89
22 43 93
22 44 58
23 45 54
23 46 100
24 47 6
24 48 93
25 49 44
25 50 67
26 51 82
26 52 72
27 53 72
27 54 48
28 55 82
28 56 53
29 57 68
29 58 74
30 59 83
30 60 3
31 61 93
31 62 45
32 63 43
32 64 80
33 65 73
33 66 52
34 67 46
34 68 15
35 69 18
35 70 20
36 71 50
36 72 88
37 73 29
37 74 77
38 75 39
38 76 64
39 77 87
39 78 40
40 79 97
40 80 97
