# Edges (u,v,w)
1 2 17
2 3 36
2 4 30
3 5 78
3 6 54
4 7 27
4 8 27
5 9 47
5 10 27
6 11 3
6 12 47
7 13 2
7 14 2
8 15 83
8 16 88
9 17 89
9 18 38
10 19 48
10 20 78
11 21 5
11 22 17
12 23 93
12 24 55
13 25 18
13 26 90
14 27 58
14 28 12
15 29 50
15 30 97
16 31 60
16 32 95
17 33 14
17 34 19
18 35 3
18 36 64
19 37 64
19 38 62
20 39 54
20 40 9
21 41 78
21 42 37
22 43 26
22 44 32
23 45 98
23 46 93
24 47 35
24 48 27
25 49 18
25 50 58
26 51 45
26 52 65
27 53 8
27 54 30
28 55 97
28 56 38
29 57 87
29 58 9
30 59 94
30 60 20
31 61 94
31 62 36
32 63 1
32 64 1
33 65 67
33 66 28
34 67 1
34 68 82
35 69 62
35 70 81
36 71 59
36 72 3
37 73 94
37 74 42
38 75 72
38 76 12
39 77 74
39 78 7
40 79 83
40 80 65
