# Edges (u,v,w)
1 2 47
2 3 72
2 4 83
3 5 98
3 6 43
4 7 47
4 8 36
5 9 48
5 10 37
6 11 74
6 12 36
7 13 15
7 14 73
8 15 34
8 16 20
9 17 32
9 18 49
10 19 1
10 20 21
11 21 64
11 22 33
12 23 68
12 24 95
13 25 43
13 26 69
14 27 50
14 28 85
15 29 88
15 30 38
16 31 8
16 32 20
17 33 98
17 34 12
18 35 80
18 36 48
19 37 97
19 38 93
20 39 97
20 40 19
21 41 28
21 42 14
22 43 40
22 44 85
23 45 8
23 46 34
24 47 25
24 48 60
25 49 34
25 50 14
26 51 8
26 52 54
27 53 31
27 54 33
28 55 84
28 56 32
29 57 44
29 58 72
30 59 45
30 60 16
31 61 18
31 62 18
32 63 59
32 64 69
33 65 36
33 66 34
34 67 81
34 68 78
35 69 25
35 70 47
36 71 37
36 72 42
37 73 98
37 74 14
38 75 62
38 76 8
39 77 82
39 78 28
40 79 3
40 80 65
