# Edges (u,v,w)
1 2 19
2 3 61
2 4 78
3 5 35
3 6 45
4 7 10
4 8 58
5 9 18
5 10 71
6 11 21
6 12 26
7 13 85
7 14 66
8 15 96
8 16 16
9 17 80
9 18 21
10 19 37
10 20 69
11 21 100
11 22 97
12 23 73
12 24 10
13 25 62
13 26 85
14 27 90
14 28 65
15 29 99
15 30 7
16 31 82
16 32 74
17 33 54
17 34 60
18 35 43
18 36 45
19 37 88
19 38 100
20 39 79
20 40 59
21 41 14
21 42 2
22 43 41
22 44 73
23 45 9
23 46 84
24 47 7
24 48 92
25 49 9
25 50 7
26 51 67
26 52 9
27 53 8
27 54 90
28 55 45
28 56 50
29 57 11
29 58 59
30 59 3
30 60 52
31 61 63
31 62 2
32 63 96
32 64 57
33 65 63
33 66 100
34 67 92
34 68 89
35 69 92
35 70 4
36 71 25
36 72 54
37 73 45
37 74 30
38 75 40
38 76 13
39 77 11
39 78 76
40 79 26
40 80 2
