# Edges (u,v,w)
1 2 57
2 3 69
2 4 99
3 5 6
3 6 74
4 7 12
4 8 79
5 9 17
5 10 47
6 11 36
6 12 48
7 13 85
7 14 31
8 15 2
8 16 6
9 17 26
9 18 2
10 19 13
10 20 26
11 21 60
11 22 31
12 23 71
12 24 28
13 25 37
13 26 32
14 27 68
14 28 88
15 29 26
15 30 67
16 31 28
16 32 12
17 33 24
17 34 74
18 35 23
18 36 24
19 37 70
19 38 34
20 39 40
20 40 68
21 41 62
21 42 46
22 43 46
22 44 75
23 45 25
23 46 45
24 47 52
24 48 99
25 49 37
25 50 92
26 51 64
26 52 61
27 53 97
27 54 95
28 55 59
28 56 96
29 57 40
29 58 12
30 59 37
30 60 29
31 61 39
31 62 41
32 63 38
32 64 25
33 65 81
33 66 22
34 67 37
34 68 96
35 69 70
35 70 95
36 71 96
36 72 87
37 73 56
37 74 47
38 75 89
38 76 75
39 77 75
39 78 25
40 79 10
40 80 89
