# Edges (u,v,w)
1 2 45
2 3 100
2 4 23
3 5 63
3 6 61
4 7 97
4 8 5
5 9 51
5 10 57
6 11 55
6 12 76
7 13 54
7 14 98
8 15 12
8 16 57
9 17 36
9 18 76
10 19 55
10 20 100
11 21 69
11 22 85
12 23 44
12 24 67
13 25 16
13 26 65
14 27 76
14 28 11
15 29 44
15 30 47
16 31 52
16 32 83
17 33 36
17 34 61
18 35 82
18 36 84
19 37 41
19 38 80
20 39 81
20 40 35
21 41 54
21 42 59
22 43 27
22 44 90
23 45 28
23 46 89
24 47 34
24 48 88
25 49 68
25 50 45
26 51 36
26 52 33
27 53 76
27 54 41
28 55 54
28 56 53
29 57 72
29 58 53
30 59 25
30 60 10
31 61 70
31 62 78
32 63 43
32 64 22
33 65 90
33 66 13
34 67 30
34 68 49
35 69 60
35 70 50
36 71 55
36 72 21
37 73 32
37 74 62
38 75 22
38 76 93
39 77 97
39 78 33
40 79 56
40 80 57
