# Edges (u,v,w)
1 2 83
2 3 66
2 4 21
3 5 62
3 6 86
4 7 48
4 8 30
5 9 92
5 10 33
6 11 95
6 12 68
7 13 57
7 14 5
8 15 63
8 16 24
9 17 65
9 18 46
10 19 74
10 20 47
11 21 27
11 22 33
12 23 18
12 24 16
13 25 64
13 26 46
14 27 10
14 28 45
15 29 57
15 30 87
16 31 57
16 32 14
17 33 86
17 34 97
18 35 24
18 36 45
19 37 93
19 38 20
20 39 39
20 40 26
21 41 60
21 42 59
22 43 34
22 44 14
23 45 17
23 46 67
24 47 98
24 48 86
25 49 55
25 50 13
26 51 92
26 52 28
27 53 21
27 54 78
28 55 7
28 56 29
29 57 83
29 58 42
30 59 33
30 60 97
31 61 86
31 62 28
32 63 4
32 64 67
33 65 54
33 66 66
34 67 12
34 68 88
35 69 32
35 70 24
36 71 17
36 72 32
37 73 36
37 74 20
38 75 81
38 76 36
39 77 47
39 78 35
40 79 6
40 80 90
