# Edges (u,v,w)
1 2 47
2 3 27
2 4 49
3 5 86
3 6 51
4 7 1
4 8 74
5 9 99
5 10 34
6 11 4
6 12 60
7 13 72
7 14 49
8 15 78
8 16 57
9 17 89
9 18 92
10 19 22
10 20 29
11 21 32
11 22 1
12 23 58
12 24 50
13 25 48
13 26 88
14 27 74
14 28 54
15 29 62
15 30 39
16 31 20
16 32 63
17 33 58
17 34 66
18 35 51
18 36 25
19 37 27
19 38 92
20 39 16
20 40 93
21 41 17
21 42 52
22 43 17
22 44 78
23 45 48
23 46 64
24 47 10
24 48 30
25 49 57
25 50 12
26 51 28
26 52 90
27 53 68
27 54 34
28 55 68
28 56 18
29 57 11
29 58 34
30 59 24
30 60 14
31 61 24
31 62 56
32 63 22
32 64 35
33 65 21
33 66 60
34 67 4
34 68 62
35 69 22
35 70 29
36 71 82
36 72 53
37 73 85
37 74 38
38 75 54
38 76 78
39 77 76
39 78 48
40 79 71
40 80 92
