# Edges (u,v,w)
1 2 10
2 3 42
2 4 50
3 5 86
3 6 83
4 7 52
4 8 45
5 9 29
5 10 81
6 11 45
6 12 57
7 13 46
7 14 75
8 15 37
8 16 35
9 17 19
9 18 42
10 19 66
10 20 14
11 21 82
11 22 82
12 23 77
12 24 20
13 25 32
13 26 71
14 27 9
14 28 86
15 29 50
15 30 29
16 31 21
16 32 4
17 33 13
17 34 56
18 35 16
18 36 16
19 37 41
19 38 19
20 39 57
20 40 24
21 41 42
21 42 67
22 43 12
22 44 48
23 45 59
23 46 72
24 47 81
24 48 95
25 49 1
25 50 11
26 51 78
26 52 88
27 53 80
27 54 8
28 55 19
28 56 2
29 57 30
29 58 54
30 59 77
30 60 62
31 61 44
31 62 65
32 63 31
32 64 33
33 65 13
33 66 38
34 67 71
34 68 75
35 69 65
35 70 63
36 71 74
36 72 50
37 73 69
37 74 94
38 75 66
38 76 100
39 77 56
39 78 1
40 79 64
40 80 29
