# Edges (u,v,w)
1 2 61
2 3 40
2 4 56
3 5 33
3 6 7
4 7 72
4 8 14
5 9 40
5 10 4
6 11 71
6 12 31
7 13 100
7 14 69
8 15 35
8 16 77
9 17 25
9 18 18
10 19 54
10 20 4
11 21 74
11 22 39
12 23 74
12 24 1
13 25 94
13 26 28
14 27 27
14 28 69
15 29 9
15 30 33
16 31 10
16 32 26
17 33 43
17 34 79
18 35 11
18 36 79
19 37 42
19 38 93
20 39 74
20 40 15
21 41 96
21 42 67
22 43 42
22 44 73
23 45 99
23 46 25
24 47 29
24 48 73
25 49 52
25 50 56
26 51 75
26 52 52
27 53 4
27 54 8
28 55 88
28 56 92
29 57 99
29 58 16
30 59 33
30 60 1
31 61 100
31 62 11
32 63 74
32 64 75
33 65 10
33 66 20
34 67 4
34 68 54
35 69 30
35 70 7
36 71 17
36 72 29
37 73 11
37 74 47
38 75 34
38 76 45
39 77 49
39 78 10
40 79 21
40 80 45
