# Edges (u,v,w)
1 2 79
2 3 47
2 4 17
3 5 37
3 6 92
4 7 55
4 8 44
5 9 30
5 10 34
6 11 47
6 12 79
7 13 90
7 14 50
8 15 97
8 16 100
9 17 52
9 18 51
10 19 88
10 20 81
11 21 75
11 22 85
12 23 56
12 24 71
13 25 62
13 26 65
14 27 87
14 28 53
15 29 62
15 30 23
16 31 92
16 32 22
17 33 40
17 34 8
18 35 52
18 36 34
19 37 13
19 38 66
20 39 78
20 40 1
21 41 30
21 42 28
22 43 87
22 44 95
23 45 37
23 46 100
24 47 92
24 48 2
25 49 87
25 50 40
26 51 28
26 52 25
27 53 24
27 54 82
28 55 94
28 56 56
29 57 22
29 58 9
30 59 48
30 60 25
31 61 72
31 62 84
32 63 24
32 64 1
33 65 97
33 66 80
34 67 88
34 68 71
35 69 75
35 70 11
36 71 56
36 72 51
37 73 4
37 74 64
38 75 81
38 76 86
39 77 66
39 78 20
40 79 12
40 80 8
