# Edges (u,v,w)
1 2 17
2 3 85
2 4 43
3 5 42
3 6 15
4 7 95
4 8 7
5 9 25
5 10 18
6 11 31
6 12 4
7 13 34
7 14 30
8 15 98
8 16 64
9 17 17
9 18 87
10 19 89
10 20 31
11 21 54
11 22 23
12 23 9
12 24 76
13 25 83
13 26 12
14 27 68
14 28 100
15 29 25
15 30 51
16 31 38
16 32 7
17 33 98
17 34 77
18 35 89
18 36 5
19 37 26
19 38 58
20 39 79
20 40 70
21 41 24
21 42 32
22 43 32
22 44 31
23 45 66
23 46 47
24 47 4
24 48 8
25 49 47
25 50 93
26 51 20
26 52 24
27 53 26
27 54 87
28 55 55
28 56 98
29 57 82
29 58 99
30 59 50
30 60 6
31 61 30
31 62 18
32 63 54
32 64 22
33 65 72
33 66 25
34 67 20
34 68 30
35 69 100
35 70 87
36 71 27
36 72 52
37 73 47
37 74 62
38 75 34
38 76 31
39 77 8
39 78 15
40 79 4
40 80 74
