# Edges (u,v,w)
1 2 5
2 3 10
2 4 42
3 5 22
3 6 59
4 7 97
4 8 83
5 9 48
5 10 26
6 11 11
6 12 80
7 13 61
7 14 1
8 15 65
8 16 7
9 17 35
9 18 63
10 19 61
10 20 78
11 21 20
11 22 98
12 23 79
12 24 23
13 25 57
13 26 54
14 27 3
14 28 56
15 29 85
15 30 72
16 31 30
16 32 34
17 33 79
17 34 8
18 35 12
18 36 68
19 37 38
19 38 39
20 39 36
20 40 24
21 41 82
21 42 40
22 43 33
22 44 2
23 45 36
23 46 30
24 47 44
24 48 94
25 49 75
25 50 72
26 51 91
26 52 59
27 53 100
27 54 41
28 55 85
28 56 12
29 57 63
29 58 21
30 59 84
30 60 42
31 61 42
31 62 71
32 63 96
32 64 19
33 65 59
33 66 32
34 67 50
34 68 16
35 69 28
35 70 25
36 71 6
36 72 46
37 73 50
37 74 39
38 75 8
38 76 55
39 77 53
39 78 55
40 79 16
40 80 52
