# Edges (u,v,w)
1 2 98
2 3 88
2 4 80
3 5 78
3 6 69
4 7 82
4 8 60
5 9 90
5 10 5
6 11 74
6 12 18
7 13 66
7 14 59
8 15 9
8 16 44
9 17 86
9 18 97
10 19 88
10 20 4
11 21 2
11 22 21
12 23 60
12 24 20
13 25 83
13 26 80
14 27 66
14 28 18
15 29 59
15 30 77
16 31 62
16 32 29
17 33 18
17 34 6
18 35 36
18 36 7
19 37 77
19 38 12
20 39 65
20 40 31
21 41 94
21 42 71
22 43 99
22 44 26
23 45 72
23 46 13
24 47 5
24 48 21
25 49 50
25 50 96
26 51 79
26 52 10
27 53 70
27 54 52
28 55 31
28 56 84
29 57 16
29 58 79
30 59 30
30 60 81
31 61 43
31 62 95
32 63 27
32 64 84
33 65 46
33 66 7
34 67 14
34 68 79
35 69 33
35 70 92
36 71 27
36 72 67
37 73 39
37 74 72
38 75 61
38 76 8
39 77 60
39 78 81
40 79 90
40 80 21
