# Edges (u,v,w)
1 2 81
2 3 37
2 4 69
3 5 68
3 6 91
4 7 42
4 8 87
5 9 7
5 10 73
6 11 84
6 12 67
7 13 69
7 14 48
8 15 99
8 16 39
9 17 17
9 18 52
10 19 67
10 20 29
11 21 67
11 22 64
12 23 38
12 24 14
13 25 75
13 26 66
14 27 65
14 28 48
15 29 95
15 30 50
16 31 20
16 32 36
17 33 58
17 34 73
18 35 73
18 36 87
19 37 21
19 38 41
20 39 67
20 40 48
21 41 95
21 42 55
22 43 68
22 44 89
23 45 98
23 46 65
24 47 65
24 48 24
25 49 28
25 50 9
26 51 24
26 52 58
27 53 90
27 54 69
28 55 16
28 56 56
29 57 78
29 58 19
30 59 11
30 60 70
31 61 77
31 62 21
32 63 10
32 64 12
33 65 91
33 66 63
34 67 51
34 68 54
35 69 66
35 70 95
36 71 31
36 72 28
37 73 63
37 74 15
38 75 12
38 76 94
39 77 92
39 78 99
40 79 47
40 80 95
