# Edges (u,v,w)
1 2 54
2 3 14
2 4 7
3 5 58
3 6 61
4 7 37
4 8 83
5 9 36
5 10 99
6 11 55
6 12 95
7 13 40
7 14 6
8 15 74
8 16 50
9 17 41
9 18 78
10 19 12
10 20 100
11 21 59
11 22 97
12 23 10
12 24 3
13 25 66
13 26 91
14 27 61
14 28 23
15 29 14
15 30 36
16 31 13
16 32 90
17 33 19
17 34 25
18 35 39
18 36 4
19 37 42
19 38 79
20 39 94
20 40 2
21 41 82
21 42 97
22 43 70
22 44 83
23 45 7
23 46 58
24 47 21
24 48 35
25 49 2
25 50 10
26 51 48
26 52 22
27 53 81
27 54 2
28 55 30
28 56 2
29 57 42
29 58 53
30 59 54
30 60 15
31 61 3
31 62 11
32 63 90
32 64 52
33 65 68
33 66 7
34 67 3
34 68 5
35 69 62
35 70 43
36 71 76
36 72 90
37 73 34
37 74 32
38 75 1
38 76 43
39 77 56
39 78 13
40 79 36
40 80 84
