# Edges (u,v,w)
1 2 28
2 3 85
2 4 100
3 5 45
3 6 5
4 7 72
4 8 36
5 9 43
5 10 27
6 11 71
6 12 67
7 13 71
7 14 62
8 15 29
8 16 100
9 17 12
9 18 34
10 19 59
10 20 12
11 21 88
11 22 97
12 23 9
12 24 12
13 25 48
13 26 95
14 27 65
14 28 57
15 29 71
15 30 1
16 31 64
16 32 91
17 33 85
17 34 87
18 35 20
18 36 27
19 37 31
19 38 94
20 39 74
20 40 92
21 41 54
21 42 65
22 43 4
22 44 24
23 45 26
23 46 61
24 47 75
24 48 74
25 49 95
25 50 64
26 51 53
26 52 44
27 53 80
27 54 71
28 55 74
28 56 78
29 57 1
29 58 35
30 59 79
30 60 44
31 61 8
31 62 54
32 63 8
32 64 83
33 65 52
33 66 16
34 67 74
34 68 77
35 69 61
35 70 47
36 71 96
36 72 64
37 73 38
37 74 81
38 75 90
38 76 2
39 77 51
39 78 37
40 79 99
40 80 26
