# Edges (u,v,w)
1 2 31
2 3 36
2 4 15
3 5 33
3 6 98
4 7 72
4 8 99
5 9 6
5 10 13
6 11 41
6 12 71
7 13 66
7 14 6
8 15 2
8 16 51
9 17 87
9 18 58
10 19 25
10 20 18
11 21 59
11 22 26
12 23 41
12 24 40
13 25 71
13 26 64
14 27 81
14 28 35
15 29 15
15 30 55
16 31 31
16 32 80
17 33 91
17 34 66
18 35 2
18 36 25
19 37 12
19 38 36
20 39 67
20 40 83
21 41 38
21 42 91
22 43 100
22 44 7
23 45 66
23 46 77
24 47 97
24 48 34
25 49 14
25 50 62
26 51 85
26 52 32
27 53 97
27 54 51
28 55 47
28 56 91
29 57 38
29 58 73
30 59 27
30 60 72
31 61 81
31 62 96
32 63 88
32 64 90
33 65 95
33 66 24
34 67 78
34 68 12
35 69 66
35 70 99
36 71 7
36 72 30
37 73 20
37 74 24
38 75 95
38 76 54
39 77 79
39 78 38
40 79 14
40 80 83
