# Edges (u,v,w)
1 2 12
2 3 20
2 4 73
3 5 75
3 6 56
4 7 66
4 8 80
5 9 80
5 10 48
6 11 75
6 12 77
7 13 96
7 14 67
8 15 21
8 16 7
9 17 44
9 18 40
10 19 24
10 20 21
11 21 96
11 22 23
12 23 27
12 24 23
13 25 30
13 26 12
14 27 45
14 28 88
15 29 45
15 30 96
16 31 22
16 32 14
17 33 33
17 34 8
18 35 43
18 36 96
19 37 36
19 38 67
20 39 67
20 40 64
21 41 95
21 42 36
22 43 64
22 44 34
23 45 5
23 46 44
24 47 52
24 48 99
25 49 32
25 50 54
26 51 69
26 52 80
27 53 67
27 54 93
28 55 95
28 56 79
29 57 1
29 58 6
30 59 12
30 60 62
31 61 73
31 62 90
32 63 14
32 64 93
33 65 72
33 66 67
34 67 56
34 68 35
35 69 95
35 70 62
36 71 86
36 72 47
37 73 3
37 74 9
38 75 18
38 76 54
39 77 35
39 78 35
40 79 16
40 80 49
