# Edges (u,v,w)
1 2 61
2 3 15
2 4 62
3 5 57
3 6 13
4 7 24
4 8 29
5 9 72
5 10 20
6 11 65
6 12 33
7 13 19
7 14 78
8 15 12
8 16 8
9 17 62
9 18 15
10 19 7
10 20 13
11 21 10
11 22 95
12 23 67
12 24 8
13 25 20
13 26 14
14 27 91
14 28 55
15 29 81
15 30 46
16 31 32
16 32 32
17 33 93
17 34 88
18 35 14
18 36 87
19 37 88
19 38 56
20 39 48
20 40 74
21 41 39
21 42 94
22 43 53
22 44 50
23 45 70
23 46 71
24 47 23
24 48 96
25 49 71
25 50 42
26 51 87
26 52 54
27 53 95
27 54 34
28 55 57
28 56 58
29 57 4
29 58 65
30 59 41
30 60 14
31 61 41
31 62 17
32 63 96
32 64 58
33 65 61
33 66 54
34 67 58
34 68 65
35 69 32
35 70 48
36 71 70
36 72 34
37 73 41
37 74 30
38 75 11
38 76 14
39 77 95
39 78 12
40 79 66
40 80 18
