# Edges (u,v,w)
1 2 57
2 3 52
2 4 29
3 5 2
3 6 20
4 7 94
4 8 59
5 9 5
5 10 99
6 11 29
6 12 82
7 13 15
7 14 48
8 15 66
8 16 26
9 17 63
9 18 22
10 19 50
10 20 72
11 21 31
11 22 89
12 23 64
12 24 34
13 25 67
13 26 46
14 27 1
14 28 62
15 29 78
15 30 38
16 31 11
16 32 77
17 33 83
17 34 58
18 35 42
18 36 86
19 37 27
19 38 11
20 39 49
20 40 67
21 41 43
21 42 3
22 43 96
22 44 78
23 45 80
23 46 72
24 47 76
24 48 61
25 49 11
25 50 60
26 51 50
26 52 21
27 53 31
27 54 76
28 55 6
28 56 81
29 57 23
29 58 1
30 59 3
30 60 42
31 61 95
31 62 3
32 63 100
32 64 29
33 65 58
33 66 18
34 67 54
34 68 68
35 69 35
35 70 85
36 71 25
36 72 36
37 73 47
37 74 23
38 75 6
38 76 1
39 77 22
39 78 68
40 79 14
40 80 45
