# Edges (u,v,w)
1 2 1
2 3 18
2 4 3
3 5 57
3 6 8
4 7 6
4 8 6
5 9 63
5 10 17
6 11 63
6 12 95
7 13 98
7 14 10
8 15 22
8 16 65
9 17 15
9 18 10
10 19 27
10 20 63
11 21 29
11 22 94
12 23 11
12 24 83
13 25 20
13 26 68
14 27 81
14 28 36
15 29 25
15 30 17
16 31 96
16 32 62
17 33 26
17 34 39
18 35 54
18 36 11
19 37 100
19 38 44
20 39 24
20 40 90
21 41 7
21 42 69
22 43 52
22 44 24
23 45 56
23 46 12
24 47 52
24 48 76
25 49 41
25 50 51
26 51 75
26 52 35
27 53 96
27 54 56
28 55 45
28 56 89
29 57 86
29 58 15
30 59 94
30 60 25
31 61 12
31 62 75
32 63 36
32 64 2
33 65 16
33 66 60
34 67 33
34 68 89
35 69 70
35 70 35
36 71 56
36 72 25
37 73 99
37 74 13
38 75 44
38 76 3
39 77 2
39 78 41
40 79 5
40 80 52
