# Edges (u,v,w)
1 2 86
2 3 49
2 4 22
3 5 97
3 6 72
4 7 36
4 8 76
5 9 29
5 10 81
6 11 73
6 12 6
7 13 52
7 14 5
8 15 67
8 16 85
9 17 73
9 18 84
10 19 16
10 20 4
11 21 54
11 22 89
12 23 80
12 24 20
13 25 96
13 26 75
14 27 21
14 28 70
15 29 84
15 30 15
16 31 42
16 32 47
17 33 65
17 34 97
18 35 26
18 36 87
19 37 29
19 38 26
20 39 84
20 40 41
21 41 14
21 42 62
22 43 59
22 44 76
23 45 33
23 46 54
24 47 68
24 48 17
25 49 7
25 50 97
26 51 49
26 52 85
27 53 12
27 54 93
28 55 72
28 56 57
29 57 29
29 58 15
30 59 56
30 60 48
31 61 34
31 62 44
32 63 18
32 64 75
33 65 33
33 66 58
34 67 46
34 68 85
35 69 56
35 70 98
36 71 38
36 72 23
37 73 35
37 74 61
38 75 58
38 76 58
39 77 5
39 78 12
40 79 13
40 80 41
