# Edges (u,v,w)
1 2 33
2 3 67
2 4 94
3 5 89
3 6 35
4 7 35
4 8 68
5 9 88
5 10 15
6 11 36
6 12 37
7 13 71
7 14 82
8 15 77
8 16 78
9 17 84
9 18 28
10 19 12
10 20 18
11 21 88
11 22 70
12 23 51
12 24 94
13 25 27
13 26 48
14 27 16
14 28 74
15 29 13
15 30 18
16 31 82
16 32 49
17 33 46
17 34 84
18 35 68
18 36 35
19 37 21
19 38 75
20 39 96
20 40 71
21 41 12
21 42 66
22 43 97
22 44 44
23 45 18
23 46 35
24 47 45
24 48 92
25 49 1
25 50 21
26 51 93
26 52 20
27 53 1
27 54 16
28 55 94
28 56 40
29 57 5
29 58 14
30 59 68
30 60 3
31 61 53
31 62 65
32 63 86
32 64 71
33 65 12
33 66 84
34 67 17
34 68 80
35 69 100
35 70 57
36 71 20
36 72 44
37 73 43
37 74 12
38 75 94
38 76 86
39 77 100
39 78 94
40 79 30
40 80 42
