# Edges (u,v,w)
1 2 73
2 3 82
2 4 43
3 5 12
3 6 33
4 7 7
4 8 31
5 9 11
5 10 1
6 11 86
6 12 32
7 13 75
7 14 89
8 15 64
8 16 73
9 17 92
9 18 41
10 19 14
10 20 31
11 21 56
11 22 52
12 23 52
12 24 82
13 25 29
13 26 57
14 27 34
14 28 96
15 29 95
15 30 77
16 31 97
16 32 93
17 33 26
17 34 26
18 35 38
18 36 43
19 37 18
19 38 78
20 39 35
20 40 5
21 41 94
21 42 17
22 43 27
22 44 5
23 45 4
23 46 21
24 47 24
24 48 94
25 49 29
25 50 22
26 51 84
26 52 55
27 53 3
27 54 52
28 55 19
28 56 34
29 57 1
29 58 35
30 59 61
30 60 49
31 61 12
31 62 80
32 63 42
32 64 85
33 65 40
33 66 47
34 67 13
34 68 70
35 69 61
35 70 22
36 71 94
36 72 13
37 73 10
37 74 50
38 75 57
38 76 72
39 77 41
39 78 89
40 79 57
40 80 21
