# Edges (u,v,w)
1 2 2
2 3 25
2 4 17
3 5 6
3 6 87
4 7 24
4 8 87
5 9 36
5 10 79
6 11 15
6 12 98
7 13 28
7 14 95
8 15 15
8 16 87
9 17 49
9 18 7
10 19 93
10 20 10
11 21 67
11 22 85
12 23 38
12 24 87
13 25 24
13 26 40
14 27 88
14 28 99
15 29 41
15 30 76
16 31 92
16 32 56
17 33 56
17 34 19
18 35 60
18 36 19
19 37 63
19 38 66
20 39 11
20 40 45
21 41 3
21 42 26
22 43 9
22 44 17
23 45 9
23 46 25
24 47 88
24 48 68
25 49 8
25 50 72
26 51 7
26 52 28
27 53 85
27 54 63
28 55 19
28 56 4
29 57 80
29 58 73
30 59 31
30 60 42
31 61 17
31 62 19
32 63 78
32 64 55
33 65 9
33 66 32
34 67 14
34 68 46
35 69 20
35 70 90
36 71 50
36 72 61
37 73 82
37 74 46
38 75 33
38 76 84
39 77 71
39 78 68
40 79 16
40 80 86
