# Edges (u,v,w)
1 2 33
2 3 95
2 4 71
3 5 64
3 6 9
4 7 80
4 8 93
5 9 37
5 10 73
6 11 12
6 12 41
7 13 84
7 14 41
8 15 38
8 16 26
9 17 38
9 18 9
10 19 90
10 20 92
11 21 22
11 22 22
12 23 93
12 24 13
13 25 62
13 26 59
14 27 66
14 28 86
15 29 17
15 30 25
16 31 99
16 32 26
17 33 85
17 34 55
18 35 27
18 36 52
19 37 63
19 38 8
20 39 42
20 40 56
21 41 80
21 42 96
22 43 48
22 44 68
23 45 44
23 46 43
24 47 98
24 48 69
25 49 38
25 50 44
26 51 26
26 52 87
27 53 96
27 54 62
28 55 33
28 56 71
29 57 32
29 58 51
30 59 75
30 60 30
31 61 65
31 62 58
32 63 23
32 64 42
33 65 37
33 66 10
34 67 78
34 68 30
35 69 37
35 70 40
36 71 26
36 72 75
37 73 27
37 74 93
38 75 50
38 76 5
39 77 70
39 78 29
40 79 27
40 80 33
