# Edges (u,v,w)
1 2 66
2 3 81
2 4 85
3 5 34
3 6 92
4 7 83
4 8 69
5 9 12
5 10 89
6 11 38
6 12 9
7 13 42
7 14 88
8 15 21
8 16 35
9 17 84
9 18 49
10 19 67
10 20 36
11 21 7
11 22 48
12 23 2
12 24 93
13 25 80
13 26 8
14 27 34
14 28 72
15 29 18
15 30 54
16 31 55
16 32 65
17 33 76
17 34 40
18 35 83
18 36 90
19 37 31
19 38 24
20 39 18
20 40 25
21 41 54
21 42 56
22 43 26
22 44 93
23 45 1
23 46 2
24 47 17
24 48 13
25 49 15
25 50 82
26 51 97
26 52 88
27 53 88
27 54 9
28 55 81
28 56 40
29 57 77
29 58 63
30 59 1
30 60 84
31 61 61
31 62 30
32 63 33
32 64 83
33 65 97
33 66 20
34 67 17
34 68 74
35 69 19
35 70 10
36 71 36
36 72 72
37 73 70
37 74 91
38 75 29
38 76 3
39 77 35
39 78 69
40 79 59
40 80 62
