# Edges (u,v,w)
1 2 59
2 3 12
2 4 81
3 5 92
3 6 44
4 7 46
4 8 97
5 9 37
5 10 20
6 11 86
6 12 95
7 13 25
7 14 95
8 15 29
8 16 16
9 17 19
9 18 28
10 19 10
10 20 52
11 21 71
11 22 79
12 23 96
12 24 68
13 25 76
13 26 88
14 27 67
14 28 87
15 29 38
15 30 90
16 31 100
16 32 7
17 33 27
17 34 97
18 35 20
18 36 41
19 37 59
19 38 84
20 39 60
20 40 34
21 41 94
21 42 10
22 43 48
22 44 43
23 45 55
23 46 69
24 47 20
24 48 64
25 49 93
25 50 94
26 51 86
26 52 64
27 53 87
27 54 75
28 55 90
28 56 76
29 57 8
29 58 7
30 59 45
30 60 95
31 61 21
31 62 48
32 63 90
32 64 55
33 65 59
33 66 32
34 67 57
34 68 61
35 69 71
35 70 95
36 71 43
36 72 6
37 73 92
37 74 9
38 75 87
38 76 25
39 77 28
39 78 100
40 79 98
40 80 46
