# Edges (u,v,w)
1 2 82
2 3 90
2 4 16
3 5 48
3 6 92
4 7 25
4 8 39
5 9 80
5 10 37
6 11 31
6 12 94
7 13 27
7 14 34
8 15 4
8 16 77
9 17 29
9 18 23
10 19 18
10 20 74
11 21 37
11 22 12
12 23 9
12 24 39
13 25 89
13 26 89
14 27 12
14 28 92
15 29 91
15 30 7
16 31 84
16 32 73
17 33 8
17 34 56
18 35 59
18 36 10
19 37 70
19 38 49
20 39 41
20 40 60
21 41 98
21 42 58
22 43 32
22 44 6
23 45 70
23 46 30
24 47 37
24 48 62
25 49 91
25 50 33
26 51 33
26 52 5
27 53 42
27 54 8
28 55 56
28 56 53
29 57 17
29 58 29
30 59 13
30 60 20
31 61 5
31 62 33
32 63 54
32 64 39
33 65 82
33 66 27
34 67 77
34 68 31
35 69 97
35 70 73
36 71 74
36 72 41
37 73 22
37 74 27
38 75 9
38 76 50
39 77 56
39 78 32
40 79 26
40 80 77
