# Edges (u,v,w)
1 2 11
2 3 50
2 4 59
3 5 29
3 6 97
4 7 8
4 8 60
5 9 30
5 10 34
6 11 77
6 12 6
7 13 33
7 14 24
8 15 15
8 16 64
9 17 7
9 18 47
10 19 47
10 20 2
11 21 86
11 22 45
12 23 53
12 24 30
13 25 91
13 26 13
14 27 78
14 28 53
15 29 25
15 30 59
16 31 94
16 32 59
17 33 11
17 34 62
18 35 2
18 36 38
19 37 6
19 38 45
20 39 38
20 40 85
21 41 62
21 42 15
22 43 79
22 44 51
23 45 88
23 46 37
24 47 33
24 48 42
25 49 29
25 50 57
26 51 88
26 52 44
27 53 56
27 54 46
28 55 98
28 56 95
29 57 30
29 58 26
30 59 42
30 60 60
31 61 90
31 62 69
32 63 27
32 64 92
33 65 86
33 66 93
34 67 89
34 68 84
35 69 36
35 70 38
36 71 51
36 72 21
37 73 88
37 74 60
38 75 78
38 76 32
39 77 70
39 78 14
40 79 80
40 80 59
