5000
# Edges (u,v,w)
1 2 35
2 3 15
2 4 84
3 5 99
3 6 45
4 7 87
4 8 21
5 9 79
5 10 31
6 11 36
1 12 93
12 13 91
12 14 34
13 15 32
13 16 81
14 17 29
14 18 87
15 19 39
15 20 20
16 21 20
16 22 19
17 23 54
17 24 25
18 25 68
18 26 87
19 27 29
19 28 20
20 29 97
20 30 53
21 31 39
21 32 43
22 33 38
22 34 35
23 35 83
23 36 81
24 37 32
24 38 82
25 39 66
25 40 69
26 41 24
26 42 66
27 43 36
27 44 46
28 45 15
28 46 43
29 47 27
29 48 51
30 49 12
30 50 78
31 51 94
31 52 8
32 53 12
32 54 32
33 55 47
33 56 97
34 57 94
34 58 43
35 59 5
35 60 59
36 61 51
36 62 80
37 63 20
37 64 5
38 65 34
38 66 33
39 67 90
39 68 5
40 69 97
40 70 22
41 71 75
41 72 60
42 73 41
42 74 6
43 75 34
43 76 59
44 77 23
44 78 58
45 79 82
45 80 53
46 81 72
46 82 2
47 83 19
47 84 79
48 85 77
48 86 45
49 87 81
49 88 50
50 89 11
50 90 58
51 91 46
51 92 99
52 93 27
52 94 3
53 95 100
53 96 98
54 97 76
54 98 7
55 99 51
55 100 29
