1822
# minimum D
# Edges (u,v,w)
1 2 80
1 3 66
2 4 86
2 5 71
3 6 92
3 7 88
4 8 85
4 9 45
5 10 99
5 11 71
6 12 3
6 13 51
7 14 63
7 15 59
8 16 97
8 17 4
9 18 58
9 19 92
10 20 95
10 21 14
11 22 87
11 23 33
12 24 38
12 25 74
13 26 62
13 27 77
14 28 9
14 29 6
15 30 65
15 31 39
16 32 6
16 33 31
17 34 95
17 35 12
18 36 45
18 37 31
19 38 87
19 39 93
20 40 14
20 41 54
21 42 29
21 43 64
22 44 87
22 45 18
23 46 60
23 47 52
24 48 57
24 49 9
25 50 75
25 51 51
26 52 97
26 53 40
27 54 74
27 55 47
28 56 11
28 57 53
29 58 12
29 59 18
30 60 37
30 61 99
31 62 50
31 63 70
32 64 59
32 65 49
33 66 6
33 67 66
34 68 5
34 69 29
35 70 92
35 71 1
36 72 42
36 73 23
37 74 15
37 75 10
38 76 36
38 77 89
39 78 54
39 79 86
40 80 4
40 81 15
41 82 57
41 83 83
42 84 98
42 85 67
43 86 92
43 87 52
44 88 57
44 89 16
45 90 51
45 91 1
46 92 96
46 93 84
47 94 64
47 95 13
48 96 31
48 97 68
49 98 62
49 99 83
50 100 13
50 101 98
51 102 4
51 103 14
52 104 13
52 105 67
53 106 54
53 107 54
54 108 7
54 109 78
55 110 94
55 111 74
56 112 93
56 113 66
57 114 4
57 115 6
58 116 82
58 117 45
59 118 31
59 119 45
60 120 2
60 121 96
61 122 57
61 123 82
62 124 12
62 125 29
63 126 25
63 127 66
64 128 9
64 129 99
65 130 73
65 131 44
66 132 13
66 133 63
67 134 2
67 135 81
68 136 13
68 137 78
69 138 48
69 139 76
70 140 64
70 141 77
71 142 38
71 143 65
72 144 53
72 145 82
73 146 77
73 147 29
74 148 79
74 149 31
75 150 32
75 151 87
76 152 30
76 153 4
77 154 42
77 155 88
78 156 63
78 157 89
79 158 21
79 159 28
80 160 90
80 161 91
81 162 19
81 163 58
82 164 79
82 165 4
83 166 70
83 167 72
84 168 23
84 169 63
85 170 41
85 171 26
86 172 34
86 173 31
87 174 20
87 175 58
88 176 54
88 177 19
89 178 72
89 179 28
90 180 5
90 181 88
91 182 80
91 183 98
92 184 90
92 185 90
93 186 13
93 187 8
94 188 86
94 189 48
95 190 9
95 191 49
96 192 93
96 193 34
97 194 67
97 195 19
98 196 38
98 197 45
99 198 12
99 199 32
100 200 95
100 201 15
101 202 18
101 203 29
102 204 37
102 205 43
103 206 33
103 207 6
104 208 28
104 209 39
105 210 90
105 211 66
106 212 63
106 213 46
107 214 67
107 215 27
108 216 1
108 217 29
109 218 84
109 219 16
110 220 30
110 221 92
111 222 38
111 223 62
112 224 35
112 225 58
113 226 35
113 227 55
114 228 54
114 229 55
115 230 71
115 231 52
116 232 57
116 233 5
117 234 84
117 235 24
118 236 3
118 237 30
119 238 78
119 239 53
120 240 23
120 241 51
121 242 80
121 243 81
122 244 32
122 245 95
123 246 90
123 247 9
124 248 41
124 249 40
125 250 54
125 251 100
126 252 57
126 253 83
127 254 23
127 255 46
128 256 63
128 257 27
129 258 26
129 259 50
130 260 4
130 261 62
131 262 34
131 263 64
132 264 2
132 265 71
133 266 32
133 267 71
134 268 90
134 269 23
135 270 42
135 271 20
136 272 38
136 273 33
137 274 6
137 275 94
138 276 94
138 277 71
139 278 17
139 279 28
140 280 11
140 281 6
141 282 99
141 283 51
142 284 40
142 285 26
143 286 44
143 287 21
144 288 61
144 289 77
145 290 64
145 291 26
146 292 8
146 293 46
147 294 57
147 295 55
148 296 95
148 297 37
149 298 16
149 299 70
150 300 78
150 301 37
151 302 90
151 303 43
152 304 20
152 305 49
153 306 86
153 307 73
154 308 11
154 309 54
155 310 50
155 311 93
156 312 20
156 313 5
157 314 7
157 315 50
158 316 59
158 317 71
159 318 50
159 319 94
160 320 58
160 321 37
161 322 99
161 323 31
162 324 85
162 325 70
163 326 93
163 327 57
164 328 75
164 329 56
165 330 86
165 331 97
166 332 18
166 333 59
167 334 36
167 335 99
168 336 18
168 337 5
169 338 10
169 339 71
170 340 27
170 341 11
171 342 46
171 343 16
172 344 95
172 345 2
173 346 59
173 347 45
174 348 50
174 349 3
175 350 83
175 351 10
176 352 81
176 353 97
177 354 14
177 355 11
178 356 71
178 357 70
179 358 30
179 359 96
180 360 45
180 361 93
181 362 16
181 363 14
182 364 76
182 365 15
183 366 57
183 367 11
184 368 33
184 369 84
185 370 54
185 371 14
186 372 40
186 373 39
187 374 97
187 375 61
188 376 27
188 377 19
189 378 58
189 379 3
190 380 99
190 381 23
191 382 37
191 383 51
192 384 83
192 385 69
193 386 6
193 387 7
194 388 1
194 389 8
195 390 99
195 391 53
196 392 97
196 393 94
197 394 91
197 395 35
198 396 44
198 397 51
199 398 66
199 399 52
200 400 12
200 401 81
201 402 100
201 403 4
202 404 20
202 405 97
203 406 35
203 407 35
204 408 9
204 409 24
205 410 81
205 411 75
206 412 69
206 413 11
207 414 14
207 415 29
208 416 7
208 417 72
209 418 43
209 419 67
210 420 60
210 421 96
211 422 44
211 423 98
212 424 41
212 425 21
213 426 31
213 427 94
214 428 21
214 429 49
215 430 23
215 431 80
216 432 72
216 433 17
217 434 86
217 435 90
218 436 74
218 437 41
219 438 58
219 439 79
220 440 11
220 441 13
221 442 75
221 443 87
222 444 36
222 445 97
223 446 80
223 447 27
224 448 48
224 449 37
225 450 56
225 451 46
226 452 79
226 453 42
227 454 5
227 455 49
228 456 40
228 457 78
229 458 2
229 459 62
230 460 22
230 461 71
231 462 38
231 463 77
232 464 87
232 465 32
233 466 90
233 467 70
234 468 15
234 469 48
235 470 39
235 471 48
236 472 26
236 473 36
237 474 73
237 475 5
238 476 58
238 477 42
239 478 39
239 479 82
240 480 35
240 481 7
241 482 26
241 483 45
242 484 11
242 485 36
243 486 69
243 487 9
244 488 94
244 489 12
245 490 65
245 491 1
246 492 97
246 493 21
247 494 96
247 495 73
248 496 6
248 497 65
249 498 18
249 499 67
250 500 46
250 501 3
251 502 42
251 503 78
252 504 62
252 505 20
253 506 98
253 507 59
254 508 65
254 509 5
255 510 32
255 511 48
256 512 8
256 513 35
257 514 34
257 515 12
258 516 93
258 517 65
259 518 20
259 519 87
260 520 20
260 521 70
261 522 28
261 523 24
262 524 14
262 525 62
263 526 31
263 527 58
264 528 37
264 529 28
265 530 64
265 531 96
266 532 35
266 533 29
267 534 95
267 535 5
268 536 5
268 537 48
269 538 9
269 539 19
270 540 64
270 541 100
271 542 51
271 543 66
272 544 79
272 545 51
273 546 98
273 547 53
274 548 33
274 549 71
275 550 68
275 551 75
276 552 100
276 553 65
277 554 8
277 555 63
278 556 32
278 557 72
279 558 25
279 559 40
280 560 13
280 561 46
281 562 88
281 563 35
282 564 90
282 565 29
283 566 21
283 567 50
284 568 68
284 569 49
285 570 65
285 571 39
286 572 76
286 573 49
287 574 69
287 575 90
288 576 94
288 577 74
289 578 32
289 579 55
290 580 20
290 581 95
291 582 25
291 583 37
292 584 27
292 585 32
293 586 15
293 587 89
294 588 53
294 589 7
295 590 44
295 591 55
296 592 39
296 593 66
297 594 63
297 595 84
298 596 57
298 597 32
299 598 92
299 599 24
300 600 11
300 601 26
301 602 40
301 603 93
302 604 47
302 605 78
303 606 61
303 607 99
304 608 41
304 609 94
305 610 69
305 611 99
306 612 38
306 613 7
307 614 19
307 615 12
308 616 85
308 617 14
309 618 79
309 619 37
310 620 66
310 621 76
311 622 11
311 623 22
312 624 22
312 625 29
313 626 50
313 627 27
314 628 35
314 629 62
315 630 51
315 631 64
316 632 60
316 633 74
317 634 99
317 635 28
318 636 43
318 637 72
319 638 88
319 639 2
320 640 99
320 641 41
321 642 64
321 643 50
322 644 59
322 645 18
323 646 76
323 647 10
324 648 93
324 649 66
325 650 21
325 651 40
326 652 10
326 653 42
327 654 84
327 655 33
328 656 73
328 657 89
329 658 19
329 659 38
330 660 53
330 661 73
331 662 94
331 663 19
332 664 14
332 665 52
333 666 44
333 667 63
334 668 87
334 669 31
335 670 37
335 671 49
336 672 77
336 673 31
337 674 62
337 675 68
338 676 93
338 677 40
339 678 32
339 679 11
340 680 75
340 681 12
341 682 67
341 683 79
342 684 54
342 685 58
343 686 33
343 687 51
344 688 69
344 689 27
345 690 70
345 691 91
346 692 73
346 693 28
347 694 99
347 695 79
348 696 80
348 697 11
349 698 11
349 699 12
350 700 38
350 701 50
351 702 92
351 703 31
352 704 3
352 705 50
353 706 42
353 707 64
354 708 45
354 709 95
355 710 7
355 711 9
356 712 60
356 713 11
357 714 56
357 715 47
358 716 74
358 717 25
359 718 92
359 719 58
360 720 23
360 721 66
361 722 48
361 723 73
362 724 9
362 725 8
363 726 65
363 727 43
364 728 70
364 729 30
365 730 64
365 731 31
366 732 7
366 733 75
367 734 22
367 735 54
368 736 32
368 737 26
369 738 17
369 739 46
370 740 6
370 741 2
371 742 30
371 743 81
372 744 47
372 745 74
373 746 22
373 747 64
374 748 72
374 749 76
375 750 66
375 751 89
376 752 14
376 753 73
377 754 1
377 755 81
378 756 83
378 757 26
379 758 95
379 759 29
380 760 100
380 761 13
381 762 2
381 763 9
382 764 46
382 765 84
383 766 68
383 767 63
384 768 64
384 769 84
385 770 91
385 771 85
386 772 96
386 773 55
387 774 47
387 775 39
388 776 54
388 777 25
389 778 81
389 779 26
390 780 35
390 781 43
391 782 75
391 783 56
392 784 31
392 785 7
393 786 36
393 787 98
394 788 69
394 789 68
395 790 82
395 791 92
396 792 8
396 793 4
397 794 48
397 795 36
398 796 46
398 797 35
399 798 49
399 799 7
400 800 62
400 801 38
401 802 72
401 803 21
402 804 12
402 805 24
403 806 49
403 807 66
404 808 100
404 809 83
405 810 59
405 811 39
406 812 91
406 813 10
407 814 90
407 815 93
408 816 18
408 817 51
409 818 98
409 819 20
410 820 8
410 821 74
411 822 58
411 823 87
412 824 58
412 825 30
413 826 13
413 827 73
414 828 36
414 829 30
415 830 8
415 831 23
416 832 13
416 833 2
417 834 48
417 835 86
418 836 99
418 837 67
419 838 87
419 839 69
420 840 57
420 841 3
421 842 99
421 843 32
422 844 36
422 845 70
423 846 91
423 847 80
424 848 31
424 849 70
425 850 68
425 851 76
426 852 6
426 853 37
427 854 81
427 855 99
428 856 62
428 857 84
429 858 12
429 859 32
430 860 30
430 861 40
431 862 10
431 863 8
432 864 38
432 865 100
433 866 82
433 867 13
434 868 34
434 869 60
435 870 94
435 871 77
436 872 79
436 873 16
437 874 55
437 875 60
438 876 13
438 877 63
439 878 48
439 879 95
440 880 8
440 881 19
441 882 78
441 883 74
442 884 53
442 885 51
443 886 52
443 887 8
444 888 74
444 889 16
445 890 2
445 891 20
446 892 48
446 893 6
447 894 97
447 895 92
448 896 16
448 897 38
449 898 57
449 899 59
450 900 51
450 901 98
451 902 5
451 903 45
452 904 9
452 905 38
453 906 45
453 907 60
454 908 76
454 909 37
455 910 63
455 911 3
456 912 31
456 913 2
457 914 72
457 915 98
458 916 5
458 917 8
459 918 42
459 919 6
460 920 24
460 921 72
461 922 84
461 923 57
462 924 73
462 925 29
463 926 68
463 927 36
464 928 14
464 929 20
465 930 23
465 931 3
466 932 23
466 933 14
467 934 54
467 935 1
468 936 47
468 937 95
469 938 88
469 939 25
470 940 1
470 941 64
471 942 11
471 943 16
472 944 72
472 945 28
473 946 21
473 947 85
474 948 10
474 949 9
475 950 94
475 951 90
476 952 31
476 953 82
477 954 22
477 955 27
478 956 24
478 957 12
479 958 34
479 959 94
480 960 33
480 961 62
481 962 91
481 963 86
482 964 91
482 965 70
483 966 2
483 967 73
484 968 52
484 969 63
485 970 31
485 971 9
486 972 40
486 973 49
487 974 83
487 975 28
488 976 78
488 977 6
489 978 90
489 979 76
490 980 41
490 981 73
491 982 74
491 983 94
492 984 50
492 985 55
493 986 77
493 987 28
494 988 19
494 989 45
495 990 81
495 991 65
496 992 3
496 993 42
497 994 27
497 995 78
498 996 39
498 997 76
499 998 46
499 999 46
500 1000 19
500 1001 49
501 1002 72
501 1003 50
502 1004 59
502 1005 21
503 1006 82
503 1007 96
504 1008 21
504 1009 93
505 1010 86
505 1011 23
506 1012 11
506 1013 69
507 1014 96
507 1015 100
508 1016 23
508 1017 67
509 1018 28
509 1019 50
510 1020 5
510 1021 90
511 1022 76
511 1023 73
512 1024 75
512 1025 18
513 1026 77
513 1027 32
514 1028 28
514 1029 77
515 1030 2
515 1031 31
516 1032 19
516 1033 59
517 1034 57
517 1035 27
518 1036 69
518 1037 74
519 1038 49
519 1039 1
520 1040 30
520 1041 98
521 1042 8
521 1043 29
522 1044 2
522 1045 22
523 1046 21
523 1047 5
524 1048 26
524 1049 42
525 1050 72
525 1051 21
526 1052 51
526 1053 86
527 1054 21
527 1055 24
528 1056 6
528 1057 89
529 1058 42
529 1059 55
530 1060 30
530 1061 52
531 1062 33
531 1063 35
532 1064 93
532 1065 27
533 1066 96
533 1067 24
534 1068 63
534 1069 7
535 1070 93
535 1071 42
536 1072 49
536 1073 42
537 1074 92
537 1075 49
538 1076 56
538 1077 10
539 1078 86
539 1079 80
540 1080 77
540 1081 24
541 1082 52
541 1083 87
542 1084 41
542 1085 44
543 1086 24
543 1087 29
544 1088 17
544 1089 68
545 1090 12
545 1091 41
546 1092 40
546 1093 43
547 1094 50
547 1095 96
548 1096 9
548 1097 46
549 1098 50
549 1099 32
550 1100 40
550 1101 31
551 1102 39
551 1103 71
552 1104 57
552 1105 73
553 1106 48
553 1107 36
554 1108 52
554 1109 85
555 1110 16
555 1111 74
556 1112 99
556 1113 74
557 1114 85
557 1115 70
558 1116 87
558 1117 47
559 1118 47
559 1119 80
560 1120 84
560 1121 62
561 1122 21
561 1123 54
562 1124 29
562 1125 4
563 1126 23
563 1127 73
564 1128 39
564 1129 49
565 1130 29
565 1131 47
566 1132 70
566 1133 42
567 1134 61
567 1135 8
568 1136 91
568 1137 99
569 1138 48
569 1139 90
570 1140 11
570 1141 3
571 1142 81
571 1143 30
572 1144 95
572 1145 35
573 1146 44
573 1147 39
574 1148 79
574 1149 86
575 1150 51
575 1151 24
576 1152 55
576 1153 6
577 1154 58
577 1155 58
578 1156 67
578 1157 21
579 1158 50
579 1159 98
580 1160 90
580 1161 29
581 1162 13
581 1163 12
582 1164 90
582 1165 77
583 1166 17
583 1167 87
584 1168 68
584 1169 52
585 1170 64
585 1171 22
586 1172 58
586 1173 44
587 1174 31
587 1175 41
588 1176 24
588 1177 28
589 1178 70
589 1179 86
590 1180 24
590 1181 87
591 1182 5
591 1183 10
592 1184 81
592 1185 25
593 1186 81
593 1187 31
594 1188 20
594 1189 4
595 1190 84
595 1191 18
596 1192 52
596 1193 64
597 1194 13
597 1195 48
598 1196 68
598 1197 21
599 1198 46
599 1199 29
600 1200 20
600 1201 69
601 1202 66
601 1203 75
602 1204 79
602 1205 29
603 1206 89
603 1207 50
604 1208 52
604 1209 63
605 1210 28
605 1211 62
606 1212 28
606 1213 67
607 1214 82
607 1215 1
608 1216 3
608 1217 76
609 1218 50
609 1219 26
610 1220 38
610 1221 54
611 1222 34
611 1223 38
612 1224 56
612 1225 48
613 1226 59
613 1227 94
614 1228 23
614 1229 1
615 1230 50
615 1231 29
616 1232 2
616 1233 100
617 1234 83
617 1235 11
618 1236 20
618 1237 90
619 1238 95
619 1239 3
620 1240 42
620 1241 24
621 1242 62
621 1243 76
622 1244 90
622 1245 50
623 1246 29
623 1247 6
624 1248 33
624 1249 58
625 1250 36
625 1251 69
626 1252 76
626 1253 80
627 1254 80
627 1255 46
628 1256 25
628 1257 90
629 1258 44
629 1259 77
630 1260 34
630 1261 30
631 1262 73
631 1263 43
632 1264 97
632 1265 26
633 1266 64
633 1267 22
634 1268 62
634 1269 69
635 1270 16
635 1271 62
636 1272 42
636 1273 3
637 1274 47
637 1275 45
638 1276 79
638 1277 52
639 1278 82
639 1279 64
640 1280 98
640 1281 52
641 1282 79
641 1283 83
642 1284 6
642 1285 5
643 1286 35
643 1287 14
644 1288 66
644 1289 8
645 1290 62
645 1291 31
646 1292 86
646 1293 96
647 1294 35
647 1295 76
648 1296 100
648 1297 72
649 1298 54
649 1299 82
650 1300 93
650 1301 87
651 1302 22
651 1303 78
652 1304 91
652 1305 30
653 1306 14
653 1307 56
654 1308 60
654 1309 30
655 1310 56
655 1311 73
656 1312 9
656 1313 50
657 1314 75
657 1315 13
658 1316 26
658 1317 3
659 1318 61
659 1319 51
660 1320 9
660 1321 90
661 1322 14
661 1323 75
662 1324 18
662 1325 39
663 1326 76
663 1327 1
664 1328 35
664 1329 51
665 1330 43
665 1331 22
666 1332 83
666 1333 65
667 1334 4
667 1335 50
668 1336 25
668 1337 32
669 1338 35
669 1339 18
670 1340 6
670 1341 2
671 1342 74
671 1343 27
672 1344 62
672 1345 35
673 1346 35
673 1347 22
674 1348 61
674 1349 81
675 1350 36
675 1351 91
676 1352 86
676 1353 69
677 1354 61
677 1355 91
678 1356 54
678 1357 62
679 1358 22
679 1359 18
680 1360 22
680 1361 28
681 1362 100
681 1363 22
682 1364 61
682 1365 16
683 1366 8
683 1367 5
684 1368 36
684 1369 35
685 1370 75
685 1371 79
686 1372 59
686 1373 23
687 1374 49
687 1375 90
688 1376 64
688 1377 40
689 1378 15
689 1379 18
690 1380 40
690 1381 10
691 1382 75
691 1383 17
692 1384 41
692 1385 62
693 1386 49
693 1387 70
694 1388 28
694 1389 57
695 1390 23
695 1391 44
696 1392 27
696 1393 51
697 1394 27
697 1395 52
698 1396 91
698 1397 20
699 1398 66
699 1399 88
700 1400 46
700 1401 46
701 1402 88
701 1403 43
702 1404 54
702 1405 30
703 1406 78
703 1407 68
704 1408 6
704 1409 48
705 1410 17
705 1411 20
706 1412 33
706 1413 90
707 1414 56
707 1415 63
708 1416 26
708 1417 52
709 1418 98
709 1419 48
710 1420 32
710 1421 44
711 1422 91
711 1423 39
712 1424 41
712 1425 25
713 1426 94
713 1427 40
714 1428 38
714 1429 83
715 1430 16
715 1431 17
716 1432 7
716 1433 62
717 1434 76
717 1435 17
718 1436 85
718 1437 33
719 1438 62
719 1439 18
720 1440 49
720 1441 59
721 1442 39
721 1443 29
722 1444 93
722 1445 54
723 1446 34
723 1447 27
724 1448 12
724 1449 89
725 1450 69
725 1451 38
726 1452 46
726 1453 43
727 1454 97
727 1455 4
728 1456 50
728 1457 91
729 1458 49
729 1459 79
730 1460 85
730 1461 65
731 1462 48
731 1463 65
732 1464 92
732 1465 82
733 1466 68
733 1467 3
734 1468 81
734 1469 44
735 1470 47
735 1471 14
736 1472 55
736 1473 97
737 1474 75
737 1475 65
738 1476 36
738 1477 11
739 1478 37
739 1479 67
740 1480 89
740 1481 60
741 1482 100
741 1483 9
742 1484 40
742 1485 35
743 1486 24
743 1487 73
744 1488 11
744 1489 51
745 1490 35
745 1491 74
746 1492 15
746 1493 51
747 1494 69
747 1495 60
748 1496 64
748 1497 33
749 1498 72
749 1499 8
750 1500 92
750 1501 11
751 1502 38
751 1503 91
752 1504 8
752 1505 73
753 1506 19
753 1507 84
754 1508 94
754 1509 51
755 1510 56
755 1511 16
756 1512 83
756 1513 1
757 1514 77
757 1515 22
758 1516 35
758 1517 87
759 1518 28
759 1519 4
760 1520 35
760 1521 58
761 1522 99
761 1523 20
762 1524 71
762 1525 22
763 1526 94
763 1527 10
764 1528 61
764 1529 47
765 1530 62
765 1531 89
766 1532 30
766 1533 69
767 1534 79
767 1535 90
768 1536 76
768 1537 50
769 1538 22
769 1539 34
770 1540 76
770 1541 95
771 1542 38
771 1543 19
772 1544 65
772 1545 14
773 1546 71
773 1547 86
774 1548 65
774 1549 24
775 1550 90
775 1551 18
776 1552 91
776 1553 64
777 1554 18
777 1555 13
778 1556 52
778 1557 14
779 1558 20
779 1559 77
780 1560 99
780 1561 10
781 1562 67
781 1563 9
782 1564 75
782 1565 8
783 1566 63
783 1567 95
784 1568 16
784 1569 18
785 1570 28
785 1571 32
786 1572 54
786 1573 67
787 1574 82
787 1575 13
788 1576 64
788 1577 30
789 1578 61
789 1579 53
790 1580 19
790 1581 65
791 1582 81
791 1583 43
792 1584 30
792 1585 100
793 1586 17
793 1587 54
794 1588 14
794 1589 39
795 1590 96
795 1591 49
796 1592 10
796 1593 66
797 1594 28
797 1595 4
798 1596 44
798 1597 14
799 1598 5
799 1599 38
800 1600 55
800 1601 40
801 1602 14
801 1603 52
802 1604 13
802 1605 3
803 1606 74
803 1607 54
804 1608 46
804 1609 55
805 1610 89
805 1611 62
806 1612 99
806 1613 44
807 1614 22
807 1615 90
808 1616 26
808 1617 99
809 1618 39
809 1619 16
810 1620 60
810 1621 47
811 1622 86
811 1623 39
812 1624 45
812 1625 96
813 1626 44
813 1627 58
814 1628 84
814 1629 95
815 1630 14
815 1631 93
816 1632 47
816 1633 93
817 1634 95
817 1635 10
818 1636 41
818 1637 37
819 1638 52
819 1639 21
820 1640 96
820 1641 85
821 1642 31
821 1643 8
822 1644 32
822 1645 32
823 1646 76
823 1647 80
824 1648 30
824 1649 33
825 1650 44
825 1651 90
826 1652 61
826 1653 47
827 1654 74
827 1655 94
828 1656 71
828 1657 52
829 1658 42
829 1659 27
830 1660 4
830 1661 57
831 1662 85
831 1663 79
832 1664 30
832 1665 72
833 1666 47
833 1667 37
834 1668 89
834 1669 39
835 1670 23
835 1671 82
836 1672 98
836 1673 73
837 1674 31
837 1675 100
838 1676 41
838 1677 74
839 1678 84
839 1679 79
840 1680 17
840 1681 34
841 1682 11
841 1683 15
842 1684 40
842 1685 83
843 1686 18
843 1687 100
844 1688 5
844 1689 57
845 1690 81
845 1691 28
846 1692 40
846 1693 88
847 1694 21
847 1695 71
848 1696 34
848 1697 38
849 1698 74
849 1699 81
850 1700 77
850 1701 1
851 1702 74
851 1703 55
852 1704 27
852 1705 36
853 1706 59
853 1707 10
854 1708 55
854 1709 93
855 1710 65
855 1711 80
856 1712 26
856 1713 55
857 1714 7
857 1715 61
858 1716 83
858 1717 18
859 1718 6
859 1719 22
860 1720 58
860 1721 2
861 1722 73
861 1723 22
862 1724 68
862 1725 6
863 1726 39
863 1727 98
864 1728 4
864 1729 81
865 1730 45
865 1731 24
866 1732 23
866 1733 12
867 1734 64
867 1735 92
868 1736 20
868 1737 60
869 1738 82
869 1739 56
870 1740 71
870 1741 77
871 1742 58
871 1743 64
872 1744 30
872 1745 42
873 1746 98
873 1747 6
874 1748 64
874 1749 32
875 1750 90
875 1751 42
876 1752 67
876 1753 70
877 1754 48
877 1755 44
878 1756 36
878 1757 39
879 1758 11
879 1759 81
880 1760 100
880 1761 6
881 1762 32
881 1763 12
882 1764 35
882 1765 49
883 1766 47
883 1767 41
884 1768 24
884 1769 16
885 1770 93
885 1771 79
886 1772 17
886 1773 13
887 1774 60
887 1775 42
888 1776 78
888 1777 34
889 1778 75
889 1779 17
890 1780 59
890 1781 92
891 1782 49
891 1783 61
892 1784 37
892 1785 54
893 1786 64
893 1787 37
894 1788 49
894 1789 6
895 1790 1
895 1791 5
896 1792 61
896 1793 47
897 1794 20
897 1795 63
898 1796 76
898 1797 36
899 1798 51
899 1799 42
900 1800 39
900 1801 79
901 1802 28
901 1803 25
902 1804 97
902 1805 2
903 1806 99
903 1807 23
904 1808 85
904 1809 86
905 1810 53
905 1811 73
906 1812 71
906 1813 12
907 1814 51
907 1815 24
908 1816 20
908 1817 65
909 1818 81
909 1819 49
910 1820 88
910 1821 1
911 1822 94
911 1823 52
912 1824 48
912 1825 33
913 1826 94
913 1827 50
914 1828 31
914 1829 64
915 1830 3
915 1831 94
916 1832 69
916 1833 37
917 1834 14
917 1835 26
918 1836 39
918 1837 14
919 1838 75
919 1839 6
920 1840 48
920 1841 9
921 1842 11
921 1843 53
922 1844 6
922 1845 10
923 1846 4
923 1847 47
924 1848 80
924 1849 51
925 1850 15
925 1851 77
926 1852 45
926 1853 31
927 1854 88
927 1855 78
928 1856 72
928 1857 42
929 1858 78
929 1859 21
930 1860 8
930 1861 38
931 1862 18
931 1863 41
932 1864 5
932 1865 56
933 1866 89
933 1867 24
934 1868 88
934 1869 27
935 1870 82
935 1871 95
936 1872 25
936 1873 91
937 1874 65
937 1875 47
938 1876 7
938 1877 38
939 1878 53
939 1879 18
940 1880 15
940 1881 60
941 1882 76
941 1883 35
942 1884 85
942 1885 10
943 1886 78
943 1887 38
944 1888 39
944 1889 32
945 1890 53
945 1891 49
946 1892 47
946 1893 1
947 1894 13
947 1895 44
948 1896 30
948 1897 39
949 1898 48
949 1899 21
950 1900 36
950 1901 42
951 1902 41
951 1903 85
952 1904 62
952 1905 58
953 1906 45
953 1907 14
954 1908 18
954 1909 8
955 1910 38
955 1911 52
956 1912 49
956 1913 90
957 1914 41
957 1915 74
958 1916 26
958 1917 67
959 1918 80
959 1919 14
960 1920 95
960 1921 72
961 1922 14
961 1923 88
962 1924 6
962 1925 33
963 1926 5
963 1927 18
964 1928 50
964 1929 32
965 1930 67
965 1931 50
966 1932 24
966 1933 72
967 1934 39
967 1935 29
968 1936 1
968 1937 74
969 1938 22
969 1939 68
970 1940 48
970 1941 68
971 1942 6
971 1943 67
972 1944 74
972 1945 20
973 1946 4
973 1947 80
974 1948 80
974 1949 67
975 1950 20
975 1951 89
976 1952 48
976 1953 9
977 1954 63
977 1955 32
978 1956 25
978 1957 27
979 1958 40
979 1959 85
980 1960 52
980 1961 23
981 1962 94
981 1963 90
982 1964 9
982 1965 5
983 1966 16
983 1967 1
984 1968 53
984 1969 98
985 1970 60
985 1971 56
986 1972 87
986 1973 35
987 1974 17
987 1975 71
988 1976 40
988 1977 17
989 1978 1
989 1979 20
990 1980 32
990 1981 92
991 1982 22
991 1983 70
992 1984 6
992 1985 24
993 1986 38
993 1987 13
994 1988 25
994 1989 81
995 1990 98
995 1991 15
996 1992 88
996 1993 10
997 1994 57
997 1995 23
998 1996 90
998 1997 11
999 1998 49
999 1999 36
1000 2000 9
1000 2001 38
1001 2002 19
1001 2003 98
1002 2004 41
1002 2005 14
1003 2006 10
1003 2007 83
1004 2008 36
1004 2009 64
1005 2010 11
1005 2011 69
1006 2012 82
1006 2013 49
1007 2014 60
1007 2015 59
1008 2016 98
1008 2017 65
1009 2018 24
1009 2019 25
1010 2020 77
1010 2021 72
1011 2022 80
1011 2023 36
1012 2024 77
1012 2025 20
1013 2026 8
1013 2027 17
1014 2028 57
1014 2029 26
1015 2030 45
1015 2031 86
1016 2032 21
1016 2033 78
1017 2034 67
1017 2035 87
1018 2036 95
1018 2037 11
1019 2038 6
1019 2039 98
1020 2040 70
1020 2041 8
1021 2042 82
1021 2043 18
1022 2044 93
1022 2045 21
1023 2046 84
1023 2047 84
1024 2048 28
1024 2049 59
1025 2050 33
1025 2051 77
1026 2052 86
1026 2053 59
1027 2054 58
1027 2055 63
1028 2056 42
1028 2057 66
1029 2058 6
1029 2059 46
1030 2060 74
1030 2061 96
1031 2062 85
1031 2063 51
1032 2064 43
1032 2065 27
1033 2066 20
1033 2067 42
1034 2068 18
1034 2069 78
1035 2070 100
1035 2071 13
1036 2072 55
1036 2073 3
1037 2074 66
1037 2075 56
1038 2076 24
1038 2077 75
1039 2078 55
1039 2079 81
1040 2080 100
1040 2081 16
1041 2082 62
1041 2083 19
1042 2084 22
1042 2085 41
1043 2086 19
1043 2087 86
1044 2088 99
1044 2089 69
1045 2090 54
1045 2091 8
1046 2092 42
1046 2093 23
1047 2094 93
1047 2095 97
1048 2096 40
1048 2097 68
1049 2098 34
1049 2099 33
1050 2100 9
1050 2101 82
1051 2102 58
1051 2103 30
1052 2104 67
1052 2105 3
1053 2106 45
1053 2107 59
1054 2108 26
1054 2109 19
1055 2110 12
1055 2111 3
1056 2112 7
1056 2113 100
1057 2114 10
1057 2115 63
1058 2116 42
1058 2117 39
1059 2118 76
1059 2119 25
1060 2120 80
1060 2121 5
1061 2122 10
1061 2123 80
1062 2124 2
1062 2125 84
1063 2126 96
1063 2127 89
1064 2128 14
1064 2129 52
1065 2130 15
1065 2131 76
1066 2132 63
1066 2133 89
1067 2134 6
1067 2135 43
1068 2136 30
1068 2137 85
1069 2138 18
1069 2139 50
1070 2140 81
1070 2141 2
1071 2142 10
1071 2143 95
1072 2144 50
1072 2145 73
1073 2146 59
1073 2147 28
1074 2148 74
1074 2149 70
1075 2150 64
1075 2151 90
1076 2152 21
1076 2153 35
1077 2154 94
1077 2155 26
1078 2156 62
1078 2157 66
1079 2158 62
1079 2159 34
1080 2160 45
1080 2161 13
1081 2162 33
1081 2163 59
1082 2164 14
1082 2165 76
1083 2166 84
1083 2167 18
1084 2168 97
1084 2169 18
1085 2170 73
1085 2171 63
1086 2172 50
1086 2173 67
1087 2174 64
1087 2175 97
1088 2176 46
1088 2177 52
1089 2178 88
1089 2179 70
1090 2180 53
1090 2181 67
1091 2182 23
1091 2183 3
1092 2184 52
1092 2185 15
1093 2186 8
1093 2187 40
1094 2188 41
1094 2189 12
1095 2190 9
1095 2191 75
1096 2192 83
1096 2193 57
1097 2194 5
1097 2195 90
1098 2196 85
1098 2197 36
1099 2198 9
1099 2199 11
1100 2200 96
1100 2201 75
1101 2202 78
1101 2203 14
1102 2204 99
1102 2205 86
1103 2206 62
1103 2207 62
1104 2208 97
1104 2209 37
1105 2210 62
1105 2211 57
1106 2212 37
1106 2213 32
1107 2214 100
1107 2215 3
1108 2216 27
1108 2217 39
1109 2218 86
1109 2219 49
1110 2220 42
1110 2221 49
1111 2222 71
1111 2223 42
1112 2224 43
1112 2225 63
1113 2226 55
1113 2227 53
1114 2228 35
1114 2229 43
1115 2230 45
1115 2231 40
1116 2232 86
1116 2233 62
1117 2234 26
1117 2235 33
1118 2236 100
1118 2237 32
1119 2238 68
1119 2239 67
1120 2240 14
1120 2241 63
1121 2242 58
1121 2243 65
1122 2244 83
1122 2245 94
1123 2246 7
1123 2247 18
1124 2248 12
1124 2249 51
1125 2250 6
1125 2251 15
1126 2252 22
1126 2253 15
1127 2254 35
1127 2255 78
1128 2256 93
1128 2257 66
1129 2258 50
1129 2259 54
1130 2260 71
1130 2261 75
1131 2262 22
1131 2263 42
1132 2264 19
1132 2265 55
1133 2266 64
1133 2267 40
1134 2268 4
1134 2269 5
1135 2270 39
1135 2271 17
1136 2272 28
1136 2273 11
1137 2274 72
1137 2275 100
1138 2276 9
1138 2277 91
1139 2278 30
1139 2279 92
1140 2280 38
1140 2281 7
1141 2282 43
1141 2283 28
1142 2284 82
1142 2285 52
1143 2286 13
1143 2287 94
1144 2288 7
1144 2289 30
1145 2290 23
1145 2291 36
1146 2292 67
1146 2293 74
1147 2294 34
1147 2295 4
1148 2296 92
1148 2297 50
1149 2298 91
1149 2299 58
1150 2300 85
1150 2301 76
1151 2302 41
1151 2303 62
1152 2304 50
1152 2305 3
1153 2306 27
1153 2307 27
1154 2308 27
1154 2309 86
1155 2310 40
1155 2311 67
1156 2312 46
1156 2313 89
1157 2314 89
1157 2315 82
1158 2316 59
1158 2317 63
1159 2318 41
1159 2319 51
1160 2320 62
1160 2321 99
1161 2322 31
1161 2323 32
1162 2324 31
1162 2325 48
1163 2326 72
1163 2327 59
1164 2328 59
1164 2329 31
1165 2330 23
1165 2331 32
1166 2332 31
1166 2333 64
1167 2334 73
1167 2335 15
1168 2336 99
1168 2337 24
1169 2338 56
1169 2339 18
1170 2340 2
1170 2341 95
1171 2342 9
1171 2343 29
1172 2344 88
1172 2345 81
1173 2346 85
1173 2347 44
1174 2348 99
1174 2349 6
1175 2350 79
1175 2351 90
1176 2352 58
1176 2353 50
1177 2354 16
1177 2355 1
1178 2356 89
1178 2357 77
1179 2358 96
1179 2359 74
1180 2360 53
1180 2361 67
1181 2362 42
1181 2363 82
1182 2364 43
1182 2365 13
1183 2366 49
1183 2367 90
1184 2368 20
1184 2369 69
1185 2370 76
1185 2371 88
1186 2372 49
1186 2373 16
1187 2374 50
1187 2375 75
1188 2376 42
1188 2377 60
1189 2378 54
1189 2379 14
1190 2380 4
1190 2381 1
1191 2382 34
1191 2383 38
1192 2384 91
1192 2385 93
1193 2386 74
1193 2387 63
1194 2388 27
1194 2389 47
1195 2390 44
1195 2391 77
1196 2392 14
1196 2393 59
1197 2394 10
1197 2395 26
1198 2396 12
1198 2397 66
1199 2398 11
1199 2399 15
1200 2400 92
1200 2401 33
1201 2402 28
1201 2403 28
1202 2404 48
1202 2405 68
1203 2406 52
1203 2407 2
1204 2408 28
1204 2409 100
1205 2410 16
1205 2411 24
1206 2412 95
1206 2413 94
1207 2414 93
1207 2415 14
1208 2416 98
1208 2417 16
1209 2418 13
1209 2419 40
1210 2420 52
1210 2421 11
1211 2422 87
1211 2423 35
1212 2424 87
1212 2425 35
1213 2426 75
1213 2427 67
1214 2428 57
1214 2429 34
1215 2430 76
1215 2431 11
1216 2432 63
1216 2433 87
1217 2434 52
1217 2435 39
1218 2436 19
1218 2437 63
1219 2438 8
1219 2439 64
1220 2440 72
1220 2441 38
1221 2442 61
1221 2443 47
1222 2444 52
1222 2445 79
1223 2446 82
1223 2447 67
1224 2448 24
1224 2449 48
1225 2450 67
1225 2451 36
1226 2452 48
1226 2453 22
1227 2454 34
1227 2455 63
1228 2456 76
1228 2457 21
1229 2458 58
1229 2459 65
1230 2460 9
1230 2461 100
1231 2462 29
1231 2463 89
1232 2464 43
1232 2465 30
1233 2466 8
1233 2467 40
1234 2468 13
1234 2469 21
1235 2470 3
1235 2471 2
1236 2472 2
1236 2473 18
1237 2474 5
1237 2475 86
1238 2476 62
1238 2477 2
1239 2478 89
1239 2479 87
1240 2480 88
1240 2481 44
1241 2482 23
1241 2483 66
1242 2484 45
1242 2485 34
1243 2486 1
1243 2487 78
1244 2488 19
1244 2489 53
1245 2490 20
1245 2491 59
1246 2492 27
1246 2493 68
1247 2494 64
1247 2495 92
1248 2496 83
1248 2497 17
1249 2498 65
1249 2499 44
1250 2500 57
1250 2501 36
1251 2502 49
1251 2503 6
1252 2504 2
1252 2505 30
1253 2506 94
1253 2507 97
1254 2508 90
1254 2509 52
1255 2510 100
1255 2511 35
1256 2512 46
1256 2513 51
1257 2514 94
1257 2515 6
1258 2516 55
1258 2517 26
1259 2518 37
1259 2519 91
1260 2520 60
1260 2521 80
1261 2522 8
1261 2523 23
1262 2524 85
1262 2525 62
1263 2526 22
1263 2527 89
1264 2528 21
1264 2529 4
1265 2530 3
1265 2531 94
1266 2532 70
1266 2533 97
1267 2534 94
1267 2535 47
1268 2536 89
1268 2537 47
1269 2538 13
1269 2539 9
1270 2540 98
1270 2541 40
1271 2542 88
1271 2543 8
1272 2544 1
1272 2545 69
1273 2546 22
1273 2547 41
1274 2548 36
1274 2549 77
1275 2550 27
1275 2551 96
1276 2552 70
1276 2553 66
1277 2554 58
1277 2555 43
1278 2556 58
1278 2557 78
1279 2558 90
1279 2559 27
1280 2560 54
1280 2561 58
1281 2562 20
1281 2563 63
1282 2564 61
1282 2565 9
1283 2566 83
1283 2567 61
1284 2568 9
1284 2569 85
1285 2570 30
1285 2571 93
1286 2572 57
1286 2573 100
1287 2574 20
1287 2575 17
1288 2576 56
1288 2577 81
1289 2578 89
1289 2579 74
1290 2580 100
1290 2581 5
1291 2582 7
1291 2583 38
1292 2584 22
1292 2585 51
1293 2586 34
1293 2587 7
1294 2588 48
1294 2589 98
1295 2590 26
1295 2591 41
1296 2592 10
1296 2593 26
1297 2594 82
1297 2595 58
1298 2596 40
1298 2597 35
1299 2598 73
1299 2599 91
1300 2600 59
1300 2601 49
1301 2602 55
1301 2603 93
1302 2604 55
1302 2605 72
1303 2606 75
1303 2607 87
1304 2608 72
1304 2609 45
1305 2610 98
1305 2611 21
1306 2612 29
1306 2613 93
1307 2614 41
1307 2615 85
1308 2616 73
1308 2617 65
1309 2618 15
1309 2619 73
1310 2620 4
1310 2621 74
1311 2622 26
1311 2623 92
1312 2624 71
1312 2625 28
1313 2626 68
1313 2627 97
1314 2628 28
1314 2629 88
1315 2630 59
1315 2631 76
1316 2632 14
1316 2633 29
1317 2634 99
1317 2635 7
1318 2636 21
1318 2637 29
1319 2638 58
1319 2639 60
1320 2640 85
1320 2641 89
1321 2642 97
1321 2643 51
1322 2644 42
1322 2645 9
1323 2646 4
1323 2647 89
1324 2648 74
1324 2649 93
1325 2650 87
1325 2651 94
1326 2652 73
1326 2653 70
1327 2654 90
1327 2655 28
1328 2656 72
1328 2657 94
1329 2658 32
1329 2659 90
1330 2660 33
1330 2661 85
1331 2662 16
1331 2663 9
1332 2664 19
1332 2665 88
1333 2666 88
1333 2667 41
1334 2668 91
1334 2669 11
1335 2670 45
1335 2671 68
1336 2672 31
1336 2673 81
1337 2674 86
1337 2675 50
1338 2676 74
1338 2677 41
1339 2678 20
1339 2679 78
1340 2680 15
1340 2681 48
1341 2682 11
1341 2683 92
1342 2684 65
1342 2685 79
1343 2686 20
1343 2687 66
1344 2688 17
1344 2689 27
1345 2690 9
1345 2691 13
1346 2692 39
1346 2693 61
1347 2694 31
1347 2695 88
1348 2696 90
1348 2697 94
1349 2698 61
1349 2699 33
1350 2700 21
1350 2701 80
1351 2702 15
1351 2703 46
1352 2704 29
1352 2705 19
1353 2706 9
1353 2707 81
1354 2708 75
1354 2709 94
1355 2710 35
1355 2711 100
1356 2712 63
1356 2713 94
1357 2714 79
1357 2715 32
1358 2716 76
1358 2717 66
1359 2718 54
1359 2719 24
1360 2720 42
1360 2721 15
1361 2722 29
1361 2723 38
1362 2724 8
1362 2725 2
1363 2726 56
1363 2727 3
1364 2728 24
1364 2729 95
1365 2730 88
1365 2731 89
1366 2732 30
1366 2733 86
1367 2734 78
1367 2735 13
1368 2736 75
1368 2737 26
1369 2738 29
1369 2739 23
1370 2740 17
1370 2741 32
1371 2742 66
1371 2743 59
1372 2744 19
1372 2745 67
1373 2746 38
1373 2747 85
1374 2748 45
1374 2749 52
1375 2750 12
1375 2751 70
1376 2752 60
1376 2753 49
1377 2754 59
1377 2755 100
1378 2756 67
1378 2757 98
1379 2758 20
1379 2759 69
1380 2760 30
1380 2761 77
1381 2762 43
1381 2763 39
1382 2764 76
1382 2765 92
1383 2766 28
1383 2767 43
1384 2768 59
1384 2769 69
1385 2770 40
1385 2771 22
1386 2772 84
1386 2773 62
1387 2774 25
1387 2775 59
1388 2776 83
1388 2777 59
1389 2778 80
1389 2779 80
1390 2780 47
1390 2781 55
1391 2782 57
1391 2783 54
1392 2784 25
1392 2785 72
1393 2786 50
1393 2787 54
1394 2788 62
1394 2789 47
1395 2790 7
1395 2791 38
1396 2792 55
1396 2793 91
1397 2794 89
1397 2795 96
1398 2796 90
1398 2797 63
1399 2798 92
1399 2799 46
1400 2800 34
1400 2801 10
1401 2802 43
1401 2803 31
1402 2804 76
1402 2805 92
1403 2806 25
1403 2807 17
1404 2808 54
1404 2809 43
1405 2810 82
1405 2811 53
1406 2812 41
1406 2813 7
1407 2814 47
1407 2815 79
1408 2816 68
1408 2817 32
1409 2818 99
1409 2819 55
1410 2820 22
1410 2821 94
1411 2822 90
1411 2823 84
1412 2824 77
1412 2825 59
1413 2826 76
1413 2827 60
1414 2828 15
1414 2829 94
1415 2830 70
1415 2831 84
1416 2832 84
1416 2833 66
1417 2834 7
1417 2835 54
1418 2836 63
1418 2837 10
1419 2838 3
1419 2839 89
1420 2840 82
1420 2841 45
1421 2842 84
1421 2843 88
1422 2844 80
1422 2845 11
1423 2846 11
1423 2847 27
1424 2848 23
1424 2849 42
1425 2850 1
1425 2851 74
1426 2852 80
1426 2853 50
1427 2854 48
1427 2855 35
1428 2856 33
1428 2857 56
1429 2858 61
1429 2859 87
1430 2860 58
1430 2861 56
1431 2862 71
1431 2863 82
1432 2864 13
1432 2865 93
1433 2866 92
1433 2867 18
1434 2868 73
1434 2869 70
1435 2870 10
1435 2871 93
1436 2872 62
1436 2873 50
1437 2874 51
1437 2875 4
1438 2876 88
1438 2877 34
1439 2878 86
1439 2879 60
1440 2880 77
1440 2881 97
1441 2882 62
1441 2883 80
1442 2884 42
1442 2885 49
1443 2886 79
1443 2887 25
1444 2888 1
1444 2889 24
1445 2890 20
1445 2891 31
1446 2892 41
1446 2893 25
1447 2894 26
1447 2895 77
1448 2896 60
1448 2897 85
1449 2898 11
1449 2899 74
1450 2900 82
1450 2901 29
1451 2902 32
1451 2903 84
1452 2904 21
1452 2905 83
1453 2906 82
1453 2907 37
1454 2908 17
1454 2909 13
1455 2910 57
1455 2911 11
1456 2912 13
1456 2913 80
1457 2914 91
1457 2915 42
1458 2916 40
1458 2917 40
1459 2918 92
1459 2919 95
1460 2920 49
1460 2921 32
1461 2922 42
1461 2923 80
1462 2924 80
1462 2925 35
1463 2926 14
1463 2927 27
1464 2928 47
1464 2929 22
1465 2930 52
1465 2931 94
1466 2932 78
1466 2933 40
1467 2934 31
1467 2935 91
1468 2936 66
1468 2937 45
1469 2938 71
1469 2939 82
1470 2940 25
1470 2941 18
1471 2942 69
1471 2943 84
1472 2944 57
1472 2945 2
1473 2946 75
1473 2947 64
1474 2948 44
1474 2949 59
1475 2950 70
1475 2951 54
1476 2952 50
1476 2953 67
1477 2954 47
1477 2955 5
1478 2956 40
1478 2957 98
1479 2958 98
1479 2959 30
1480 2960 12
1480 2961 44
1481 2962 89
1481 2963 1
1482 2964 44
1482 2965 87
1483 2966 34
1483 2967 70
1484 2968 18
1484 2969 16
1485 2970 70
1485 2971 93
1486 2972 1
1486 2973 23
1487 2974 31
1487 2975 41
1488 2976 79
1488 2977 30
1489 2978 65
1489 2979 14
1490 2980 63
1490 2981 39
1491 2982 29
1491 2983 67
1492 2984 42
1492 2985 74
1493 2986 85
1493 2987 7
1494 2988 26
1494 2989 32
1495 2990 9
1495 2991 44
1496 2992 87
1496 2993 25
1497 2994 94
1497 2995 88
1498 2996 76
1498 2997 27
1499 2998 8
1499 2999 61
1500 3000 86
1500 3001 94
1501 3002 83
1501 3003 52
1502 3004 60
1502 3005 54
1503 3006 67
1503 3007 97
1504 3008 100
1504 3009 28
1505 3010 50
1505 3011 15
1506 3012 72
1506 3013 26
1507 3014 72
1507 3015 4
1508 3016 39
1508 3017 39
1509 3018 22
1509 3019 65
1510 3020 77
1510 3021 36
1511 3022 99
1511 3023 82
1512 3024 16
1512 3025 2
1513 3026 5
1513 3027 83
1514 3028 79
1514 3029 26
1515 3030 19
1515 3031 28
1516 3032 44
1516 3033 40
1517 3034 27
1517 3035 90
1518 3036 24
1518 3037 54
1519 3038 67
1519 3039 79
1520 3040 86
1520 3041 94
1521 3042 14
1521 3043 3
1522 3044 13
1522 3045 27
1523 3046 42
1523 3047 15
1524 3048 51
1524 3049 20
1525 3050 3
1525 3051 26
1526 3052 37
1526 3053 68
1527 3054 41
1527 3055 82
1528 3056 8
1528 3057 59
1529 3058 2
1529 3059 72
1530 3060 12
1530 3061 94
1531 3062 44
1531 3063 48
1532 3064 16
1532 3065 97
1533 3066 15
1533 3067 7
1534 3068 67
1534 3069 42
1535 3070 81
1535 3071 66
1536 3072 59
1536 3073 30
1537 3074 94
1537 3075 73
1538 3076 77
1538 3077 11
1539 3078 33
1539 3079 57
1540 3080 3
1540 3081 19
1541 3082 72
1541 3083 72
1542 3084 28
1542 3085 90
1543 3086 76
1543 3087 19
1544 3088 65
1544 3089 42
1545 3090 5
1545 3091 4
1546 3092 8
1546 3093 84
1547 3094 84
1547 3095 72
1548 3096 58
1548 3097 51
1549 3098 24
1549 3099 22
1550 3100 40
1550 3101 89
1551 3102 41
1551 3103 10
1552 3104 1
1552 3105 87
1553 3106 43
1553 3107 38
1554 3108 11
1554 3109 74
1555 3110 48
1555 3111 80
1556 3112 48
1556 3113 38
1557 3114 34
1557 3115 39
1558 3116 53
1558 3117 72
1559 3118 22
1559 3119 40
1560 3120 28
1560 3121 83
1561 3122 25
1561 3123 35
1562 3124 47
1562 3125 88
1563 3126 61
1563 3127 37
1564 3128 63
1564 3129 67
1565 3130 93
1565 3131 51
1566 3132 59
1566 3133 62
1567 3134 89
1567 3135 16
1568 3136 40
1568 3137 31
1569 3138 12
1569 3139 10
1570 3140 2
1570 3141 56
1571 3142 60
1571 3143 99
1572 3144 77
1572 3145 22
1573 3146 67
1573 3147 72
1574 3148 1
1574 3149 27
1575 3150 82
1575 3151 63
1576 3152 83
1576 3153 52
1577 3154 2
1577 3155 54
1578 3156 62
1578 3157 6
1579 3158 100
1579 3159 33
1580 3160 67
1580 3161 46
1581 3162 52
1581 3163 68
1582 3164 20
1582 3165 12
1583 3166 36
1583 3167 86
1584 3168 28
1584 3169 82
1585 3170 44
1585 3171 19
1586 3172 96
1586 3173 16
1587 3174 47
1587 3175 86
1588 3176 52
1588 3177 38
1589 3178 75
1589 3179 1
1590 3180 94
1590 3181 51
1591 3182 39
1591 3183 70
1592 3184 73
1592 3185 100
1593 3186 61
1593 3187 29
1594 3188 20
1594 3189 23
1595 3190 11
1595 3191 41
1596 3192 50
1596 3193 79
1597 3194 63
1597 3195 67
1598 3196 100
1598 3197 78
1599 3198 21
1599 3199 39
1600 3200 62
1600 3201 71
1601 3202 33
1601 3203 74
1602 3204 66
1602 3205 64
1603 3206 67
1603 3207 45
1604 3208 64
1604 3209 61
1605 3210 39
1605 3211 56
1606 3212 7
1606 3213 38
1607 3214 89
1607 3215 16
1608 3216 54
1608 3217 48
1609 3218 67
1609 3219 51
1610 3220 97
1610 3221 89
1611 3222 40
1611 3223 10
1612 3224 20
1612 3225 71
1613 3226 36
1613 3227 4
1614 3228 10
1614 3229 29
1615 3230 20
1615 3231 84
1616 3232 53
1616 3233 74
1617 3234 66
1617 3235 34
1618 3236 43
1618 3237 24
1619 3238 88
1619 3239 8
1620 3240 75
1620 3241 59
1621 3242 19
1621 3243 19
1622 3244 68
1622 3245 26
1623 3246 76
1623 3247 96
1624 3248 46
1624 3249 81
1625 3250 92
1625 3251 18
1626 3252 13
1626 3253 48
1627 3254 94
1627 3255 63
1628 3256 9
1628 3257 93
1629 3258 70
1629 3259 45
1630 3260 87
1630 3261 9
1631 3262 49
1631 3263 48
1632 3264 93
1632 3265 85
1633 3266 77
1633 3267 29
1634 3268 85
1634 3269 30
1635 3270 47
1635 3271 14
1636 3272 95
1636 3273 39
1637 3274 31
1637 3275 95
1638 3276 78
1638 3277 32
1639 3278 20
1639 3279 32
1640 3280 51
1640 3281 51
1641 3282 84
1641 3283 36
1642 3284 55
1642 3285 84
1643 3286 49
1643 3287 44
1644 3288 59
1644 3289 24
1645 3290 44
1645 3291 72
1646 3292 26
1646 3293 84
1647 3294 23
1647 3295 40
1648 3296 81
1648 3297 92
1649 3298 55
1649 3299 68
1650 3300 42
1650 3301 12
1651 3302 85
1651 3303 56
1652 3304 89
1652 3305 48
1653 3306 51
1653 3307 35
1654 3308 80
1654 3309 86
1655 3310 10
1655 3311 74
1656 3312 78
1656 3313 90
1657 3314 95
1657 3315 19
1658 3316 45
1658 3317 91
1659 3318 74
1659 3319 15
1660 3320 90
1660 3321 85
1661 3322 78
1661 3323 97
1662 3324 83
1662 3325 9
1663 3326 27
1663 3327 38
1664 3328 6
1664 3329 26
1665 3330 20
1665 3331 58
1666 3332 55
1666 3333 54
1667 3334 58
1667 3335 48
1668 3336 17
1668 3337 21
1669 3338 9
1669 3339 58
1670 3340 38
1670 3341 7
1671 3342 51
1671 3343 36
1672 3344 26
1672 3345 64
1673 3346 23
1673 3347 33
1674 3348 93
1674 3349 21
1675 3350 33
1675 3351 34
1676 3352 24
1676 3353 94
1677 3354 30
1677 3355 7
1678 3356 100
1678 3357 9
1679 3358 89
1679 3359 9
1680 3360 21
1680 3361 82
1681 3362 21
1681 3363 23
1682 3364 52
1682 3365 33
1683 3366 1
1683 3367 34
1684 3368 73
1684 3369 51
1685 3370 48
1685 3371 54
1686 3372 67
1686 3373 4
1687 3374 27
1687 3375 4
1688 3376 3
1688 3377 64
1689 3378 42
1689 3379 5
1690 3380 93
1690 3381 27
1691 3382 37
1691 3383 58
1692 3384 68
1692 3385 55
1693 3386 27
1693 3387 75
1694 3388 17
1694 3389 19
1695 3390 3
1695 3391 79
1696 3392 6
1696 3393 68
1697 3394 93
1697 3395 73
1698 3396 50
1698 3397 58
1699 3398 4
1699 3399 54
1700 3400 100
1700 3401 28
1701 3402 69
1701 3403 89
1702 3404 86
1702 3405 48
1703 3406 67
1703 3407 36
1704 3408 35
1704 3409 70
1705 3410 22
1705 3411 21
1706 3412 19
1706 3413 24
1707 3414 96
1707 3415 100
1708 3416 32
1708 3417 100
1709 3418 12
1709 3419 2
1710 3420 24
1710 3421 31
1711 3422 82
1711 3423 21
1712 3424 93
1712 3425 83
1713 3426 93
1713 3427 30
1714 3428 43
1714 3429 76
1715 3430 79
1715 3431 57
1716 3432 58
1716 3433 76
1717 3434 52
1717 3435 57
1718 3436 12
1718 3437 97
1719 3438 51
1719 3439 62
1720 3440 88
1720 3441 39
1721 3442 39
1721 3443 65
1722 3444 30
1722 3445 38
1723 3446 70
1723 3447 12
1724 3448 13
1724 3449 69
1725 3450 28
1725 3451 95
1726 3452 10
1726 3453 54
1727 3454 36
1727 3455 15
1728 3456 4
1728 3457 86
1729 3458 32
1729 3459 44
1730 3460 28
1730 3461 8
1731 3462 21
1731 3463 66
1732 3464 44
1732 3465 93
1733 3466 89
1733 3467 94
1734 3468 52
1734 3469 28
1735 3470 77
1735 3471 5
1736 3472 10
1736 3473 30
1737 3474 81
1737 3475 18
1738 3476 15
1738 3477 46
1739 3478 40
1739 3479 44
1740 3480 79
1740 3481 24
1741 3482 50
1741 3483 54
1742 3484 40
1742 3485 29
1743 3486 41
1743 3487 46
1744 3488 95
1744 3489 91
1745 3490 83
1745 3491 39
1746 3492 98
1746 3493 47
1747 3494 9
1747 3495 76
1748 3496 28
1748 3497 18
1749 3498 58
1749 3499 59
1750 3500 98
1750 3501 72
1751 3502 35
1751 3503 70
1752 3504 50
1752 3505 71
1753 3506 8
1753 3507 7
1754 3508 63
1754 3509 59
1755 3510 33
1755 3511 9
1756 3512 24
1756 3513 73
1757 3514 8
1757 3515 62
1758 3516 98
1758 3517 70
1759 3518 90
1759 3519 64
1760 3520 40
1760 3521 18
1761 3522 89
1761 3523 53
1762 3524 8
1762 3525 24
1763 3526 15
1763 3527 99
1764 3528 98
1764 3529 53
1765 3530 52
1765 3531 55
1766 3532 22
1766 3533 67
1767 3534 52
1767 3535 44
1768 3536 100
1768 3537 75
1769 3538 72
1769 3539 12
1770 3540 75
1770 3541 10
1771 3542 85
1771 3543 20
1772 3544 15
1772 3545 7
1773 3546 42
1773 3547 81
1774 3548 45
1774 3549 77
1775 3550 17
1775 3551 37
1776 3552 6
1776 3553 41
1777 3554 46
1777 3555 52
1778 3556 84
1778 3557 100
1779 3558 59
1779 3559 69
1780 3560 83
1780 3561 29
1781 3562 28
1781 3563 87
1782 3564 60
1782 3565 55
1783 3566 49
1783 3567 85
1784 3568 55
1784 3569 7
1785 3570 10
1785 3571 46
1786 3572 74
1786 3573 30
1787 3574 78
1787 3575 15
1788 3576 87
1788 3577 58
1789 3578 2
1789 3579 2
1790 3580 52
1790 3581 56
1791 3582 55
1791 3583 77
1792 3584 58
1792 3585 62
1793 3586 100
1793 3587 83
1794 3588 94
1794 3589 37
1795 3590 42
1795 3591 78
1796 3592 19
1796 3593 86
1797 3594 56
1797 3595 9
1798 3596 21
1798 3597 73
1799 3598 9
1799 3599 14
1800 3600 48
1800 3601 23
1801 3602 68
1801 3603 24
1802 3604 37
1802 3605 79
1803 3606 62
1803 3607 40
1804 3608 59
1804 3609 60
1805 3610 89
1805 3611 13
1806 3612 89
1806 3613 40
1807 3614 63
1807 3615 65
1808 3616 65
1808 3617 69
1809 3618 28
1809 3619 59
1810 3620 51
1810 3621 74
1811 3622 29
1811 3623 100
1812 3624 91
1812 3625 74
1813 3626 48
1813 3627 69
1814 3628 57
1814 3629 91
1815 3630 50
1815 3631 2
1816 3632 98
1816 3633 54
1817 3634 9
1817 3635 10
1818 3636 81
1818 3637 5
1819 3638 76
1819 3639 59
1820 3640 92
1820 3641 33
1821 3642 12
1821 3643 38
1822 3644 79
1822 3645 38
1823 3646 42
1823 3647 84
1824 3648 78
1824 3649 19
1825 3650 73
1825 3651 58
1826 3652 40
1826 3653 77
1827 3654 59
1827 3655 48
1828 3656 52
1828 3657 71
1829 3658 38
1829 3659 98
1830 3660 76
1830 3661 55
1831 3662 98
1831 3663 26
1832 3664 60
1832 3665 35
1833 3666 50
1833 3667 41
1834 3668 34
1834 3669 20
1835 3670 3
1835 3671 44
1836 3672 2
1836 3673 15
1837 3674 70
1837 3675 63
1838 3676 53
1838 3677 73
1839 3678 75
1839 3679 29
1840 3680 3
1840 3681 27
1841 3682 18
1841 3683 13
1842 3684 34
1842 3685 66
1843 3686 39
1843 3687 44
1844 3688 61
1844 3689 80
1845 3690 90
1845 3691 12
1846 3692 42
1846 3693 25
1847 3694 38
1847 3695 10
1848 3696 75
1848 3697 28
1849 3698 54
1849 3699 69
1850 3700 72
1850 3701 50
1851 3702 34
1851 3703 83
1852 3704 97
1852 3705 26
1853 3706 18
1853 3707 96
1854 3708 63
1854 3709 96
1855 3710 57
1855 3711 33
1856 3712 99
1856 3713 23
1857 3714 68
1857 3715 25
1858 3716 68
1858 3717 66
1859 3718 77
1859 3719 76
1860 3720 42
1860 3721 81
1861 3722 87
1861 3723 42
1862 3724 88
1862 3725 57
1863 3726 29
1863 3727 97
1864 3728 69
1864 3729 44
1865 3730 15
1865 3731 75
1866 3732 27
1866 3733 48
1867 3734 69
1867 3735 63
1868 3736 50
1868 3737 24
1869 3738 87
1869 3739 72
1870 3740 9
1870 3741 89
1871 3742 51
1871 3743 37
1872 3744 24
1872 3745 11
1873 3746 50
1873 3747 46
1874 3748 45
1874 3749 40
1875 3750 61
1875 3751 52
1876 3752 12
1876 3753 2
1877 3754 80
1877 3755 84
1878 3756 23
1878 3757 40
1879 3758 49
1879 3759 82
1880 3760 52
1880 3761 90
1881 3762 53
1881 3763 71
1882 3764 59
1882 3765 78
1883 3766 4
1883 3767 72
1884 3768 36
1884 3769 56
1885 3770 63
1885 3771 92
1886 3772 85
1886 3773 91
1887 3774 83
1887 3775 35
1888 3776 62
1888 3777 49
1889 3778 1
1889 3779 89
1890 3780 100
1890 3781 21
1891 3782 42
1891 3783 82
1892 3784 62
1892 3785 25
1893 3786 52
1893 3787 46
1894 3788 66
1894 3789 42
1895 3790 44
1895 3791 58
1896 3792 61
1896 3793 19
1897 3794 63
1897 3795 7
1898 3796 50
1898 3797 27
1899 3798 47
1899 3799 31
1900 3800 75
1900 3801 51
1901 3802 55
1901 3803 96
1902 3804 65
1902 3805 95
1903 3806 10
1903 3807 9
1904 3808 66
1904 3809 45
1905 3810 61
1905 3811 51
1906 3812 30
1906 3813 53
1907 3814 3
1907 3815 49
1908 3816 37
1908 3817 89
1909 3818 79
1909 3819 2
1910 3820 11
1910 3821 2
1911 3822 1
1911 3823 12
1912 3824 35
1912 3825 68
1913 3826 92
1913 3827 30
1914 3828 29
1914 3829 47
1915 3830 39
1915 3831 64
1916 3832 89
1916 3833 42
1917 3834 11
1917 3835 89
1918 3836 58
1918 3837 11
1919 3838 36
1919 3839 87
1920 3840 82
1920 3841 78
1921 3842 67
1921 3843 59
1922 3844 24
1922 3845 44
1923 3846 65
1923 3847 63
1924 3848 81
1924 3849 100
1925 3850 76
1925 3851 99
1926 3852 51
1926 3853 38
1927 3854 17
1927 3855 61
1928 3856 40
1928 3857 1
1929 3858 89
1929 3859 74
1930 3860 87
1930 3861 55
1931 3862 30
1931 3863 53
1932 3864 96
1932 3865 45
1933 3866 15
1933 3867 99
1934 3868 13
1934 3869 81
1935 3870 73
1935 3871 29
1936 3872 82
1936 3873 98
1937 3874 65
1937 3875 1
1938 3876 57
1938 3877 47
1939 3878 73
1939 3879 93
1940 3880 92
1940 3881 90
1941 3882 46
1941 3883 74
1942 3884 57
1942 3885 49
1943 3886 61
1943 3887 2
1944 3888 15
1944 3889 68
1945 3890 75
1945 3891 26
1946 3892 100
1946 3893 47
1947 3894 23
1947 3895 47
1948 3896 86
1948 3897 78
1949 3898 67
1949 3899 4
1950 3900 62
1950 3901 16
1951 3902 56
1951 3903 27
1952 3904 70
1952 3905 42
1953 3906 50
1953 3907 1
1954 3908 52
1954 3909 60
1955 3910 71
1955 3911 10
1956 3912 99
1956 3913 17
1957 3914 49
1957 3915 28
1958 3916 6
1958 3917 62
1959 3918 34
1959 3919 73
1960 3920 34
1960 3921 39
1961 3922 84
1961 3923 56
1962 3924 39
1962 3925 74
1963 3926 60
1963 3927 46
1964 3928 80
1964 3929 66
1965 3930 41
1965 3931 95
1966 3932 95
1966 3933 20
1967 3934 2
1967 3935 43
1968 3936 91
1968 3937 45
1969 3938 10
1969 3939 51
1970 3940 15
1970 3941 22
1971 3942 48
1971 3943 89
1972 3944 21
1972 3945 99
1973 3946 25
1973 3947 46
1974 3948 15
1974 3949 64
1975 3950 18
1975 3951 6
1976 3952 43
1976 3953 87
1977 3954 93
1977 3955 1
1978 3956 40
1978 3957 71
1979 3958 78
1979 3959 12
1980 3960 5
1980 3961 42
1981 3962 47
1981 3963 19
1982 3964 97
1982 3965 42
1983 3966 89
1983 3967 100
1984 3968 70
1984 3969 8
1985 3970 36
1985 3971 84
1986 3972 96
1986 3973 70
1987 3974 3
1987 3975 49
1988 3976 97
1988 3977 96
1989 3978 66
1989 3979 98
1990 3980 94
1990 3981 21
1991 3982 3
1991 3983 8
1992 3984 69
1992 3985 24
1993 3986 81
1993 3987 3
1994 3988 41
1994 3989 11
1995 3990 22
1995 3991 99
1996 3992 83
1996 3993 46
1997 3994 66
1997 3995 58
1998 3996 84
1998 3997 75
1999 3998 42
1999 3999 53
2000 4000 48
2000 4001 93
2001 4002 71
2001 4003 40
2002 4004 83
2002 4005 18
2003 4006 75
2003 4007 75
2004 4008 12
2004 4009 31
2005 4010 51
2005 4011 41
2006 4012 53
2006 4013 21
2007 4014 65
2007 4015 68
2008 4016 26
2008 4017 51
2009 4018 37
2009 4019 78
2010 4020 39
2010 4021 42
2011 4022 7
2011 4023 98
2012 4024 36
2012 4025 44
2013 4026 2
2013 4027 10
2014 4028 54
2014 4029 77
2015 4030 97
2015 4031 98
2016 4032 78
2016 4033 42
2017 4034 92
2017 4035 8
2018 4036 15
2018 4037 37
2019 4038 20
2019 4039 71
2020 4040 82
2020 4041 39
2021 4042 78
2021 4043 87
2022 4044 13
2022 4045 54
2023 4046 75
2023 4047 17
2024 4048 93
2024 4049 15
2025 4050 9
2025 4051 12
2026 4052 75
2026 4053 64
2027 4054 27
2027 4055 85
2028 4056 30
2028 4057 81
2029 4058 30
2029 4059 92
2030 4060 31
2030 4061 12
2031 4062 15
2031 4063 56
2032 4064 83
2032 4065 100
2033 4066 26
2033 4067 69
2034 4068 89
2034 4069 69
2035 4070 16
2035 4071 68
2036 4072 83
2036 4073 52
2037 4074 23
2037 4075 77
2038 4076 96
2038 4077 45
2039 4078 100
2039 4079 31
2040 4080 81
2040 4081 12
2041 4082 88
2041 4083 80
2042 4084 100
2042 4085 60
2043 4086 7
2043 4087 51
2044 4088 37
2044 4089 47
2045 4090 34
2045 4091 37
2046 4092 32
2046 4093 1
2047 4094 46
2047 4095 50
2048 4096 61
2048 4097 45
2049 4098 21
2049 4099 62
2050 4100 22
2050 4101 59
2051 4102 15
2051 4103 26
2052 4104 24
2052 4105 28
2053 4106 45
2053 4107 93
2054 4108 80
2054 4109 21
2055 4110 91
2055 4111 65
2056 4112 30
2056 4113 35
2057 4114 41
2057 4115 68
2058 4116 89
2058 4117 86
2059 4118 5
2059 4119 95
2060 4120 44
2060 4121 77
2061 4122 22
2061 4123 53
2062 4124 73
2062 4125 16
2063 4126 78
2063 4127 8
2064 4128 82
2064 4129 4
2065 4130 31
2065 4131 77
2066 4132 60
2066 4133 45
2067 4134 68
2067 4135 47
2068 4136 10
2068 4137 23
2069 4138 52
2069 4139 75
2070 4140 92
2070 4141 47
2071 4142 70
2071 4143 56
2072 4144 54
2072 4145 77
2073 4146 57
2073 4147 7
2074 4148 67
2074 4149 87
2075 4150 59
2075 4151 100
2076 4152 6
2076 4153 12
2077 4154 22
2077 4155 87
2078 4156 94
2078 4157 78
2079 4158 64
2079 4159 29
2080 4160 71
2080 4161 98
2081 4162 21
2081 4163 74
2082 4164 88
2082 4165 79
2083 4166 26
2083 4167 76
2084 4168 54
2084 4169 82
2085 4170 91
2085 4171 29
2086 4172 65
2086 4173 45
2087 4174 62
2087 4175 91
2088 4176 5
2088 4177 12
2089 4178 40
2089 4179 96
2090 4180 38
2090 4181 68
2091 4182 53
2091 4183 77
2092 4184 3
2092 4185 11
2093 4186 87
2093 4187 77
2094 4188 89
2094 4189 73
2095 4190 83
2095 4191 6
2096 4192 54
2096 4193 65
2097 4194 71
2097 4195 45
2098 4196 89
2098 4197 96
2099 4198 52
2099 4199 1
2100 4200 10
2100 4201 93
2101 4202 87
2101 4203 40
2102 4204 91
2102 4205 22
2103 4206 17
2103 4207 59
2104 4208 59
2104 4209 99
2105 4210 53
2105 4211 13
2106 4212 75
2106 4213 4
2107 4214 76
2107 4215 64
2108 4216 22
2108 4217 75
2109 4218 37
2109 4219 57
2110 4220 81
2110 4221 38
2111 4222 62
2111 4223 90
2112 4224 41
2112 4225 100
2113 4226 74
2113 4227 55
2114 4228 40
2114 4229 69
2115 4230 57
2115 4231 1
2116 4232 12
2116 4233 84
2117 4234 5
2117 4235 10
2118 4236 21
2118 4237 23
2119 4238 76
2119 4239 86
2120 4240 54
2120 4241 74
2121 4242 94
2121 4243 46
2122 4244 70
2122 4245 11
2123 4246 81
2123 4247 23
2124 4248 32
2124 4249 5
2125 4250 100
2125 4251 78
2126 4252 17
2126 4253 11
2127 4254 70
2127 4255 37
2128 4256 13
2128 4257 38
2129 4258 70
2129 4259 6
2130 4260 33
2130 4261 14
2131 4262 90
2131 4263 32
2132 4264 4
2132 4265 73
2133 4266 74
2133 4267 84
2134 4268 47
2134 4269 59
2135 4270 49
2135 4271 27
2136 4272 23
2136 4273 44
2137 4274 43
2137 4275 82
2138 4276 59
2138 4277 37
2139 4278 15
2139 4279 29
2140 4280 19
2140 4281 7
2141 4282 94
2141 4283 2
2142 4284 60
2142 4285 72
2143 4286 89
2143 4287 6
2144 4288 11
2144 4289 53
2145 4290 6
2145 4291 86
2146 4292 39
2146 4293 51
2147 4294 31
2147 4295 37
2148 4296 22
2148 4297 63
2149 4298 3
2149 4299 82
2150 4300 77
2150 4301 35
2151 4302 30
2151 4303 12
2152 4304 63
2152 4305 68
2153 4306 56
2153 4307 9
2154 4308 65
2154 4309 32
2155 4310 97
2155 4311 32
2156 4312 65
2156 4313 28
2157 4314 21
2157 4315 57
2158 4316 33
2158 4317 93
2159 4318 65
2159 4319 2
2160 4320 72
2160 4321 37
2161 4322 93
2161 4323 1
2162 4324 75
2162 4325 39
2163 4326 72
2163 4327 65
2164 4328 80
2164 4329 11
2165 4330 71
2165 4331 65
2166 4332 38
2166 4333 5
2167 4334 42
2167 4335 2
2168 4336 14
2168 4337 53
2169 4338 44
2169 4339 32
2170 4340 62
2170 4341 80
2171 4342 70
2171 4343 51
2172 4344 88
2172 4345 3
2173 4346 46
2173 4347 32
2174 4348 39
2174 4349 53
2175 4350 26
2175 4351 46
2176 4352 53
2176 4353 11
2177 4354 83
2177 4355 68
2178 4356 100
2178 4357 18
2179 4358 16
2179 4359 18
2180 4360 12
2180 4361 86
2181 4362 44
2181 4363 18
2182 4364 72
2182 4365 3
2183 4366 27
2183 4367 23
2184 4368 30
2184 4369 13
2185 4370 34
2185 4371 68
2186 4372 16
2186 4373 86
2187 4374 57
2187 4375 84
2188 4376 12
2188 4377 68
2189 4378 79
2189 4379 51
2190 4380 3
2190 4381 65
2191 4382 4
2191 4383 95
2192 4384 25
2192 4385 96
2193 4386 73
2193 4387 16
2194 4388 25
2194 4389 95
2195 4390 16
2195 4391 16
2196 4392 50
2196 4393 28
2197 4394 22
2197 4395 22
2198 4396 89
2198 4397 87
2199 4398 96
2199 4399 38
2200 4400 31
2200 4401 98
2201 4402 11
2201 4403 50
2202 4404 69
2202 4405 17
2203 4406 97
2203 4407 22
2204 4408 1
2204 4409 40
2205 4410 41
2205 4411 33
2206 4412 39
2206 4413 82
2207 4414 53
2207 4415 41
2208 4416 84
2208 4417 77
2209 4418 34
2209 4419 53
2210 4420 70
2210 4421 9
2211 4422 77
2211 4423 89
2212 4424 74
2212 4425 6
2213 4426 9
2213 4427 36
2214 4428 20
2214 4429 10
2215 4430 47
2215 4431 33
2216 4432 59
2216 4433 59
2217 4434 18
2217 4435 77
2218 4436 72
2218 4437 72
2219 4438 29
2219 4439 70
2220 4440 85
2220 4441 69
2221 4442 66
2221 4443 92
2222 4444 87
2222 4445 75
2223 4446 86
2223 4447 99
2224 4448 87
2224 4449 5
2225 4450 34
2225 4451 74
2226 4452 97
2226 4453 4
2227 4454 69
2227 4455 94
2228 4456 89
2228 4457 52
2229 4458 75
2229 4459 37
2230 4460 1
2230 4461 4
2231 4462 35
2231 4463 41
2232 4464 3
2232 4465 68
2233 4466 83
2233 4467 84
2234 4468 42
2234 4469 83
2235 4470 61
2235 4471 97
2236 4472 1
2236 4473 56
2237 4474 18
2237 4475 11
2238 4476 67
2238 4477 9
2239 4478 1
2239 4479 45
2240 4480 39
2240 4481 32
2241 4482 63
2241 4483 14
2242 4484 56
2242 4485 28
2243 4486 73
2243 4487 75
2244 4488 88
2244 4489 76
2245 4490 63
2245 4491 72
2246 4492 26
2246 4493 14
2247 4494 64
2247 4495 27
2248 4496 77
2248 4497 8
2249 4498 31
2249 4499 1
2250 4500 69
2250 4501 55
2251 4502 48
2251 4503 63
2252 4504 49
2252 4505 45
2253 4506 4
2253 4507 36
2254 4508 51
2254 4509 49
2255 4510 25
2255 4511 95
2256 4512 22
2256 4513 49
2257 4514 79
2257 4515 1
2258 4516 64
2258 4517 55
2259 4518 49
2259 4519 80
2260 4520 10
2260 4521 34
2261 4522 52
2261 4523 89
2262 4524 40
2262 4525 100
2263 4526 12
2263 4527 41
2264 4528 78
2264 4529 91
2265 4530 97
2265 4531 68
2266 4532 15
2266 4533 95
2267 4534 6
2267 4535 55
2268 4536 97
2268 4537 15
2269 4538 54
2269 4539 76
2270 4540 21
2270 4541 72
2271 4542 46
2271 4543 40
2272 4544 10
2272 4545 45
2273 4546 23
2273 4547 100
2274 4548 86
2274 4549 23
2275 4550 75
2275 4551 27
2276 4552 52
2276 4553 87
2277 4554 59
2277 4555 78
2278 4556 18
2278 4557 38
2279 4558 19
2279 4559 42
2280 4560 1
2280 4561 28
2281 4562 99
2281 4563 67
2282 4564 75
2282 4565 88
2283 4566 54
2283 4567 50
2284 4568 56
2284 4569 13
2285 4570 51
2285 4571 40
2286 4572 49
2286 4573 16
2287 4574 93
2287 4575 4
2288 4576 28
2288 4577 86
2289 4578 45
2289 4579 17
2290 4580 21
2290 4581 22
2291 4582 33
2291 4583 8
2292 4584 82
2292 4585 5
2293 4586 1
2293 4587 5
2294 4588 51
2294 4589 56
2295 4590 83
2295 4591 46
2296 4592 98
2296 4593 1
2297 4594 65
2297 4595 81
2298 4596 62
2298 4597 77
2299 4598 47
2299 4599 22
2300 4600 57
2300 4601 9
2301 4602 51
2301 4603 79
2302 4604 35
2302 4605 12
2303 4606 29
2303 4607 63
2304 4608 18
2304 4609 49
2305 4610 51
2305 4611 28
2306 4612 44
2306 4613 93
2307 4614 67
2307 4615 41
2308 4616 78
2308 4617 41
2309 4618 16
2309 4619 98
2310 4620 68
2310 4621 2
2311 4622 36
2311 4623 54
2312 4624 35
2312 4625 68
2313 4626 36
2313 4627 57
2314 4628 24
2314 4629 69
2315 4630 16
2315 4631 16
2316 4632 21
2316 4633 86
2317 4634 2
2317 4635 62
2318 4636 75
2318 4637 63
2319 4638 20
2319 4639 69
2320 4640 17
2320 4641 9
2321 4642 14
2321 4643 90
2322 4644 5
2322 4645 50
2323 4646 65
2323 4647 24
2324 4648 62
2324 4649 38
2325 4650 53
2325 4651 29
2326 4652 95
2326 4653 98
2327 4654 86
2327 4655 72
2328 4656 83
2328 4657 86
2329 4658 54
2329 4659 86
2330 4660 4
2330 4661 24
2331 4662 13
2331 4663 51
2332 4664 79
2332 4665 11
2333 4666 52
2333 4667 64
2334 4668 88
2334 4669 74
2335 4670 16
2335 4671 8
2336 4672 29
2336 4673 5
2337 4674 17
2337 4675 71
2338 4676 38
2338 4677 9
2339 4678 27
2339 4679 15
2340 4680 19
2340 4681 14
2341 4682 97
2341 4683 91
2342 4684 45
2342 4685 68
2343 4686 55
2343 4687 28
2344 4688 29
2344 4689 53
2345 4690 36
2345 4691 49
2346 4692 47
2346 4693 29
2347 4694 79
2347 4695 92
2348 4696 49
2348 4697 26
2349 4698 65
2349 4699 75
2350 4700 2
2350 4701 2
2351 4702 2
2351 4703 100
2352 4704 4
2352 4705 15
2353 4706 39
2353 4707 32
2354 4708 67
2354 4709 65
2355 4710 38
2355 4711 1
2356 4712 84
2356 4713 10
2357 4714 31
2357 4715 55
2358 4716 65
2358 4717 55
2359 4718 43
2359 4719 68
2360 4720 18
2360 4721 8
2361 4722 72
2361 4723 43
2362 4724 5
2362 4725 21
2363 4726 50
2363 4727 9
2364 4728 79
2364 4729 23
2365 4730 84
2365 4731 80
2366 4732 47
2366 4733 86
2367 4734 35
2367 4735 41
2368 4736 79
2368 4737 18
2369 4738 47
2369 4739 45
2370 4740 62
2370 4741 46
2371 4742 24
2371 4743 59
2372 4744 14
2372 4745 46
2373 4746 72
2373 4747 11
2374 4748 36
2374 4749 2
2375 4750 88
2375 4751 95
2376 4752 79
2376 4753 59
2377 4754 37
2377 4755 50
2378 4756 96
2378 4757 7
2379 4758 10
2379 4759 46
2380 4760 43
2380 4761 48
2381 4762 80
2381 4763 77
2382 4764 50
2382 4765 31
2383 4766 27
2383 4767 63
2384 4768 52
2384 4769 82
2385 4770 1
2385 4771 58
2386 4772 71
2386 4773 86
2387 4774 19
2387 4775 13
2388 4776 74
2388 4777 58
2389 4778 55
2389 4779 85
2390 4780 28
2390 4781 8
2391 4782 80
2391 4783 99
2392 4784 54
2392 4785 43
2393 4786 97
2393 4787 91
2394 4788 61
2394 4789 28
2395 4790 40
2395 4791 35
2396 4792 55
2396 4793 88
2397 4794 70
2397 4795 57
2398 4796 72
2398 4797 57
2399 4798 30
2399 4799 76
2400 4800 58
2400 4801 60
2401 4802 4
2401 4803 38
2402 4804 4
2402 4805 50
2403 4806 93
2403 4807 61
2404 4808 42
2404 4809 53
2405 4810 5
2405 4811 11
2406 4812 6
2406 4813 65
2407 4814 19
2407 4815 4
2408 4816 16
2408 4817 16
2409 4818 37
2409 4819 74
2410 4820 84
2410 4821 54
2411 4822 60
2411 4823 44
2412 4824 12
2412 4825 94
2413 4826 3
2413 4827 69
2414 4828 89
2414 4829 45
2415 4830 47
2415 4831 81
2416 4832 94
2416 4833 61
2417 4834 41
2417 4835 27
2418 4836 46
2418 4837 15
2419 4838 1
2419 4839 31
2420 4840 91
2420 4841 55
2421 4842 32
2421 4843 26
2422 4844 8
2422 4845 57
2423 4846 49
2423 4847 36
2424 4848 95
2424 4849 81
2425 4850 92
2425 4851 53
2426 4852 51
2426 4853 76
2427 4854 1
2427 4855 45
2428 4856 82
2428 4857 23
2429 4858 28
2429 4859 46
2430 4860 88
2430 4861 50
2431 4862 85
2431 4863 97
2432 4864 42
2432 4865 45
2433 4866 35
2433 4867 57
2434 4868 76
2434 4869 4
2435 4870 99
2435 4871 29
2436 4872 14
2436 4873 13
2437 4874 82
2437 4875 14
2438 4876 24
2438 4877 72
2439 4878 55
2439 4879 27
2440 4880 75
2440 4881 41
2441 4882 29
2441 4883 78
2442 4884 53
2442 4885 63
2443 4886 17
2443 4887 75
2444 4888 89
2444 4889 79
2445 4890 84
2445 4891 44
2446 4892 91
2446 4893 36
2447 4894 26
2447 4895 80
2448 4896 54
2448 4897 34
2449 4898 40
2449 4899 92
2450 4900 93
2450 4901 30
2451 4902 89
2451 4903 13
2452 4904 31
2452 4905 63
2453 4906 73
2453 4907 71
2454 4908 24
2454 4909 24
2455 4910 63
2455 4911 37
2456 4912 13
2456 4913 47
2457 4914 53
2457 4915 23
2458 4916 85
2458 4917 39
2459 4918 13
2459 4919 80
2460 4920 33
2460 4921 14
2461 4922 51
2461 4923 84
2462 4924 24
2462 4925 63
2463 4926 14
2463 4927 99
2464 4928 72
2464 4929 94
2465 4930 49
2465 4931 89
2466 4932 29
2466 4933 67
2467 4934 20
2467 4935 8
2468 4936 50
2468 4937 56
2469 4938 74
2469 4939 95
2470 4940 15
2470 4941 15
2471 4942 19
2471 4943 51
2472 4944 32
2472 4945 14
2473 4946 32
2473 4947 45
2474 4948 83
2474 4949 34
2475 4950 81
2475 4951 42
2476 4952 86
2476 4953 1
2477 4954 58
2477 4955 43
2478 4956 61
2478 4957 5
2479 4958 44
2479 4959 60
2480 4960 94
2480 4961 40
2481 4962 33
2481 4963 14
2482 4964 96
2482 4965 29
2483 4966 12
2483 4967 26
2484 4968 54
2484 4969 23
2485 4970 59
2485 4971 85
2486 4972 62
2486 4973 76
2487 4974 49
2487 4975 2
2488 4976 93
2488 4977 82
2489 4978 66
2489 4979 75
2490 4980 71
2490 4981 94
2491 4982 82
2491 4983 60
2492 4984 23
2492 4985 56
2493 4986 74
2493 4987 24
2494 4988 32
2494 4989 81
2495 4990 78
2495 4991 20
2496 4992 43
2496 4993 57
2497 4994 7
2497 4995 26
2498 4996 24
2498 4997 12
2499 4998 32
2499 4999 99
2500 5000 22
