1000000
# Edges (u,v,w)
1 2 64
1 3 27
2 4 7
2 5 10
3 6 11
3 7 42
4 8 73
4 9 37
5 10 83
5 11 38
6 12 71
6 13 40
7 14 47
7 15 83
8 16 16
8 17 99
9 18 38
9 19 80
10 20 77
10 21 67
11 22 12
11 23 98
12 24 94
12 25 58
13 26 74
13 27 7
14 28 92
14 29 70
15 30 5
15 31 79
16 32 97
16 33 85
17 34 40
17 35 46
18 36 37
18 37 20
19 38 82
19 39 57
20 40 39
20 41 89
21 42 94
21 43 66
22 44 64
22 45 7
23 46 23
23 47 52
24 48 23
24 49 21
25 50 49
25 51 54
26 52 25
26 53 4
27 54 67
27 55 78
28 56 19
28 57 10
29 58 17
29 59 37
30 60 98
30 61 88
31 62 6
31 63 61
32 64 48
32 65 75
33 66 55
33 67 12
34 68 58
34 69 34
35 70 50
35 71 9
36 72 3
36 73 63
37 74 50
37 75 1
38 76 57
38 77 21
39 78 18
39 79 96
40 80 2
40 81 49
41 82 49
41 83 28
42 84 20
42 85 95
43 86 14
43 87 80
44 88 61
44 89 86
45 90 42
45 91 33
46 92 97
46 93 25
47 94 57
47 95 9
48 96 58
48 97 33
49 98 40
49 99 28
50 100 78
50 101 28
51 102 33
51 103 97
52 104 8
52 105 82
53 106 99
53 107 12
54 108 73
54 109 67
55 110 23
55 111 16
56 112 18
56 113 50
57 114 28
57 115 100
58 116 49
58 117 23
59 118 92
59 119 54
60 120 66
60 121 6
61 122 73
61 123 98
62 124 19
62 125 27
63 126 33
63 127 7
64 128 68
64 129 88
65 130 86
65 131 8
66 132 69
66 133 12
67 134 64
67 135 24
68 136 72
68 137 53
69 138 75
69 139 44
70 140 15
70 141 6
71 142 54
71 143 61
72 144 75
72 145 48
73 146 42
73 147 24
74 148 9
74 149 98
75 150 93
75 151 93
76 152 38
76 153 83
77 154 2
77 155 79
78 156 78
78 157 29
79 158 35
79 159 58
80 160 54
80 161 56
81 162 49
81 163 77
82 164 13
82 165 55
83 166 19
83 167 48
84 168 38
84 169 42
85 170 86
85 171 89
86 172 71
86 173 4
87 174 38
87 175 54
88 176 17
88 177 72
89 178 70
89 179 36
90 180 48
90 181 25
91 182 20
91 183 53
92 184 64
92 185 47
93 186 99
93 187 1
94 188 44
94 189 72
95 190 84
95 191 18
96 192 22
96 193 61
97 194 28
97 195 24
98 196 95
98 197 54
99 198 50
99 199 23
100 200 90
100 201 44
101 202 5
101 203 40
102 204 32
102 205 45
103 206 35
103 207 89
104 208 47
104 209 37
105 210 95
105 211 89
106 212 64
106 213 54
107 214 82
107 215 34
108 216 50
108 217 48
109 218 95
109 219 50
110 220 100
110 221 3
111 222 83
111 223 33
112 224 76
112 225 19
113 226 69
113 227 60
114 228 60
114 229 26
115 230 18
115 231 2
116 232 5
116 233 39
117 234 18
117 235 45
118 236 23
118 237 77
119 238 27
119 239 61
120 240 24
120 241 35
121 242 41
121 243 17
122 244 50
122 245 97
123 246 41
123 247 20
124 248 91
124 249 22
125 250 29
125 251 89
126 252 79
126 253 53
127 254 32
127 255 62
128 256 81
128 257 52
129 258 99
129 259 20
130 260 39
130 261 75
131 262 52
131 263 31
132 264 59
132 265 50
133 266 45
133 267 2
134 268 44
134 269 75
135 270 16
135 271 22
136 272 76
136 273 79
137 274 62
137 275 98
138 276 66
138 277 50
139 278 80
139 279 7
140 280 41
140 281 39
141 282 75
141 283 84
142 284 7
142 285 10
143 286 52
143 287 36
144 288 47
144 289 32
145 290 99
145 291 45
146 292 59
146 293 30
147 294 49
147 295 73
148 296 93
148 297 18
149 298 20
149 299 92
150 300 65
150 301 84
151 302 8
151 303 19
152 304 63
152 305 35
153 306 74
153 307 70
154 308 100
154 309 89
155 310 42
155 311 86
156 312 7
156 313 9
157 314 54
157 315 97
158 316 78
158 317 20
159 318 60
159 319 14
160 320 3
160 321 21
161 322 46
161 323 26
162 324 40
162 325 35
163 326 48
163 327 96
164 328 97
164 329 47
165 330 7
165 331 4
166 332 98
166 333 62
167 334 52
167 335 44
168 336 94
168 337 82
169 338 93
169 339 34
170 340 70
170 341 43
171 342 14
171 343 27
172 344 26
172 345 54
173 346 89
173 347 68
174 348 35
174 349 9
175 350 54
175 351 46
176 352 90
176 353 33
177 354 21
177 355 24
178 356 22
178 357 84
179 358 29
179 359 8
180 360 6
180 361 99
181 362 2
181 363 39
182 364 42
182 365 2
183 366 37
183 367 44
184 368 70
184 369 21
185 370 6
185 371 25
186 372 85
186 373 23
187 374 81
187 375 99
188 376 82
188 377 61
189 378 55
189 379 39
190 380 63
190 381 72
191 382 7
191 383 41
192 384 69
192 385 94
193 386 66
193 387 96
194 388 50
194 389 71
195 390 55
195 391 44
196 392 53
196 393 84
197 394 65
197 395 78
198 396 7
198 397 79
199 398 53
199 399 89
200 400 23
200 401 58
201 402 82
201 403 73
202 404 32
202 405 7
203 406 95
203 407 12
204 408 77
204 409 21
205 410 1
205 411 63
206 412 13
206 413 19
207 414 73
207 415 14
208 416 2
208 417 71
209 418 68
209 419 79
210 420 85
210 421 45
211 422 100
211 423 37
212 424 35
212 425 29
213 426 23
213 427 69
214 428 32
214 429 15
215 430 87
215 431 46
216 432 31
216 433 57
217 434 73
217 435 34
218 436 21
218 437 42
219 438 45
219 439 59
220 440 95
220 441 69
221 442 72
221 443 58
222 444 49
222 445 38
223 446 78
223 447 59
224 448 71
224 449 43
225 450 28
225 451 9
226 452 57
226 453 8
227 454 9
227 455 34
228 456 15
228 457 94
229 458 7
229 459 74
230 460 23
230 461 51
231 462 36
231 463 53
232 464 64
232 465 33
233 466 44
233 467 91
234 468 17
234 469 3
235 470 65
235 471 7
236 472 54
236 473 72
237 474 85
237 475 49
238 476 5
238 477 11
239 478 48
239 479 80
240 480 69
240 481 70
241 482 57
241 483 79
242 484 12
242 485 84
243 486 51
243 487 20
244 488 75
244 489 94
245 490 96
245 491 64
246 492 44
246 493 70
247 494 98
247 495 45
248 496 34
248 497 93
249 498 65
249 499 27
250 500 38
250 501 31
251 502 71
251 503 17
252 504 85
252 505 48
253 506 11
253 507 56
254 508 95
254 509 19
255 510 80
255 511 47
256 512 9
256 513 1
257 514 90
257 515 16
258 516 46
258 517 49
259 518 4
259 519 10
260 520 9
260 521 77
261 522 42
261 523 94
262 524 71
262 525 66
263 526 10
263 527 33
264 528 10
264 529 28
265 530 80
265 531 95
266 532 25
266 533 42
267 534 37
267 535 93
268 536 82
268 537 68
269 538 84
269 539 95
270 540 78
270 541 52
271 542 49
271 543 44
272 544 80
272 545 37
273 546 30
273 547 99
274 548 85
274 549 76
275 550 19
275 551 12
276 552 74
276 553 23
277 554 30
277 555 80
278 556 95
278 557 36
279 558 20
279 559 5
280 560 94
280 561 93
281 562 9
281 563 6
282 564 53
282 565 34
283 566 13
283 567 82
284 568 46
284 569 53
285 570 98
285 571 82
286 572 97
286 573 65
287 574 18
287 575 75
288 576 28
288 577 58
289 578 12
289 579 77
290 580 87
290 581 49
291 582 24
291 583 17
292 584 56
292 585 83
293 586 15
293 587 1
294 588 35
294 589 34
295 590 91
295 591 1
296 592 96
296 593 71
297 594 15
297 595 75
298 596 44
298 597 95
299 598 98
299 599 2
300 600 54
300 601 75
301 602 1
301 603 21
302 604 94
302 605 79
303 606 47
303 607 17
304 608 24
304 609 15
305 610 29
305 611 22
306 612 24
306 613 13
307 614 87
307 615 57
308 616 53
308 617 68
309 618 48
309 619 48
310 620 66
310 621 86
311 622 41
311 623 64
312 624 2
312 625 66
313 626 35
313 627 29
314 628 98
314 629 14
315 630 65
315 631 94
316 632 85
316 633 39
317 634 39
317 635 95
318 636 80
318 637 63
319 638 98
319 639 30
320 640 45
320 641 79
321 642 38
321 643 75
322 644 44
322 645 65
323 646 71
323 647 61
324 648 87
324 649 21
325 650 71
325 651 36
326 652 94
326 653 93
327 654 54
327 655 94
328 656 99
328 657 12
329 658 94
329 659 30
330 660 8
330 661 82
331 662 67
331 663 80
332 664 28
332 665 58
333 666 93
333 667 57
334 668 96
334 669 58
335 670 100
335 671 11
336 672 47
336 673 70
337 674 67
337 675 13
338 676 88
338 677 38
339 678 26
339 679 38
340 680 32
340 681 47
341 682 2
341 683 15
342 684 43
342 685 17
343 686 66
343 687 77
344 688 77
344 689 35
345 690 56
345 691 59
346 692 85
346 693 7
347 694 2
347 695 9
348 696 49
348 697 65
349 698 78
349 699 74
350 700 100
350 701 16
351 702 21
351 703 83
352 704 61
352 705 74
353 706 70
353 707 78
354 708 26
354 709 37
355 710 85
355 711 43
356 712 26
356 713 99
357 714 36
357 715 73
358 716 2
358 717 30
359 718 26
359 719 73
360 720 53
360 721 37
361 722 1
361 723 55
362 724 73
362 725 64
363 726 97
363 727 72
364 728 94
364 729 37
365 730 73
365 731 77
366 732 78
366 733 37
367 734 74
367 735 69
368 736 84
368 737 57
369 738 91
369 739 40
370 740 60
370 741 28
371 742 1
371 743 90
372 744 71
372 745 25
373 746 34
373 747 45
374 748 20
374 749 28
375 750 80
375 751 39
376 752 54
376 753 25
377 754 35
377 755 86
378 756 61
378 757 91
379 758 72
379 759 65
380 760 98
380 761 57
381 762 6
381 763 4
382 764 4
382 765 7
383 766 65
383 767 5
384 768 13
384 769 23
385 770 45
385 771 98
386 772 73
386 773 100
387 774 89
387 775 22
388 776 89
388 777 55
389 778 76
389 779 51
390 780 35
390 781 45
391 782 5
391 783 67
392 784 26
392 785 40
393 786 59
393 787 32
394 788 23
394 789 21
395 790 43
395 791 67
396 792 11
396 793 76
397 794 78
397 795 35
398 796 39
398 797 53
399 798 88
399 799 83
400 800 70
400 801 85
401 802 32
401 803 84
402 804 39
402 805 98
403 806 72
403 807 82
404 808 8
404 809 54
405 810 45
405 811 45
406 812 24
406 813 77
407 814 29
407 815 76
408 816 77
408 817 14
409 818 25
409 819 26
410 820 36
410 821 53
411 822 69
411 823 47
412 824 80
412 825 37
413 826 9
413 827 55
414 828 85
414 829 88
415 830 21
415 831 31
416 832 22
416 833 50
417 834 13
417 835 10
418 836 100
418 837 100
419 838 57
419 839 71
420 840 13
420 841 48
421 842 78
421 843 63
422 844 99
422 845 84
423 846 78
423 847 47
424 848 12
424 849 29
425 850 39
425 851 37
426 852 41
426 853 43
427 854 14
427 855 74
428 856 17
428 857 23
429 858 37
429 859 69
430 860 96
430 861 54
431 862 27
431 863 74
432 864 58
432 865 80
433 866 22
433 867 94
434 868 94
434 869 66
435 870 86
435 871 68
436 872 89
436 873 54
437 874 1
437 875 16
438 876 14
438 877 90
439 878 53
439 879 28
440 880 10
440 881 92
441 882 47
441 883 78
442 884 98
442 885 74
443 886 78
443 887 49
444 888 15
444 889 13
445 890 20
445 891 88
446 892 70
446 893 80
447 894 89
447 895 10
448 896 56
448 897 25
449 898 76
449 899 96
450 900 58
450 901 88
451 902 27
451 903 50
452 904 1
452 905 87
453 906 61
453 907 81
454 908 26
454 909 21
455 910 87
455 911 82
456 912 55
456 913 81
457 914 17
457 915 41
458 916 95
458 917 14
459 918 44
459 919 7
460 920 8
460 921 44
461 922 53
461 923 48
462 924 25
462 925 94
463 926 86
463 927 33
464 928 23
464 929 38
465 930 35
465 931 51
466 932 51
466 933 72
467 934 40
467 935 75
468 936 23
468 937 89
469 938 19
469 939 65
470 940 23
470 941 48
471 942 49
471 943 60
472 944 10
472 945 45
473 946 73
473 947 26
474 948 81
474 949 42
475 950 90
475 951 21
476 952 31
476 953 4
477 954 42
477 955 13
478 956 69
478 957 68
479 958 44
479 959 88
480 960 6
480 961 6
481 962 6
481 963 12
482 964 2
482 965 40
483 966 23
483 967 52
484 968 14
484 969 32
485 970 60
485 971 95
486 972 40
486 973 39
487 974 37
487 975 48
488 976 43
488 977 90
489 978 12
489 979 69
490 980 13
490 981 75
491 982 44
491 983 44
492 984 14
492 985 37
493 986 50
493 987 61
494 988 92
494 989 20
495 990 10
495 991 10
496 992 79
496 993 38
497 994 81
497 995 56
498 996 99
498 997 4
499 998 29
499 999 37
500 1000 63
500 1001 31
501 1002 56
501 1003 53
502 1004 61
502 1005 39
503 1006 87
503 1007 20
504 1008 24
504 1009 82
505 1010 8
505 1011 89
506 1012 68
506 1013 43
507 1014 61
507 1015 4
508 1016 39
508 1017 95
509 1018 84
509 1019 86
510 1020 4
510 1021 66
511 1022 37
511 1023 62
512 1024 43
512 1025 62
513 1026 93
513 1027 12
514 1028 69
514 1029 99
515 1030 67
515 1031 24
516 1032 62
516 1033 94
517 1034 82
517 1035 44
518 1036 51
518 1037 20
519 1038 64
519 1039 12
520 1040 98
520 1041 86
521 1042 87
521 1043 44
522 1044 22
522 1045 15
523 1046 82
523 1047 38
524 1048 39
524 1049 91
525 1050 67
525 1051 62
526 1052 60
526 1053 20
527 1054 45
527 1055 72
528 1056 88
528 1057 31
529 1058 13
529 1059 26
530 1060 67
530 1061 19
531 1062 98
531 1063 83
532 1064 9
532 1065 93
533 1066 26
533 1067 3
534 1068 17
534 1069 65
535 1070 21
535 1071 33
536 1072 70
536 1073 37
537 1074 24
537 1075 43
538 1076 32
538 1077 96
539 1078 10
539 1079 49
540 1080 21
540 1081 4
541 1082 47
541 1083 5
542 1084 91
542 1085 41
543 1086 81
543 1087 18
544 1088 9
544 1089 69
545 1090 39
545 1091 79
546 1092 78
546 1093 22
547 1094 48
547 1095 8
548 1096 7
548 1097 37
549 1098 52
549 1099 57
550 1100 24
550 1101 32
551 1102 51
551 1103 68
552 1104 39
552 1105 34
553 1106 25
553 1107 46
554 1108 3
554 1109 70
555 1110 73
555 1111 33
556 1112 39
556 1113 92
557 1114 17
557 1115 39
558 1116 46
558 1117 95
559 1118 92
559 1119 35
560 1120 44
560 1121 12
561 1122 19
561 1123 2
562 1124 13
562 1125 28
563 1126 29
563 1127 84
564 1128 54
564 1129 85
565 1130 40
565 1131 48
566 1132 22
566 1133 2
567 1134 14
567 1135 10
568 1136 19
568 1137 61
569 1138 89
569 1139 63
570 1140 31
570 1141 81
571 1142 47
571 1143 43
572 1144 61
572 1145 59
573 1146 2
573 1147 72
574 1148 30
574 1149 47
575 1150 27
575 1151 19
576 1152 90
576 1153 36
577 1154 71
577 1155 56
578 1156 79
578 1157 1
579 1158 25
579 1159 95
580 1160 56
580 1161 96
581 1162 100
581 1163 54
582 1164 8
582 1165 58
583 1166 37
583 1167 63
584 1168 10
584 1169 58
585 1170 26
585 1171 83
586 1172 2
586 1173 42
587 1174 49
587 1175 76
588 1176 20
588 1177 80
589 1178 43
589 1179 53
590 1180 15
590 1181 49
591 1182 100
591 1183 46
592 1184 23
592 1185 70
593 1186 43
593 1187 6
594 1188 38
594 1189 29
595 1190 84
595 1191 36
596 1192 11
596 1193 99
597 1194 11
597 1195 98
598 1196 20
598 1197 74
599 1198 40
599 1199 100
600 1200 6
600 1201 2
601 1202 77
601 1203 49
602 1204 62
602 1205 13
603 1206 65
603 1207 29
604 1208 82
604 1209 84
605 1210 90
605 1211 70
606 1212 80
606 1213 16
607 1214 55
607 1215 95
608 1216 19
608 1217 56
609 1218 43
609 1219 9
610 1220 69
610 1221 58
611 1222 11
611 1223 90
612 1224 73
612 1225 57
613 1226 80
613 1227 73
614 1228 16
614 1229 32
615 1230 73
615 1231 72
616 1232 15
616 1233 55
617 1234 27
617 1235 65
618 1236 54
618 1237 42
619 1238 38
619 1239 16
620 1240 29
620 1241 52
621 1242 14
621 1243 51
622 1244 52
622 1245 89
623 1246 85
623 1247 14
624 1248 37
624 1249 87
625 1250 37
625 1251 1
626 1252 35
626 1253 74
627 1254 37
627 1255 24
628 1256 87
628 1257 27
629 1258 36
629 1259 89
630 1260 44
630 1261 88
631 1262 66
631 1263 26
632 1264 85
632 1265 77
633 1266 96
633 1267 99
634 1268 95
634 1269 99
635 1270 41
635 1271 33
636 1272 99
636 1273 45
637 1274 91
637 1275 18
638 1276 74
638 1277 44
639 1278 13
639 1279 18
640 1280 97
640 1281 5
641 1282 53
641 1283 91
642 1284 51
642 1285 100
643 1286 4
643 1287 13
644 1288 53
644 1289 74
645 1290 89
645 1291 30
646 1292 90
646 1293 51
647 1294 51
647 1295 82
648 1296 26
648 1297 1
649 1298 28
649 1299 95
650 1300 60
650 1301 35
651 1302 98
651 1303 43
652 1304 71
652 1305 64
653 1306 94
653 1307 43
654 1308 8
654 1309 12
655 1310 26
655 1311 59
656 1312 75
656 1313 26
657 1314 69
657 1315 26
658 1316 16
658 1317 58
659 1318 76
659 1319 17
660 1320 88
660 1321 63
661 1322 21
661 1323 61
662 1324 21
662 1325 44
663 1326 96
663 1327 35
664 1328 64
664 1329 14
665 1330 88
665 1331 67
666 1332 27
666 1333 82
667 1334 14
667 1335 67
668 1336 25
668 1337 23
669 1338 77
669 1339 20
670 1340 35
670 1341 26
671 1342 43
671 1343 67
672 1344 21
672 1345 15
673 1346 86
673 1347 87
674 1348 82
674 1349 49
675 1350 43
675 1351 5
676 1352 81
676 1353 9
677 1354 47
677 1355 98
678 1356 94
678 1357 64
679 1358 94
679 1359 77
680 1360 78
680 1361 18
681 1362 13
681 1363 71
682 1364 38
682 1365 1
683 1366 99
683 1367 94
684 1368 93
684 1369 26
685 1370 17
685 1371 16
686 1372 65
686 1373 12
687 1374 67
687 1375 49
688 1376 43
688 1377 41
689 1378 34
689 1379 4
690 1380 89
690 1381 94
691 1382 37
691 1383 86
692 1384 69
692 1385 39
693 1386 13
693 1387 5
694 1388 95
694 1389 66
695 1390 41
695 1391 100
696 1392 98
696 1393 91
697 1394 13
697 1395 32
698 1396 84
698 1397 23
699 1398 89
699 1399 14
700 1400 40
700 1401 75
701 1402 13
701 1403 44
702 1404 66
702 1405 67
703 1406 97
703 1407 58
704 1408 23
704 1409 95
705 1410 83
705 1411 47
706 1412 34
706 1413 2
707 1414 30
707 1415 100
708 1416 29
708 1417 84
709 1418 79
709 1419 72
710 1420 29
710 1421 53
711 1422 20
711 1423 53
712 1424 92
712 1425 95
713 1426 9
713 1427 27
714 1428 7
714 1429 49
715 1430 15
715 1431 5
716 1432 90
716 1433 3
717 1434 10
717 1435 75
718 1436 72
718 1437 13
719 1438 14
719 1439 12
720 1440 49
720 1441 84
721 1442 86
721 1443 90
722 1444 85
722 1445 53
723 1446 4
723 1447 12
724 1448 49
724 1449 28
725 1450 51
725 1451 91
726 1452 19
726 1453 42
727 1454 68
727 1455 40
728 1456 53
728 1457 71
729 1458 19
729 1459 72
730 1460 31
730 1461 39
731 1462 21
731 1463 80
732 1464 68
732 1465 64
733 1466 29
733 1467 56
734 1468 95
734 1469 93
735 1470 12
735 1471 52
736 1472 47
736 1473 13
737 1474 42
737 1475 29
738 1476 4
738 1477 33
739 1478 2
739 1479 44
740 1480 66
740 1481 100
741 1482 8
741 1483 8
742 1484 22
742 1485 82
743 1486 56
743 1487 62
744 1488 8
744 1489 100
745 1490 84
745 1491 47
746 1492 41
746 1493 79
747 1494 35
747 1495 52
748 1496 24
748 1497 82
749 1498 61
749 1499 16
750 1500 83
750 1501 64
751 1502 34
751 1503 12
752 1504 70
752 1505 67
753 1506 40
753 1507 41
754 1508 41
754 1509 90
755 1510 30
755 1511 62
756 1512 96
756 1513 9
757 1514 97
757 1515 86
758 1516 81
758 1517 48
759 1518 16
759 1519 6
760 1520 87
760 1521 57
761 1522 17
761 1523 99
762 1524 33
762 1525 88
763 1526 26
763 1527 53
764 1528 40
764 1529 82
765 1530 21
765 1531 29
766 1532 85
766 1533 15
767 1534 89
767 1535 57
768 1536 92
768 1537 8
769 1538 50
769 1539 25
770 1540 37
770 1541 7
771 1542 6
771 1543 10
772 1544 27
772 1545 26
773 1546 97
773 1547 70
774 1548 17
774 1549 28
775 1550 13
775 1551 69
776 1552 39
776 1553 72
777 1554 27
777 1555 70
778 1556 83
778 1557 89
779 1558 68
779 1559 77
780 1560 65
780 1561 49
781 1562 69
781 1563 45
782 1564 55
782 1565 57
783 1566 31
783 1567 100
784 1568 70
784 1569 49
785 1570 12
785 1571 18
786 1572 83
786 1573 14
787 1574 78
787 1575 85
788 1576 85
788 1577 42
789 1578 95
789 1579 88
790 1580 86
790 1581 17
791 1582 10
791 1583 42
792 1584 88
792 1585 67
793 1586 19
793 1587 5
794 1588 37
794 1589 52
795 1590 84
795 1591 41
796 1592 97
796 1593 78
797 1594 69
797 1595 71
798 1596 52
798 1597 68
799 1598 98
799 1599 78
800 1600 55
800 1601 91
801 1602 29
801 1603 7
802 1604 10
802 1605 26
803 1606 29
803 1607 14
804 1608 31
804 1609 69
805 1610 19
805 1611 60
806 1612 43
806 1613 77
807 1614 72
807 1615 80
808 1616 86
808 1617 34
809 1618 74
809 1619 16
810 1620 55
810 1621 71
811 1622 7
811 1623 7
812 1624 57
812 1625 90
813 1626 87
813 1627 5
814 1628 17
814 1629 43
815 1630 3
815 1631 5
816 1632 100
816 1633 25
817 1634 68
817 1635 96
818 1636 87
818 1637 50
819 1638 42
819 1639 26
820 1640 62
820 1641 54
821 1642 40
821 1643 12
822 1644 10
822 1645 19
823 1646 31
823 1647 83
824 1648 28
824 1649 53
825 1650 26
825 1651 60
826 1652 75
826 1653 64
827 1654 20
827 1655 47
828 1656 48
828 1657 70
829 1658 21
829 1659 26
830 1660 98
830 1661 77
831 1662 73
831 1663 44
832 1664 49
832 1665 57
833 1666 53
833 1667 95
834 1668 77
834 1669 36
835 1670 75
835 1671 15
836 1672 70
836 1673 24
837 1674 65
837 1675 65
838 1676 81
838 1677 34
839 1678 37
839 1679 92
840 1680 43
840 1681 5
841 1682 46
841 1683 65
842 1684 65
842 1685 89
843 1686 52
843 1687 24
844 1688 98
844 1689 71
845 1690 13
845 1691 19
846 1692 59
846 1693 87
847 1694 12
847 1695 30
848 1696 38
848 1697 36
849 1698 97
849 1699 31
850 1700 89
850 1701 23
851 1702 18
851 1703 7
852 1704 31
852 1705 40
853 1706 43
853 1707 33
854 1708 4
854 1709 81
855 1710 97
855 1711 79
856 1712 7
856 1713 57
857 1714 86
857 1715 98
858 1716 44
858 1717 83
859 1718 13
859 1719 92
860 1720 21
860 1721 50
861 1722 86
861 1723 63
862 1724 92
862 1725 78
863 1726 20
863 1727 12
864 1728 79
864 1729 18
865 1730 90
865 1731 8
866 1732 43
866 1733 17
867 1734 13
867 1735 89
868 1736 10
868 1737 25
869 1738 17
869 1739 30
870 1740 62
870 1741 89
871 1742 63
871 1743 61
872 1744 6
872 1745 44
873 1746 34
873 1747 29
874 1748 9
874 1749 22
875 1750 52
875 1751 35
876 1752 10
876 1753 89
877 1754 100
877 1755 99
878 1756 27
878 1757 25
879 1758 54
879 1759 65
880 1760 93
880 1761 62
881 1762 58
881 1763 36
882 1764 37
882 1765 50
883 1766 40
883 1767 60
884 1768 93
884 1769 95
885 1770 54
885 1771 79
886 1772 34
886 1773 45
887 1774 75
887 1775 1
888 1776 28
888 1777 22
889 1778 67
889 1779 30
890 1780 10
890 1781 50
891 1782 70
891 1783 99
892 1784 9
892 1785 30
893 1786 74
893 1787 33
894 1788 60
894 1789 55
895 1790 28
895 1791 25
896 1792 97
896 1793 21
897 1794 40
897 1795 33
898 1796 73
898 1797 50
899 1798 3
899 1799 12
900 1800 77
900 1801 92
901 1802 56
901 1803 1
902 1804 55
902 1805 96
903 1806 48
903 1807 2
904 1808 12
904 1809 27
905 1810 34
905 1811 51
906 1812 82
906 1813 33
907 1814 74
907 1815 57
908 1816 64
908 1817 93
909 1818 94
909 1819 2
910 1820 35
910 1821 40
911 1822 35
911 1823 15
912 1824 86
912 1825 6
913 1826 74
913 1827 72
914 1828 56
914 1829 3
915 1830 98
915 1831 50
916 1832 41
916 1833 99
917 1834 27
917 1835 63
918 1836 23
918 1837 36
919 1838 34
919 1839 95
920 1840 34
920 1841 76
921 1842 44
921 1843 94
922 1844 99
922 1845 86
923 1846 77
923 1847 90
924 1848 30
924 1849 24
925 1850 11
925 1851 77
926 1852 56
926 1853 64
927 1854 14
927 1855 32
928 1856 84
928 1857 53
929 1858 61
929 1859 34
930 1860 34
930 1861 79
931 1862 52
931 1863 59
932 1864 67
932 1865 2
933 1866 85
933 1867 83
934 1868 19
934 1869 25
935 1870 68
935 1871 62
936 1872 8
936 1873 59
937 1874 20
937 1875 94
938 1876 96
938 1877 38
939 1878 93
939 1879 86
940 1880 89
940 1881 60
941 1882 78
941 1883 55
942 1884 3
942 1885 67
943 1886 100
943 1887 46
944 1888 38
944 1889 73
945 1890 16
945 1891 66
946 1892 62
946 1893 62
947 1894 74
947 1895 92
948 1896 64
948 1897 58
949 1898 69
949 1899 52
950 1900 31
950 1901 41
951 1902 65
951 1903 92
952 1904 21
952 1905 44
953 1906 97
953 1907 92
954 1908 59
954 1909 61
955 1910 10
955 1911 19
956 1912 67
956 1913 17
957 1914 72
957 1915 93
958 1916 60
958 1917 20
959 1918 9
959 1919 63
960 1920 70
960 1921 7
961 1922 2
961 1923 84
962 1924 79
962 1925 63
963 1926 66
963 1927 56
964 1928 55
964 1929 56
965 1930 51
965 1931 75
966 1932 79
966 1933 71
967 1934 24
967 1935 12
968 1936 73
968 1937 82
969 1938 6
969 1939 53
970 1940 35
970 1941 65
971 1942 54
971 1943 93
972 1944 91
972 1945 43
973 1946 15
973 1947 42
974 1948 6
974 1949 72
975 1950 42
975 1951 38
976 1952 15
976 1953 45
977 1954 5
977 1955 15
978 1956 18
978 1957 96
979 1958 85
979 1959 35
980 1960 87
980 1961 82
981 1962 35
981 1963 89
982 1964 97
982 1965 76
983 1966 81
983 1967 36
984 1968 82
984 1969 80
985 1970 26
985 1971 28
986 1972 74
986 1973 67
987 1974 90
987 1975 61
988 1976 1
988 1977 17
989 1978 36
989 1979 36
990 1980 31
990 1981 84
991 1982 90
991 1983 84
992 1984 95
992 1985 89
993 1986 2
993 1987 30
994 1988 7
994 1989 83
995 1990 90
995 1991 93
996 1992 60
996 1993 63
997 1994 74
997 1995 35
998 1996 64
998 1997 52
999 1998 19
999 1999 67
1000 2000 63
1000 2001 36
1001 2002 18
1001 2003 95
1002 2004 79
1002 2005 85
1003 2006 41
1003 2007 56
1004 2008 1
1004 2009 5
1005 2010 74
1005 2011 81
1006 2012 100
1006 2013 75
1007 2014 18
1007 2015 69
1008 2016 84
1008 2017 92
1009 2018 91
1009 2019 26
1010 2020 67
1010 2021 25
1011 2022 41
1011 2023 9
1012 2024 19
1012 2025 24
1013 2026 60
1013 2027 97
1014 2028 69
1014 2029 5
1015 2030 48
1015 2031 13
1016 2032 76
1016 2033 81
1017 2034 68
1017 2035 89
1018 2036 72
1018 2037 10
1019 2038 62
1019 2039 98
1020 2040 35
1020 2041 100
1021 2042 46
1021 2043 46
1022 2044 5
1022 2045 98
1023 2046 19
1023 2047 22
1024 2048 100
1024 2049 9
1025 2050 44
1025 2051 55
1026 2052 84
1026 2053 51
1027 2054 90
1027 2055 27
1028 2056 18
1028 2057 84
1029 2058 59
1029 2059 89
1030 2060 96
1030 2061 1
1031 2062 14
1031 2063 4
1032 2064 52
1032 2065 13
1033 2066 72
1033 2067 33
1034 2068 3
1034 2069 79
1035 2070 94
1035 2071 93
1036 2072 86
1036 2073 54
1037 2074 32
1037 2075 75
1038 2076 89
1038 2077 98
1039 2078 86
1039 2079 33
1040 2080 11
1040 2081 29
1041 2082 83
1041 2083 3
1042 2084 19
1042 2085 84
1043 2086 30
1043 2087 59
1044 2088 40
1044 2089 99
1045 2090 32
1045 2091 17
1046 2092 67
1046 2093 8
1047 2094 39
1047 2095 46
1048 2096 73
1048 2097 12
1049 2098 46
1049 2099 42
1050 2100 31
1050 2101 40
1051 2102 21
1051 2103 36
1052 2104 2
1052 2105 40
1053 2106 28
1053 2107 96
1054 2108 89
1054 2109 42
1055 2110 72
1055 2111 63
1056 2112 44
1056 2113 77
1057 2114 77
1057 2115 41
1058 2116 97
1058 2117 65
1059 2118 48
1059 2119 14
1060 2120 61
1060 2121 64
1061 2122 31
1061 2123 7
1062 2124 72
1062 2125 32
1063 2126 26
1063 2127 8
1064 2128 99
1064 2129 26
1065 2130 64
1065 2131 25
1066 2132 5
1066 2133 79
1067 2134 50
1067 2135 99
1068 2136 65
1068 2137 4
1069 2138 17
1069 2139 9
1070 2140 59
1070 2141 80
1071 2142 60
1071 2143 11
1072 2144 7
1072 2145 14
1073 2146 10
1073 2147 19
1074 2148 22
1074 2149 27
1075 2150 87
1075 2151 43
1076 2152 72
1076 2153 59
1077 2154 6
1077 2155 61
1078 2156 63
1078 2157 89
1079 2158 3
1079 2159 85
1080 2160 73
1080 2161 34
1081 2162 43
1081 2163 29
1082 2164 55
1082 2165 75
1083 2166 35
1083 2167 57
1084 2168 20
1084 2169 61
1085 2170 18
1085 2171 14
1086 2172 97
1086 2173 21
1087 2174 31
1087 2175 25
1088 2176 59
1088 2177 7
1089 2178 46
1089 2179 30
1090 2180 67
1090 2181 14
1091 2182 87
1091 2183 62
1092 2184 62
1092 2185 45
1093 2186 99
1093 2187 85
1094 2188 24
1094 2189 35
1095 2190 89
1095 2191 95
1096 2192 69
1096 2193 91
1097 2194 82
1097 2195 35
1098 2196 4
1098 2197 80
1099 2198 98
1099 2199 67
1100 2200 84
1100 2201 56
1101 2202 77
1101 2203 7
1102 2204 38
1102 2205 22
1103 2206 1
1103 2207 89
1104 2208 96
1104 2209 25
1105 2210 17
1105 2211 54
1106 2212 35
1106 2213 28
1107 2214 23
1107 2215 70
1108 2216 72
1108 2217 23
1109 2218 69
1109 2219 60
1110 2220 87
1110 2221 83
1111 2222 4
1111 2223 5
1112 2224 37
1112 2225 58
1113 2226 4
1113 2227 70
1114 2228 1
1114 2229 38
1115 2230 1
1115 2231 54
1116 2232 67
1116 2233 30
1117 2234 2
1117 2235 16
1118 2236 43
1118 2237 19
1119 2238 99
1119 2239 27
1120 2240 84
1120 2241 59
1121 2242 50
1121 2243 27
1122 2244 7
1122 2245 100
1123 2246 72
1123 2247 98
1124 2248 27
1124 2249 67
1125 2250 45
1125 2251 56
1126 2252 3
1126 2253 52
1127 2254 10
1127 2255 19
1128 2256 8
1128 2257 35
1129 2258 11
1129 2259 3
1130 2260 51
1130 2261 8
1131 2262 56
1131 2263 57
1132 2264 37
1132 2265 36
1133 2266 93
1133 2267 39
1134 2268 62
1134 2269 34
1135 2270 76
1135 2271 93
1136 2272 51
1136 2273 69
1137 2274 69
1137 2275 96
1138 2276 29
1138 2277 74
1139 2278 83
1139 2279 55
1140 2280 48
1140 2281 60
1141 2282 28
1141 2283 58
1142 2284 78
1142 2285 48
1143 2286 23
1143 2287 41
1144 2288 74
1144 2289 61
1145 2290 43
1145 2291 39
1146 2292 34
1146 2293 52
1147 2294 14
1147 2295 81
1148 2296 54
1148 2297 68
1149 2298 41
1149 2299 1
1150 2300 64
1150 2301 37
1151 2302 90
1151 2303 49
1152 2304 7
1152 2305 7
1153 2306 83
1153 2307 12
1154 2308 96
1154 2309 55
1155 2310 57
1155 2311 83
1156 2312 6
1156 2313 44
1157 2314 61
1157 2315 86
1158 2316 76
1158 2317 4
1159 2318 93
1159 2319 14
1160 2320 34
1160 2321 66
1161 2322 77
1161 2323 49
1162 2324 88
1162 2325 1
1163 2326 62
1163 2327 40
1164 2328 41
1164 2329 47
1165 2330 24
1165 2331 7
1166 2332 57
1166 2333 16
1167 2334 99
1167 2335 58
1168 2336 13
1168 2337 82
1169 2338 54
1169 2339 81
1170 2340 59
1170 2341 48
1171 2342 88
1171 2343 38
1172 2344 91
1172 2345 2
1173 2346 90
1173 2347 27
1174 2348 12
1174 2349 13
1175 2350 16
1175 2351 94
1176 2352 34
1176 2353 35
1177 2354 55
1177 2355 69
1178 2356 35
1178 2357 63
1179 2358 61
1179 2359 16
1180 2360 40
1180 2361 59
1181 2362 25
1181 2363 12
1182 2364 79
1182 2365 58
1183 2366 93
1183 2367 41
1184 2368 17
1184 2369 18
1185 2370 60
1185 2371 17
1186 2372 58
1186 2373 27
1187 2374 56
1187 2375 60
1188 2376 54
1188 2377 88
1189 2378 95
1189 2379 64
1190 2380 52
1190 2381 79
1191 2382 15
1191 2383 13
1192 2384 78
1192 2385 7
1193 2386 76
1193 2387 39
1194 2388 34
1194 2389 33
1195 2390 99
1195 2391 7
1196 2392 4
1196 2393 23
1197 2394 41
1197 2395 6
1198 2396 56
1198 2397 47
1199 2398 1
1199 2399 86
1200 2400 44
1200 2401 51
1201 2402 38
1201 2403 88
1202 2404 32
1202 2405 19
1203 2406 58
1203 2407 52
1204 2408 41
1204 2409 65
1205 2410 33
1205 2411 32
1206 2412 78
1206 2413 73
1207 2414 19
1207 2415 32
1208 2416 28
1208 2417 64
1209 2418 10
1209 2419 71
1210 2420 35
1210 2421 2
1211 2422 99
1211 2423 95
1212 2424 19
1212 2425 75
1213 2426 7
1213 2427 97
1214 2428 72
1214 2429 92
1215 2430 22
1215 2431 19
1216 2432 9
1216 2433 34
1217 2434 68
1217 2435 4
1218 2436 64
1218 2437 4
1219 2438 45
1219 2439 23
1220 2440 25
1220 2441 73
1221 2442 34
1221 2443 81
1222 2444 29
1222 2445 74
1223 2446 5
1223 2447 50
1224 2448 41
1224 2449 44
1225 2450 21
1225 2451 91
1226 2452 73
1226 2453 62
1227 2454 32
1227 2455 67
1228 2456 61
1228 2457 55
1229 2458 82
1229 2459 43
1230 2460 16
1230 2461 46
1231 2462 40
1231 2463 78
1232 2464 87
1232 2465 99
1233 2466 11
1233 2467 49
1234 2468 28
1234 2469 86
1235 2470 100
1235 2471 50
1236 2472 66
1236 2473 82
1237 2474 13
1237 2475 29
1238 2476 75
1238 2477 28
1239 2478 32
1239 2479 81
1240 2480 50
1240 2481 94
1241 2482 99
1241 2483 5
1242 2484 76
1242 2485 71
1243 2486 20
1243 2487 70
1244 2488 37
1244 2489 49
1245 2490 10
1245 2491 45
1246 2492 39
1246 2493 42
1247 2494 27
1247 2495 18
1248 2496 67
1248 2497 71
1249 2498 50
1249 2499 92
1250 2500 48
1250 2501 55
1251 2502 57
1251 2503 16
1252 2504 37
1252 2505 68
1253 2506 43
1253 2507 40
1254 2508 22
1254 2509 50
1255 2510 52
1255 2511 26
1256 2512 76
1256 2513 16
1257 2514 30
1257 2515 43
1258 2516 48
1258 2517 70
1259 2518 74
1259 2519 82
1260 2520 40
1260 2521 12
1261 2522 27
1261 2523 58
1262 2524 94
1262 2525 7
1263 2526 75
1263 2527 12
1264 2528 43
1264 2529 90
1265 2530 64
1265 2531 50
1266 2532 7
1266 2533 15
1267 2534 50
1267 2535 34
1268 2536 71
1268 2537 31
1269 2538 76
1269 2539 13
1270 2540 37
1270 2541 97
1271 2542 15
1271 2543 75
1272 2544 63
1272 2545 2
1273 2546 11
1273 2547 52
1274 2548 27
1274 2549 68
1275 2550 92
1275 2551 62
1276 2552 55
1276 2553 31
1277 2554 54
1277 2555 96
1278 2556 49
1278 2557 1
1279 2558 55
1279 2559 38
1280 2560 33
1280 2561 48
1281 2562 55
1281 2563 38
1282 2564 69
1282 2565 100
1283 2566 68
1283 2567 71
1284 2568 62
1284 2569 80
1285 2570 78
1285 2571 82
1286 2572 88
1286 2573 48
1287 2574 88
1287 2575 15
1288 2576 67
1288 2577 66
1289 2578 78
1289 2579 14
1290 2580 88
1290 2581 1
1291 2582 35
1291 2583 11
1292 2584 70
1292 2585 44
1293 2586 42
1293 2587 78
1294 2588 89
1294 2589 22
1295 2590 2
1295 2591 26
1296 2592 9
1296 2593 18
1297 2594 76
1297 2595 1
1298 2596 48
1298 2597 71
1299 2598 97
1299 2599 27
1300 2600 63
1300 2601 89
1301 2602 6
1301 2603 94
1302 2604 39
1302 2605 3
1303 2606 81
1303 2607 84
1304 2608 29
1304 2609 67
1305 2610 1
1305 2611 67
1306 2612 49
1306 2613 95
1307 2614 45
1307 2615 9
1308 2616 62
1308 2617 34
1309 2618 68
1309 2619 64
1310 2620 62
1310 2621 7
1311 2622 78
1311 2623 27
1312 2624 88
1312 2625 100
1313 2626 91
1313 2627 92
1314 2628 31
1314 2629 15
1315 2630 83
1315 2631 82
1316 2632 55
1316 2633 98
1317 2634 74
1317 2635 40
1318 2636 55
1318 2637 32
1319 2638 25
1319 2639 36
1320 2640 34
1320 2641 96
1321 2642 93
1321 2643 86
1322 2644 37
1322 2645 89
1323 2646 79
1323 2647 66
1324 2648 25
1324 2649 7
1325 2650 72
1325 2651 84
1326 2652 85
1326 2653 5
1327 2654 45
1327 2655 4
1328 2656 69
1328 2657 70
1329 2658 10
1329 2659 61
1330 2660 73
1330 2661 29
1331 2662 24
1331 2663 68
1332 2664 29
1332 2665 90
1333 2666 24
1333 2667 71
1334 2668 80
1334 2669 74
1335 2670 29
1335 2671 5
1336 2672 47
1336 2673 20
1337 2674 50
1337 2675 80
1338 2676 70
1338 2677 48
1339 2678 82
1339 2679 6
1340 2680 17
1340 2681 88
1341 2682 70
1341 2683 22
1342 2684 67
1342 2685 58
1343 2686 64
1343 2687 98
1344 2688 93
1344 2689 52
1345 2690 29
1345 2691 63
1346 2692 50
1346 2693 53
1347 2694 74
1347 2695 68
1348 2696 98
1348 2697 52
1349 2698 65
1349 2699 95
1350 2700 93
1350 2701 32
1351 2702 57
1351 2703 100
1352 2704 82
1352 2705 20
1353 2706 96
1353 2707 55
1354 2708 46
1354 2709 25
1355 2710 59
1355 2711 1
1356 2712 31
1356 2713 30
1357 2714 65
1357 2715 81
1358 2716 83
1358 2717 92
1359 2718 22
1359 2719 27
1360 2720 40
1360 2721 81
1361 2722 26
1361 2723 7
1362 2724 5
1362 2725 34
1363 2726 15
1363 2727 90
1364 2728 29
1364 2729 56
1365 2730 18
1365 2731 43
1366 2732 87
1366 2733 69
1367 2734 11
1367 2735 10
1368 2736 26
1368 2737 10
1369 2738 66
1369 2739 75
1370 2740 13
1370 2741 14
1371 2742 67
1371 2743 41
1372 2744 44
1372 2745 84
1373 2746 81
1373 2747 84
1374 2748 90
1374 2749 68
1375 2750 90
1375 2751 63
1376 2752 42
1376 2753 89
1377 2754 48
1377 2755 14
1378 2756 88
1378 2757 64
1379 2758 13
1379 2759 1
1380 2760 10
1380 2761 50
1381 2762 43
1381 2763 84
1382 2764 48
1382 2765 76
1383 2766 63
1383 2767 12
1384 2768 89
1384 2769 96
1385 2770 1
1385 2771 49
1386 2772 4
1386 2773 44
1387 2774 22
1387 2775 74
1388 2776 47
1388 2777 18
1389 2778 98
1389 2779 48
1390 2780 56
1390 2781 62
1391 2782 99
1391 2783 37
1392 2784 23
1392 2785 77
1393 2786 53
1393 2787 39
1394 2788 19
1394 2789 68
1395 2790 66
1395 2791 97
1396 2792 47
1396 2793 43
1397 2794 86
1397 2795 98
1398 2796 93
1398 2797 3
1399 2798 54
1399 2799 69
1400 2800 91
1400 2801 27
1401 2802 29
1401 2803 39
1402 2804 82
1402 2805 82
1403 2806 42
1403 2807 13
1404 2808 94
1404 2809 59
1405 2810 38
1405 2811 75
1406 2812 60
1406 2813 94
1407 2814 22
1407 2815 85
1408 2816 50
1408 2817 36
1409 2818 16
1409 2819 92
1410 2820 55
1410 2821 61
1411 2822 100
1411 2823 57
1412 2824 35
1412 2825 54
1413 2826 87
1413 2827 52
1414 2828 82
1414 2829 49
1415 2830 82
1415 2831 4
1416 2832 53
1416 2833 62
1417 2834 14
1417 2835 20
1418 2836 85
1418 2837 25
1419 2838 34
1419 2839 63
1420 2840 94
1420 2841 8
1421 2842 57
1421 2843 8
1422 2844 60
1422 2845 82
1423 2846 85
1423 2847 36
1424 2848 24
1424 2849 3
1425 2850 81
1425 2851 54
1426 2852 86
1426 2853 41
1427 2854 24
1427 2855 41
1428 2856 27
1428 2857 6
1429 2858 34
1429 2859 43
1430 2860 45
1430 2861 47
1431 2862 100
1431 2863 58
1432 2864 69
1432 2865 10
1433 2866 32
1433 2867 36
1434 2868 78
1434 2869 49
1435 2870 18
1435 2871 99
1436 2872 91
1436 2873 73
1437 2874 39
1437 2875 17
1438 2876 27
1438 2877 48
1439 2878 24
1439 2879 15
1440 2880 31
1440 2881 36
1441 2882 74
1441 2883 12
1442 2884 68
1442 2885 24
1443 2886 27
1443 2887 37
1444 2888 98
1444 2889 28
1445 2890 27
1445 2891 95
1446 2892 17
1446 2893 74
1447 2894 66
1447 2895 33
1448 2896 40
1448 2897 19
1449 2898 15
1449 2899 55
1450 2900 8
1450 2901 4
1451 2902 29
1451 2903 15
1452 2904 11
1452 2905 37
1453 2906 28
1453 2907 33
1454 2908 91
1454 2909 22
1455 2910 35
1455 2911 4
1456 2912 76
1456 2913 64
1457 2914 56
1457 2915 39
1458 2916 42
1458 2917 80
1459 2918 33
1459 2919 98
1460 2920 48
1460 2921 100
1461 2922 88
1461 2923 34
1462 2924 15
1462 2925 96
1463 2926 24
1463 2927 67
1464 2928 93
1464 2929 28
1465 2930 30
1465 2931 90
1466 2932 34
1466 2933 58
1467 2934 15
1467 2935 60
1468 2936 28
1468 2937 35
1469 2938 26
1469 2939 23
1470 2940 99
1470 2941 77
1471 2942 22
1471 2943 19
1472 2944 57
1472 2945 18
1473 2946 98
1473 2947 94
1474 2948 86
1474 2949 24
1475 2950 43
1475 2951 16
1476 2952 33
1476 2953 57
1477 2954 2
1477 2955 73
1478 2956 94
1478 2957 91
1479 2958 41
1479 2959 79
1480 2960 19
1480 2961 23
1481 2962 70
1481 2963 39
1482 2964 82
1482 2965 11
1483 2966 1
1483 2967 99
1484 2968 26
1484 2969 52
1485 2970 27
1485 2971 24
1486 2972 66
1486 2973 34
1487 2974 46
1487 2975 84
1488 2976 41
1488 2977 78
1489 2978 38
1489 2979 46
1490 2980 57
1490 2981 24
1491 2982 73
1491 2983 66
1492 2984 31
1492 2985 67
1493 2986 42
1493 2987 24
1494 2988 56
1494 2989 29
1495 2990 62
1495 2991 13
1496 2992 75
1496 2993 20
1497 2994 52
1497 2995 30
1498 2996 74
1498 2997 47
1499 2998 31
1499 2999 9
1500 3000 92
1500 3001 69
1501 3002 82
1501 3003 48
1502 3004 51
1502 3005 36
1503 3006 13
1503 3007 65
1504 3008 13
1504 3009 71
1505 3010 85
1505 3011 50
1506 3012 26
1506 3013 4
1507 3014 63
1507 3015 81
1508 3016 2
1508 3017 35
1509 3018 19
1509 3019 48
1510 3020 74
1510 3021 8
1511 3022 32
1511 3023 6
1512 3024 12
1512 3025 93
1513 3026 31
1513 3027 16
1514 3028 63
1514 3029 44
1515 3030 7
1515 3031 65
1516 3032 59
1516 3033 35
1517 3034 71
1517 3035 69
1518 3036 96
1518 3037 63
1519 3038 85
1519 3039 59
1520 3040 72
1520 3041 55
1521 3042 52
1521 3043 10
1522 3044 56
1522 3045 13
1523 3046 15
1523 3047 48
1524 3048 43
1524 3049 11
1525 3050 15
1525 3051 39
1526 3052 1
1526 3053 29
1527 3054 31
1527 3055 2
1528 3056 13
1528 3057 24
1529 3058 90
1529 3059 60
1530 3060 10
1530 3061 63
1531 3062 14
1531 3063 25
1532 3064 15
1532 3065 2
1533 3066 74
1533 3067 14
1534 3068 97
1534 3069 97
1535 3070 13
1535 3071 49
1536 3072 51
1536 3073 86
1537 3074 18
1537 3075 62
1538 3076 15
1538 3077 23
1539 3078 45
1539 3079 71
1540 3080 24
1540 3081 8
1541 3082 33
1541 3083 58
1542 3084 19
1542 3085 9
1543 3086 78
1543 3087 24
1544 3088 42
1544 3089 44
1545 3090 22
1545 3091 40
1546 3092 18
1546 3093 83
1547 3094 58
1547 3095 38
1548 3096 19
1548 3097 9
1549 3098 43
1549 3099 67
1550 3100 65
1550 3101 29
1551 3102 26
1551 3103 61
1552 3104 91
1552 3105 78
1553 3106 2
1553 3107 54
1554 3108 25
1554 3109 62
1555 3110 24
1555 3111 10
1556 3112 57
1556 3113 79
1557 3114 66
1557 3115 41
1558 3116 98
1558 3117 27
1559 3118 47
1559 3119 3
1560 3120 85
1560 3121 22
1561 3122 53
1561 3123 52
1562 3124 72
1562 3125 21
1563 3126 100
1563 3127 76
1564 3128 79
1564 3129 17
1565 3130 92
1565 3131 63
1566 3132 57
1566 3133 13
1567 3134 74
1567 3135 26
1568 3136 89
1568 3137 51
1569 3138 90
1569 3139 84
1570 3140 43
1570 3141 5
1571 3142 29
1571 3143 40
1572 3144 82
1572 3145 9
1573 3146 46
1573 3147 13
1574 3148 49
1574 3149 4
1575 3150 13
1575 3151 24
1576 3152 80
1576 3153 86
1577 3154 8
1577 3155 33
1578 3156 49
1578 3157 59
1579 3158 84
1579 3159 90
1580 3160 27
1580 3161 30
1581 3162 61
1581 3163 49
1582 3164 3
1582 3165 54
1583 3166 55
1583 3167 32
1584 3168 15
1584 3169 40
1585 3170 57
1585 3171 28
1586 3172 24
1586 3173 13
1587 3174 90
1587 3175 32
1588 3176 1
1588 3177 86
1589 3178 14
1589 3179 29
1590 3180 63
1590 3181 76
1591 3182 4
1591 3183 6
1592 3184 21
1592 3185 65
1593 3186 26
1593 3187 65
1594 3188 2
1594 3189 78
1595 3190 22
1595 3191 47
1596 3192 58
1596 3193 74
1597 3194 23
1597 3195 63
1598 3196 10
1598 3197 24
1599 3198 95
1599 3199 12
1600 3200 33
1600 3201 65
1601 3202 84
1601 3203 72
1602 3204 73
1602 3205 24
1603 3206 5
1603 3207 3
1604 3208 64
1604 3209 69
1605 3210 6
1605 3211 69
1606 3212 33
1606 3213 53
1607 3214 36
1607 3215 10
1608 3216 2
1608 3217 28
1609 3218 71
1609 3219 68
1610 3220 43
1610 3221 69
1611 3222 7
1611 3223 89
1612 3224 48
1612 3225 96
1613 3226 9
1613 3227 54
1614 3228 98
1614 3229 8
1615 3230 91
1615 3231 10
1616 3232 91
1616 3233 8
1617 3234 44
1617 3235 1
1618 3236 52
1618 3237 87
1619 3238 90
1619 3239 62
1620 3240 11
1620 3241 74
1621 3242 69
1621 3243 34
1622 3244 48
1622 3245 68
1623 3246 69
1623 3247 89
1624 3248 46
1624 3249 100
1625 3250 53
1625 3251 13
1626 3252 82
1626 3253 58
1627 3254 33
1627 3255 18
1628 3256 48
1628 3257 62
1629 3258 63
1629 3259 19
1630 3260 14
1630 3261 62
1631 3262 16
1631 3263 2
1632 3264 72
1632 3265 70
1633 3266 76
1633 3267 36
1634 3268 10
1634 3269 70
1635 3270 18
1635 3271 21
1636 3272 80
1636 3273 91
1637 3274 55
1637 3275 15
1638 3276 19
1638 3277 43
1639 3278 75
1639 3279 79
1640 3280 80
1640 3281 91
1641 3282 56
1641 3283 17
1642 3284 34
1642 3285 21
1643 3286 94
1643 3287 81
1644 3288 52
1644 3289 41
1645 3290 89
1645 3291 36
1646 3292 67
1646 3293 24
1647 3294 32
1647 3295 38
1648 3296 23
1648 3297 9
1649 3298 91
1649 3299 52
1650 3300 50
1650 3301 66
1651 3302 12
1651 3303 76
1652 3304 60
1652 3305 54
1653 3306 55
1653 3307 14
1654 3308 55
1654 3309 30
1655 3310 46
1655 3311 5
1656 3312 29
1656 3313 1
1657 3314 34
1657 3315 75
1658 3316 14
1658 3317 6
1659 3318 71
1659 3319 33
1660 3320 52
1660 3321 67
1661 3322 36
1661 3323 49
1662 3324 66
1662 3325 2
1663 3326 27
1663 3327 47
1664 3328 75
1664 3329 26
1665 3330 6
1665 3331 37
1666 3332 56
1666 3333 43
1667 3334 48
1667 3335 16
1668 3336 97
1668 3337 38
1669 3338 98
1669 3339 60
1670 3340 8
1670 3341 49
1671 3342 63
1671 3343 25
1672 3344 37
1672 3345 86
1673 3346 33
1673 3347 43
1674 3348 79
1674 3349 5
1675 3350 55
1675 3351 6
1676 3352 52
1676 3353 20
1677 3354 34
1677 3355 55
1678 3356 10
1678 3357 93
1679 3358 8
1679 3359 6
1680 3360 9
1680 3361 58
1681 3362 85
1681 3363 5
1682 3364 80
1682 3365 64
1683 3366 12
1683 3367 39
1684 3368 23
1684 3369 55
1685 3370 33
1685 3371 26
1686 3372 14
1686 3373 88
1687 3374 86
1687 3375 74
1688 3376 16
1688 3377 4
1689 3378 27
1689 3379 47
1690 3380 45
1690 3381 41
1691 3382 69
1691 3383 20
1692 3384 97
1692 3385 70
1693 3386 78
1693 3387 68
1694 3388 100
1694 3389 94
1695 3390 52
1695 3391 41
1696 3392 45
1696 3393 23
1697 3394 1
1697 3395 61
1698 3396 7
1698 3397 89
1699 3398 12
1699 3399 56
1700 3400 39
1700 3401 49
1701 3402 63
1701 3403 8
1702 3404 61
1702 3405 37
1703 3406 61
1703 3407 37
1704 3408 29
1704 3409 73
1705 3410 34
1705 3411 99
1706 3412 54
1706 3413 66
1707 3414 30
1707 3415 1
1708 3416 93
1708 3417 40
1709 3418 73
1709 3419 12
1710 3420 28
1710 3421 75
1711 3422 48
1711 3423 12
1712 3424 33
1712 3425 7
1713 3426 90
1713 3427 81
1714 3428 66
1714 3429 59
1715 3430 86
1715 3431 92
1716 3432 77
1716 3433 91
1717 3434 21
1717 3435 39
1718 3436 12
1718 3437 40
1719 3438 90
1719 3439 84
1720 3440 8
1720 3441 52
1721 3442 81
1721 3443 24
1722 3444 10
1722 3445 65
1723 3446 83
1723 3447 94
1724 3448 33
1724 3449 19
1725 3450 99
1725 3451 43
1726 3452 56
1726 3453 50
1727 3454 33
1727 3455 28
1728 3456 35
1728 3457 67
1729 3458 15
1729 3459 84
1730 3460 29
1730 3461 96
1731 3462 37
1731 3463 79
1732 3464 16
1732 3465 4
1733 3466 58
1733 3467 89
1734 3468 86
1734 3469 65
1735 3470 47
1735 3471 44
1736 3472 86
1736 3473 31
1737 3474 1
1737 3475 36
1738 3476 86
1738 3477 43
1739 3478 31
1739 3479 24
1740 3480 69
1740 3481 34
1741 3482 26
1741 3483 42
1742 3484 63
1742 3485 32
1743 3486 55
1743 3487 68
1744 3488 83
1744 3489 9
1745 3490 22
1745 3491 37
1746 3492 1
1746 3493 96
1747 3494 35
1747 3495 50
1748 3496 70
1748 3497 7
1749 3498 60
1749 3499 86
1750 3500 94
1750 3501 10
1751 3502 48
1751 3503 96
1752 3504 8
1752 3505 36
1753 3506 82
1753 3507 6
1754 3508 90
1754 3509 10
1755 3510 41
1755 3511 39
1756 3512 59
1756 3513 48
1757 3514 88
1757 3515 7
1758 3516 99
1758 3517 39
1759 3518 68
1759 3519 100
1760 3520 29
1760 3521 62
1761 3522 49
1761 3523 27
1762 3524 52
1762 3525 47
1763 3526 10
1763 3527 54
1764 3528 34
1764 3529 92
1765 3530 62
1765 3531 89
1766 3532 87
1766 3533 2
1767 3534 41
1767 3535 79
1768 3536 62
1768 3537 42
1769 3538 58
1769 3539 49
1770 3540 64
1770 3541 26
1771 3542 37
1771 3543 93
1772 3544 84
1772 3545 48
1773 3546 32
1773 3547 83
1774 3548 37
1774 3549 46
1775 3550 78
1775 3551 36
1776 3552 44
1776 3553 20
1777 3554 53
1777 3555 40
1778 3556 18
1778 3557 83
1779 3558 89
1779 3559 10
1780 3560 48
1780 3561 80
1781 3562 6
1781 3563 13
1782 3564 73
1782 3565 10
1783 3566 4
1783 3567 17
1784 3568 65
1784 3569 30
1785 3570 53
1785 3571 98
1786 3572 10
1786 3573 79
1787 3574 80
1787 3575 1
1788 3576 32
1788 3577 87
1789 3578 94
1789 3579 93
1790 3580 90
1790 3581 53
1791 3582 64
1791 3583 29
1792 3584 64
1792 3585 97
1793 3586 20
1793 3587 48
1794 3588 44
1794 3589 24
1795 3590 98
1795 3591 48
1796 3592 62
1796 3593 92
1797 3594 4
1797 3595 31
1798 3596 25
1798 3597 42
1799 3598 85
1799 3599 14
1800 3600 68
1800 3601 36
1801 3602 50
1801 3603 53
1802 3604 67
1802 3605 42
1803 3606 29
1803 3607 74
1804 3608 21
1804 3609 80
1805 3610 51
1805 3611 12
1806 3612 57
1806 3613 42
1807 3614 88
1807 3615 17
1808 3616 43
1808 3617 14
1809 3618 74
1809 3619 56
1810 3620 79
1810 3621 52
1811 3622 56
1811 3623 90
1812 3624 90
1812 3625 4
1813 3626 40
1813 3627 96
1814 3628 86
1814 3629 83
1815 3630 51
1815 3631 49
1816 3632 38
1816 3633 33
1817 3634 67
1817 3635 88
1818 3636 19
1818 3637 11
1819 3638 54
1819 3639 90
1820 3640 84
1820 3641 62
1821 3642 39
1821 3643 61
1822 3644 29
1822 3645 1
1823 3646 37
1823 3647 40
1824 3648 4
1824 3649 10
1825 3650 82
1825 3651 54
1826 3652 59
1826 3653 81
1827 3654 69
1827 3655 97
1828 3656 5
1828 3657 94
1829 3658 76
1829 3659 96
1830 3660 77
1830 3661 67
1831 3662 62
1831 3663 85
1832 3664 38
1832 3665 3
1833 3666 26
1833 3667 56
1834 3668 75
1834 3669 39
1835 3670 23
1835 3671 98
1836 3672 64
1836 3673 42
1837 3674 57
1837 3675 45
1838 3676 83
1838 3677 37
1839 3678 32
1839 3679 35
1840 3680 54
1840 3681 17
1841 3682 16
1841 3683 37
1842 3684 6
1842 3685 73
1843 3686 64
1843 3687 23
1844 3688 89
1844 3689 3
1845 3690 1
1845 3691 19
1846 3692 59
1846 3693 90
1847 3694 10
1847 3695 96
1848 3696 40
1848 3697 60
1849 3698 53
1849 3699 1
1850 3700 84
1850 3701 55
1851 3702 83
1851 3703 26
1852 3704 23
1852 3705 77
1853 3706 24
1853 3707 96
1854 3708 57
1854 3709 62
1855 3710 4
1855 3711 22
1856 3712 74
1856 3713 44
1857 3714 58
1857 3715 71
1858 3716 100
1858 3717 5
1859 3718 96
1859 3719 50
1860 3720 39
1860 3721 31
1861 3722 40
1861 3723 20
1862 3724 93
1862 3725 29
1863 3726 58
1863 3727 47
1864 3728 47
1864 3729 45
1865 3730 88
1865 3731 49
1866 3732 27
1866 3733 36
1867 3734 69
1867 3735 96
1868 3736 7
1868 3737 3
1869 3738 53
1869 3739 16
1870 3740 78
1870 3741 95
1871 3742 68
1871 3743 79
1872 3744 71
1872 3745 23
1873 3746 93
1873 3747 15
1874 3748 72
1874 3749 3
1875 3750 17
1875 3751 59
1876 3752 91
1876 3753 39
1877 3754 21
1877 3755 6
1878 3756 80
1878 3757 66
1879 3758 72
1879 3759 8
1880 3760 99
1880 3761 22
1881 3762 25
1881 3763 18
1882 3764 39
1882 3765 84
1883 3766 50
1883 3767 47
1884 3768 36
1884 3769 15
1885 3770 29
1885 3771 10
1886 3772 77
1886 3773 14
1887 3774 91
1887 3775 33
1888 3776 43
1888 3777 38
1889 3778 89
1889 3779 70
1890 3780 72
1890 3781 88
1891 3782 23
1891 3783 8
1892 3784 14
1892 3785 16
1893 3786 81
1893 3787 19
1894 3788 92
1894 3789 33
1895 3790 43
1895 3791 87
1896 3792 36
1896 3793 42
1897 3794 68
1897 3795 69
1898 3796 80
1898 3797 33
1899 3798 100
1899 3799 99
1900 3800 74
1900 3801 26
1901 3802 45
1901 3803 50
1902 3804 58
1902 3805 26
1903 3806 75
1903 3807 43
1904 3808 2
1904 3809 14
1905 3810 42
1905 3811 5
1906 3812 65
1906 3813 66
1907 3814 7
1907 3815 18
1908 3816 83
1908 3817 31
1909 3818 14
1909 3819 32
1910 3820 7
1910 3821 68
1911 3822 77
1911 3823 1
1912 3824 55
1912 3825 37
1913 3826 92
1913 3827 29
1914 3828 93
1914 3829 46
1915 3830 56
1915 3831 2
1916 3832 24
1916 3833 19
1917 3834 97
1917 3835 52
1918 3836 24
1918 3837 11
1919 3838 37
1919 3839 42
1920 3840 1
1920 3841 77
1921 3842 19
1921 3843 48
1922 3844 95
1922 3845 57
1923 3846 35
1923 3847 88
1924 3848 3
1924 3849 70
1925 3850 36
1925 3851 56
1926 3852 43
1926 3853 52
1927 3854 14
1927 3855 3
1928 3856 51
1928 3857 71
1929 3858 11
1929 3859 3
1930 3860 43
1930 3861 73
1931 3862 79
1931 3863 78
1932 3864 65
1932 3865 92
1933 3866 32
1933 3867 18
1934 3868 5
1934 3869 36
1935 3870 43
1935 3871 77
1936 3872 43
1936 3873 10
1937 3874 88
1937 3875 39
1938 3876 4
1938 3877 28
1939 3878 16
1939 3879 40
1940 3880 50
1940 3881 36
1941 3882 33
1941 3883 88
1942 3884 22
1942 3885 8
1943 3886 67
1943 3887 96
1944 3888 83
1944 3889 8
1945 3890 27
1945 3891 40
1946 3892 80
1946 3893 16
1947 3894 97
1947 3895 80
1948 3896 90
1948 3897 100
1949 3898 58
1949 3899 30
1950 3900 25
1950 3901 64
1951 3902 24
1951 3903 91
1952 3904 19
1952 3905 26
1953 3906 24
1953 3907 33
1954 3908 72
1954 3909 65
1955 3910 20
1955 3911 86
1956 3912 22
1956 3913 76
1957 3914 75
1957 3915 18
1958 3916 10
1958 3917 87
1959 3918 47
1959 3919 77
1960 3920 13
1960 3921 82
1961 3922 66
1961 3923 46
1962 3924 35
1962 3925 34
1963 3926 92
1963 3927 46
1964 3928 11
1964 3929 13
1965 3930 74
1965 3931 7
1966 3932 14
1966 3933 93
1967 3934 78
1967 3935 34
1968 3936 80
1968 3937 31
1969 3938 18
1969 3939 59
1970 3940 23
1970 3941 55
1971 3942 85
1971 3943 73
1972 3944 29
1972 3945 16
1973 3946 83
1973 3947 46
1974 3948 32
1974 3949 63
1975 3950 60
1975 3951 8
1976 3952 60
1976 3953 80
1977 3954 20
1977 3955 10
1978 3956 72
1978 3957 97
1979 3958 84
1979 3959 95
1980 3960 40
1980 3961 57
1981 3962 92
1981 3963 100
1982 3964 89
1982 3965 74
1983 3966 47
1983 3967 1
1984 3968 78
1984 3969 66
1985 3970 20
1985 3971 96
1986 3972 74
1986 3973 72
1987 3974 32
1987 3975 44
1988 3976 84
1988 3977 84
1989 3978 65
1989 3979 55
1990 3980 93
1990 3981 3
1991 3982 83
1991 3983 73
1992 3984 28
1992 3985 85
1993 3986 80
1993 3987 14
1994 3988 45
1994 3989 55
1995 3990 60
1995 3991 20
1996 3992 2
1996 3993 27
1997 3994 9
1997 3995 50
1998 3996 95
1998 3997 57
1999 3998 80
1999 3999 88
2000 4000 86
2000 4001 36
2001 4002 54
2001 4003 67
2002 4004 98
2002 4005 7
2003 4006 32
2003 4007 2
2004 4008 38
2004 4009 46
2005 4010 29
2005 4011 75
2006 4012 51
2006 4013 7
2007 4014 94
2007 4015 89
2008 4016 85
2008 4017 5
2009 4018 28
2009 4019 32
2010 4020 90
2010 4021 24
2011 4022 44
2011 4023 67
2012 4024 51
2012 4025 74
2013 4026 56
2013 4027 29
2014 4028 6
2014 4029 73
2015 4030 92
2015 4031 35
2016 4032 55
2016 4033 43
2017 4034 80
2017 4035 32
2018 4036 80
2018 4037 5
2019 4038 80
2019 4039 75
2020 4040 41
2020 4041 31
2021 4042 19
2021 4043 16
2022 4044 64
2022 4045 76
2023 4046 10
2023 4047 4
2024 4048 17
2024 4049 96
2025 4050 66
2025 4051 20
2026 4052 65
2026 4053 56
2027 4054 59
2027 4055 29
2028 4056 62
2028 4057 98
2029 4058 72
2029 4059 54
2030 4060 17
2030 4061 56
2031 4062 2
2031 4063 26
2032 4064 93
2032 4065 73
2033 4066 92
2033 4067 89
2034 4068 73
2034 4069 66
2035 4070 6
2035 4071 100
2036 4072 75
2036 4073 57
2037 4074 22
2037 4075 20
2038 4076 49
2038 4077 16
2039 4078 41
2039 4079 70
2040 4080 87
2040 4081 30
2041 4082 64
2041 4083 68
2042 4084 89
2042 4085 89
2043 4086 25
2043 4087 11
2044 4088 9
2044 4089 4
2045 4090 51
2045 4091 66
2046 4092 37
2046 4093 74
2047 4094 46
2047 4095 10
2048 4096 8
2048 4097 84
2049 4098 73
2049 4099 70
2050 4100 63
2050 4101 3
2051 4102 37
2051 4103 35
2052 4104 27
2052 4105 85
2053 4106 44
2053 4107 38
2054 4108 7
2054 4109 64
2055 4110 57
2055 4111 20
2056 4112 71
2056 4113 40
2057 4114 48
2057 4115 51
2058 4116 64
2058 4117 95
2059 4118 62
2059 4119 57
2060 4120 64
2060 4121 47
2061 4122 76
2061 4123 41
2062 4124 30
2062 4125 74
2063 4126 9
2063 4127 67
2064 4128 45
2064 4129 86
2065 4130 83
2065 4131 40
2066 4132 10
2066 4133 43
2067 4134 71
2067 4135 87
2068 4136 54
2068 4137 99
2069 4138 49
2069 4139 80
2070 4140 59
2070 4141 84
2071 4142 1
2071 4143 68
2072 4144 38
2072 4145 14
2073 4146 44
2073 4147 74
2074 4148 86
2074 4149 81
2075 4150 25
2075 4151 14
2076 4152 66
2076 4153 48
2077 4154 17
2077 4155 74
2078 4156 27
2078 4157 98
2079 4158 86
2079 4159 45
2080 4160 58
2080 4161 71
2081 4162 75
2081 4163 34
2082 4164 15
2082 4165 57
2083 4166 99
2083 4167 76
2084 4168 45
2084 4169 46
2085 4170 48
2085 4171 42
2086 4172 44
2086 4173 55
2087 4174 70
2087 4175 63
2088 4176 59
2088 4177 90
2089 4178 67
2089 4179 87
2090 4180 6
2090 4181 72
2091 4182 37
2091 4183 40
2092 4184 32
2092 4185 66
2093 4186 28
2093 4187 67
2094 4188 93
2094 4189 83
2095 4190 5
2095 4191 4
2096 4192 46
2096 4193 72
2097 4194 83
2097 4195 90
2098 4196 19
2098 4197 15
2099 4198 87
2099 4199 19
2100 4200 81
2100 4201 2
2101 4202 33
2101 4203 17
2102 4204 47
2102 4205 46
2103 4206 99
2103 4207 55
2104 4208 48
2104 4209 45
2105 4210 45
2105 4211 92
2106 4212 9
2106 4213 39
2107 4214 17
2107 4215 72
2108 4216 8
2108 4217 74
2109 4218 58
2109 4219 25
2110 4220 20
2110 4221 99
2111 4222 97
2111 4223 5
2112 4224 48
2112 4225 10
2113 4226 28
2113 4227 23
2114 4228 72
2114 4229 50
2115 4230 37
2115 4231 72
2116 4232 84
2116 4233 76
2117 4234 50
2117 4235 15
2118 4236 12
2118 4237 84
2119 4238 54
2119 4239 99
2120 4240 80
2120 4241 100
2121 4242 4
2121 4243 36
2122 4244 71
2122 4245 71
2123 4246 25
2123 4247 86
2124 4248 48
2124 4249 4
2125 4250 29
2125 4251 68
2126 4252 88
2126 4253 22
2127 4254 24
2127 4255 84
2128 4256 20
2128 4257 30
2129 4258 53
2129 4259 58
2130 4260 25
2130 4261 4
2131 4262 42
2131 4263 74
2132 4264 61
2132 4265 86
2133 4266 37
2133 4267 32
2134 4268 50
2134 4269 28
2135 4270 37
2135 4271 28
2136 4272 21
2136 4273 36
2137 4274 4
2137 4275 91
2138 4276 44
2138 4277 81
2139 4278 36
2139 4279 29
2140 4280 62
2140 4281 63
2141 4282 48
2141 4283 74
2142 4284 38
2142 4285 75
2143 4286 99
2143 4287 20
2144 4288 60
2144 4289 83
2145 4290 10
2145 4291 53
2146 4292 41
2146 4293 98
2147 4294 7
2147 4295 8
2148 4296 77
2148 4297 41
2149 4298 85
2149 4299 93
2150 4300 59
2150 4301 76
2151 4302 47
2151 4303 51
2152 4304 84
2152 4305 80
2153 4306 6
2153 4307 61
2154 4308 62
2154 4309 74
2155 4310 100
2155 4311 82
2156 4312 54
2156 4313 76
2157 4314 22
2157 4315 63
2158 4316 12
2158 4317 21
2159 4318 54
2159 4319 88
2160 4320 90
2160 4321 10
2161 4322 22
2161 4323 5
2162 4324 61
2162 4325 44
2163 4326 71
2163 4327 90
2164 4328 21
2164 4329 35
2165 4330 31
2165 4331 40
2166 4332 69
2166 4333 68
2167 4334 36
2167 4335 31
2168 4336 24
2168 4337 5
2169 4338 9
2169 4339 98
2170 4340 7
2170 4341 90
2171 4342 84
2171 4343 62
2172 4344 42
2172 4345 13
2173 4346 46
2173 4347 77
2174 4348 24
2174 4349 97
2175 4350 70
2175 4351 25
2176 4352 25
2176 4353 56
2177 4354 24
2177 4355 65
2178 4356 4
2178 4357 15
2179 4358 19
2179 4359 71
2180 4360 75
2180 4361 32
2181 4362 65
2181 4363 39
2182 4364 1
2182 4365 54
2183 4366 64
2183 4367 90
2184 4368 13
2184 4369 56
2185 4370 22
2185 4371 66
2186 4372 51
2186 4373 32
2187 4374 92
2187 4375 29
2188 4376 45
2188 4377 93
2189 4378 83
2189 4379 100
2190 4380 16
2190 4381 43
2191 4382 55
2191 4383 73
2192 4384 67
2192 4385 38
2193 4386 86
2193 4387 63
2194 4388 73
2194 4389 23
2195 4390 49
2195 4391 93
2196 4392 100
2196 4393 2
2197 4394 29
2197 4395 20
2198 4396 12
2198 4397 82
2199 4398 92
2199 4399 92
2200 4400 68
2200 4401 16
2201 4402 6
2201 4403 9
2202 4404 63
2202 4405 73
2203 4406 35
2203 4407 29
2204 4408 54
2204 4409 60
2205 4410 58
2205 4411 10
2206 4412 90
2206 4413 50
2207 4414 36
2207 4415 86
2208 4416 59
2208 4417 27
2209 4418 82
2209 4419 77
2210 4420 16
2210 4421 8
2211 4422 58
2211 4423 79
2212 4424 43
2212 4425 15
2213 4426 41
2213 4427 84
2214 4428 62
2214 4429 83
2215 4430 67
2215 4431 50
2216 4432 32
2216 4433 21
2217 4434 82
2217 4435 28
2218 4436 96
2218 4437 78
2219 4438 84
2219 4439 26
2220 4440 34
2220 4441 97
2221 4442 93
2221 4443 23
2222 4444 45
2222 4445 25
2223 4446 68
2223 4447 43
2224 4448 62
2224 4449 91
2225 4450 5
2225 4451 84
2226 4452 85
2226 4453 41
2227 4454 56
2227 4455 75
2228 4456 2
2228 4457 74
2229 4458 99
2229 4459 17
2230 4460 4
2230 4461 63
2231 4462 87
2231 4463 64
2232 4464 49
2232 4465 2
2233 4466 24
2233 4467 63
2234 4468 10
2234 4469 63
2235 4470 10
2235 4471 95
2236 4472 11
2236 4473 46
2237 4474 10
2237 4475 12
2238 4476 22
2238 4477 51
2239 4478 39
2239 4479 22
2240 4480 77
2240 4481 43
2241 4482 33
2241 4483 36
2242 4484 27
2242 4485 47
2243 4486 95
2243 4487 6
2244 4488 34
2244 4489 5
2245 4490 65
2245 4491 79
2246 4492 80
2246 4493 14
2247 4494 67
2247 4495 50
2248 4496 12
2248 4497 33
2249 4498 4
2249 4499 23
2250 4500 60
2250 4501 48
2251 4502 87
2251 4503 87
2252 4504 95
2252 4505 61
2253 4506 9
2253 4507 44
2254 4508 49
2254 4509 88
2255 4510 81
2255 4511 15
2256 4512 78
2256 4513 77
2257 4514 62
2257 4515 14
2258 4516 76
2258 4517 79
2259 4518 12
2259 4519 81
2260 4520 10
2260 4521 27
2261 4522 56
2261 4523 2
2262 4524 9
2262 4525 83
2263 4526 41
2263 4527 17
2264 4528 70
2264 4529 46
2265 4530 79
2265 4531 26
2266 4532 4
2266 4533 78
2267 4534 59
2267 4535 70
2268 4536 94
2268 4537 53
2269 4538 57
2269 4539 20
2270 4540 99
2270 4541 42
2271 4542 79
2271 4543 41
2272 4544 94
2272 4545 94
2273 4546 46
2273 4547 49
2274 4548 30
2274 4549 73
2275 4550 45
2275 4551 85
2276 4552 46
2276 4553 74
2277 4554 7
2277 4555 76
2278 4556 35
2278 4557 35
2279 4558 40
2279 4559 71
2280 4560 39
2280 4561 90
2281 4562 57
2281 4563 44
2282 4564 56
2282 4565 18
2283 4566 5
2283 4567 30
2284 4568 78
2284 4569 42
2285 4570 33
2285 4571 42
2286 4572 32
2286 4573 74
2287 4574 49
2287 4575 1
2288 4576 16
2288 4577 60
2289 4578 75
2289 4579 34
2290 4580 38
2290 4581 7
2291 4582 39
2291 4583 18
2292 4584 100
2292 4585 24
2293 4586 4
2293 4587 76
2294 4588 73
2294 4589 86
2295 4590 95
2295 4591 66
2296 4592 93
2296 4593 13
2297 4594 94
2297 4595 88
2298 4596 69
2298 4597 77
2299 4598 46
2299 4599 4
2300 4600 79
2300 4601 2
2301 4602 54
2301 4603 43
2302 4604 7
2302 4605 36
2303 4606 9
2303 4607 77
2304 4608 67
2304 4609 61
2305 4610 81
2305 4611 45
2306 4612 68
2306 4613 96
2307 4614 38
2307 4615 50
2308 4616 92
2308 4617 24
2309 4618 38
2309 4619 1
2310 4620 18
2310 4621 30
2311 4622 20
2311 4623 88
2312 4624 64
2312 4625 67
2313 4626 57
2313 4627 62
2314 4628 11
2314 4629 28
2315 4630 22
2315 4631 36
2316 4632 8
2316 4633 46
2317 4634 5
2317 4635 75
2318 4636 1
2318 4637 92
2319 4638 61
2319 4639 65
2320 4640 41
2320 4641 75
2321 4642 13
2321 4643 89
2322 4644 38
2322 4645 40
2323 4646 83
2323 4647 23
2324 4648 79
2324 4649 6
2325 4650 10
2325 4651 50
2326 4652 22
2326 4653 32
2327 4654 25
2327 4655 63
2328 4656 20
2328 4657 63
2329 4658 98
2329 4659 100
2330 4660 98
2330 4661 19
2331 4662 65
2331 4663 6
2332 4664 79
2332 4665 1
2333 4666 52
2333 4667 83
2334 4668 50
2334 4669 29
2335 4670 95
2335 4671 28
2336 4672 38
2336 4673 24
2337 4674 71
2337 4675 77
2338 4676 90
2338 4677 94
2339 4678 83
2339 4679 24
2340 4680 74
2340 4681 36
2341 4682 48
2341 4683 3
2342 4684 36
2342 4685 55
2343 4686 1
2343 4687 82
2344 4688 65
2344 4689 40
2345 4690 65
2345 4691 90
2346 4692 33
2346 4693 30
2347 4694 59
2347 4695 100
2348 4696 17
2348 4697 43
2349 4698 2
2349 4699 2
2350 4700 49
2350 4701 33
2351 4702 97
2351 4703 4
2352 4704 67
2352 4705 69
2353 4706 33
2353 4707 51
2354 4708 93
2354 4709 79
2355 4710 40
2355 4711 35
2356 4712 57
2356 4713 43
2357 4714 11
2357 4715 73
2358 4716 33
2358 4717 26
2359 4718 48
2359 4719 74
2360 4720 1
2360 4721 14
2361 4722 66
2361 4723 23
2362 4724 92
2362 4725 9
2363 4726 31
2363 4727 56
2364 4728 74
2364 4729 14
2365 4730 92
2365 4731 74
2366 4732 67
2366 4733 82
2367 4734 18
2367 4735 39
2368 4736 27
2368 4737 23
2369 4738 39
2369 4739 90
2370 4740 77
2370 4741 66
2371 4742 89
2371 4743 6
2372 4744 71
2372 4745 42
2373 4746 60
2373 4747 9
2374 4748 15
2374 4749 17
2375 4750 75
2375 4751 35
2376 4752 39
2376 4753 50
2377 4754 60
2377 4755 34
2378 4756 98
2378 4757 84
2379 4758 74
2379 4759 61
2380 4760 11
2380 4761 16
2381 4762 17
2381 4763 92
2382 4764 35
2382 4765 69
2383 4766 30
2383 4767 41
2384 4768 37
2384 4769 55
2385 4770 7
2385 4771 52
2386 4772 18
2386 4773 78
2387 4774 55
2387 4775 84
2388 4776 28
2388 4777 7
2389 4778 74
2389 4779 29
2390 4780 23
2390 4781 32
2391 4782 100
2391 4783 44
2392 4784 71
2392 4785 86
2393 4786 50
2393 4787 64
2394 4788 75
2394 4789 47
2395 4790 4
2395 4791 75
2396 4792 90
2396 4793 2
2397 4794 33
2397 4795 97
2398 4796 62
2398 4797 20
2399 4798 93
2399 4799 28
2400 4800 22
2400 4801 50
2401 4802 78
2401 4803 28
2402 4804 56
2402 4805 25
2403 4806 50
2403 4807 98
2404 4808 87
2404 4809 94
2405 4810 59
2405 4811 66
2406 4812 25
2406 4813 4
2407 4814 45
2407 4815 68
2408 4816 1
2408 4817 46
2409 4818 71
2409 4819 69
2410 4820 21
2410 4821 45
2411 4822 77
2411 4823 36
2412 4824 13
2412 4825 87
2413 4826 29
2413 4827 19
2414 4828 30
2414 4829 42
2415 4830 97
2415 4831 3
2416 4832 88
2416 4833 12
2417 4834 3
2417 4835 53
2418 4836 85
2418 4837 91
2419 4838 85
2419 4839 70
2420 4840 34
2420 4841 48
2421 4842 54
2421 4843 74
2422 4844 26
2422 4845 50
2423 4846 3
2423 4847 5
2424 4848 30
2424 4849 93
2425 4850 25
2425 4851 98
2426 4852 16
2426 4853 38
2427 4854 26
2427 4855 32
2428 4856 56
2428 4857 73
2429 4858 40
2429 4859 61
2430 4860 24
2430 4861 89
2431 4862 51
2431 4863 46
2432 4864 37
2432 4865 13
2433 4866 61
2433 4867 32
2434 4868 17
2434 4869 63
2435 4870 53
2435 4871 74
2436 4872 94
2436 4873 56
2437 4874 86
2437 4875 52
2438 4876 40
2438 4877 83
2439 4878 36
2439 4879 87
2440 4880 67
2440 4881 64
2441 4882 38
2441 4883 6
2442 4884 42
2442 4885 80
2443 4886 45
2443 4887 76
2444 4888 35
2444 4889 67
2445 4890 23
2445 4891 20
2446 4892 34
2446 4893 43
2447 4894 1
2447 4895 86
2448 4896 18
2448 4897 45
2449 4898 7
2449 4899 86
2450 4900 37
2450 4901 53
2451 4902 11
2451 4903 2
2452 4904 14
2452 4905 82
2453 4906 11
2453 4907 80
2454 4908 12
2454 4909 10
2455 4910 32
2455 4911 78
2456 4912 9
2456 4913 9
2457 4914 20
2457 4915 83
2458 4916 20
2458 4917 55
2459 4918 43
2459 4919 63
2460 4920 8
2460 4921 31
2461 4922 78
2461 4923 42
2462 4924 59
2462 4925 9
2463 4926 42
2463 4927 84
2464 4928 38
2464 4929 50
2465 4930 5
2465 4931 100
2466 4932 83
2466 4933 85
2467 4934 97
2467 4935 10
2468 4936 86
2468 4937 19
2469 4938 65
2469 4939 85
2470 4940 55
2470 4941 66
2471 4942 65
2471 4943 67
2472 4944 17
2472 4945 78
2473 4946 5
2473 4947 60
2474 4948 26
2474 4949 73
2475 4950 21
2475 4951 51
2476 4952 2
2476 4953 20
2477 4954 21
2477 4955 10
2478 4956 8
2478 4957 7
2479 4958 86
2479 4959 74
2480 4960 70
2480 4961 52
2481 4962 46
2481 4963 88
2482 4964 86
2482 4965 5
2483 4966 34
2483 4967 56
2484 4968 21
2484 4969 76
2485 4970 17
2485 4971 16
2486 4972 10
2486 4973 12
2487 4974 64
2487 4975 32
2488 4976 27
2488 4977 81
2489 4978 46
2489 4979 12
2490 4980 93
2490 4981 9
2491 4982 36
2491 4983 91
2492 4984 23
2492 4985 78
2493 4986 89
2493 4987 50
2494 4988 40
2494 4989 47
2495 4990 52
2495 4991 54
2496 4992 18
2496 4993 62
2497 4994 92
2497 4995 10
2498 4996 33
2498 4997 66
2499 4998 88
2499 4999 92
2500 5000 51
