500000
# Edges (u,v,w)
1 2 4
2 3 41
2 4 66
3 5 23
3 6 11
4 7 87
4 8 28
5 9 24
5 10 84
6 11 29
1 12 76
12 13 7
12 14 87
13 15 52
13 16 89
14 17 87
14 18 26
15 19 65
15 20 6
16 21 89
16 22 26
17 23 88
17 24 47
18 25 86
18 26 63
19 27 87
19 28 98
20 29 88
20 30 88
21 31 30
21 32 90
22 33 7
22 34 18
23 35 16
23 36 2
24 37 42
24 38 23
25 39 11
25 40 55
26 41 80
26 42 42
27 43 17
27 44 66
28 45 64
28 46 96
29 47 2
29 48 38
30 49 97
30 50 47
31 51 33
31 52 32
32 53 76
32 54 34
33 55 2
33 56 54
34 57 60
34 58 30
35 59 98
35 60 100
36 61 90
36 62 6
37 63 69
37 64 69
38 65 21
38 66 73
39 67 54
39 68 65
40 69 21
40 70 49
41 71 99
41 72 69
42 73 58
42 74 86
43 75 89
43 76 16
44 77 18
44 78 58
45 79 100
45 80 16
46 81 49
46 82 95
47 83 22
47 84 99
48 85 17
48 86 68
49 87 32
49 88 88
50 89 97
50 90 41
51 91 2
51 92 80
52 93 71
52 94 35
53 95 98
53 96 87
54 97 89
54 98 84
55 99 98
55 100 94
56 101 43
56 102 74
57 103 92
57 104 43
58 105 99
58 106 68
59 107 42
59 108 6
60 109 86
60 110 34
61 111 11
61 112 67
62 113 81
62 114 65
63 115 47
63 116 54
64 117 4
64 118 69
65 119 34
65 120 67
66 121 64
66 122 73
67 123 94
67 124 97
68 125 82
68 126 91
69 127 52
69 128 23
70 129 78
70 130 38
71 131 31
71 132 62
72 133 94
72 134 68
73 135 73
73 136 1
74 137 79
74 138 68
75 139 42
75 140 22
76 141 100
76 142 83
77 143 23
77 144 11
78 145 80
78 146 25
79 147 25
79 148 14
80 149 54
80 150 96
81 151 2
81 152 35
82 153 5
82 154 53
83 155 66
83 156 47
84 157 54
84 158 34
85 159 10
85 160 44
86 161 94
86 162 58
87 163 17
87 164 23
88 165 45
88 166 40
89 167 22
89 168 73
90 169 22
90 170 90
91 171 38
91 172 52
92 173 57
92 174 73
93 175 76
93 176 72
94 177 85
94 178 22
95 179 71
95 180 43
96 181 87
96 182 41
97 183 88
97 184 34
98 185 70
98 186 45
99 187 80
99 188 83
100 189 65
100 190 68
101 191 50
101 192 14
102 193 4
102 194 29
103 195 43
103 196 90
104 197 22
104 198 22
105 199 12
105 200 99
106 201 12
106 202 26
107 203 26
107 204 75
108 205 84
108 206 17
109 207 76
109 208 71
110 209 75
110 210 55
111 211 17
111 212 40
112 213 30
112 214 1
113 215 74
113 216 92
114 217 65
114 218 44
115 219 74
115 220 2
116 221 43
116 222 63
117 223 93
117 224 51
118 225 97
118 226 15
119 227 63
119 228 44
120 229 89
120 230 22
121 231 98
121 232 2
122 233 82
122 234 16
123 235 9
123 236 47
124 237 73
124 238 49
125 239 91
125 240 88
126 241 7
126 242 31
127 243 14
127 244 15
128 245 77
128 246 76
129 247 86
129 248 36
130 249 81
130 250 7
131 251 59
131 252 17
132 253 75
132 254 66
133 255 64
133 256 45
134 257 96
134 258 96
135 259 69
135 260 20
136 261 4
136 262 21
137 263 39
137 264 93
138 265 62
138 266 89
139 267 44
139 268 6
140 269 79
140 270 90
141 271 95
141 272 10
142 273 70
142 274 8
143 275 71
143 276 43
144 277 35
144 278 84
145 279 48
145 280 44
146 281 44
146 282 6
147 283 44
147 284 8
148 285 64
148 286 52
149 287 77
149 288 36
150 289 81
150 290 32
151 291 35
151 292 29
152 293 93
152 294 38
153 295 25
153 296 15
154 297 51
154 298 36
155 299 18
155 300 58
156 301 21
156 302 3
157 303 60
157 304 83
158 305 78
158 306 91
159 307 93
159 308 7
160 309 14
160 310 89
161 311 7
161 312 27
162 313 78
162 314 71
163 315 56
163 316 22
164 317 61
164 318 49
165 319 25
165 320 33
166 321 86
166 322 84
167 323 60
167 324 7
168 325 77
168 326 23
169 327 59
169 328 84
170 329 68
170 330 43
171 331 47
171 332 84
172 333 90
172 334 32
173 335 98
173 336 4
174 337 77
174 338 68
175 339 95
175 340 23
176 341 78
176 342 63
177 343 64
177 344 91
178 345 27
178 346 43
179 347 22
179 348 15
180 349 94
180 350 52
181 351 13
181 352 16
182 353 38
182 354 25
183 355 96
183 356 41
184 357 78
184 358 60
185 359 67
185 360 53
186 361 65
186 362 55
187 363 32
187 364 83
188 365 77
188 366 56
189 367 33
189 368 40
190 369 86
190 370 35
191 371 40
191 372 23
192 373 2
192 374 15
193 375 55
193 376 58
194 377 91
194 378 1
195 379 81
195 380 17
196 381 7
196 382 89
197 383 77
197 384 3
198 385 51
198 386 71
199 387 61
199 388 41
200 389 31
200 390 100
201 391 14
201 392 22
202 393 42
202 394 61
203 395 3
203 396 7
204 397 70
204 398 14
205 399 5
205 400 39
206 401 64
206 402 38
207 403 11
207 404 38
208 405 35
208 406 34
209 407 93
209 408 50
210 409 60
210 410 93
211 411 78
211 412 75
212 413 8
212 414 39
213 415 51
213 416 53
214 417 95
214 418 35
215 419 88
215 420 84
216 421 93
216 422 79
217 423 74
217 424 3
218 425 91
218 426 96
219 427 98
219 428 43
220 429 33
220 430 3
221 431 51
221 432 55
222 433 55
222 434 85
223 435 91
223 436 40
224 437 85
224 438 14
225 439 97
225 440 7
226 441 18
226 442 35
227 443 97
227 444 63
228 445 27
228 446 64
229 447 20
229 448 62
230 449 60
230 450 86
231 451 52
231 452 9
232 453 90
232 454 75
233 455 48
233 456 32
234 457 6
234 458 20
235 459 61
235 460 41
236 461 23
236 462 38
237 463 54
237 464 51
238 465 51
238 466 1
239 467 31
239 468 13
240 469 86
240 470 86
241 471 80
241 472 76
242 473 36
242 474 97
243 475 64
243 476 37
244 477 42
244 478 57
245 479 36
245 480 82
246 481 27
246 482 62
247 483 98
247 484 63
248 485 63
248 486 11
249 487 37
249 488 61
250 489 48
250 490 32
251 491 27
251 492 85
252 493 70
252 494 72
253 495 58
253 496 23
254 497 27
254 498 55
255 499 55
255 500 56
256 501 29
256 502 49
257 503 88
257 504 49
258 505 9
258 506 56
259 507 59
259 508 61
260 509 39
260 510 26
261 511 28
261 512 26
262 513 87
262 514 41
263 515 79
263 516 39
264 517 91
264 518 53
265 519 44
265 520 94
266 521 86
266 522 22
267 523 57
267 524 93
268 525 58
268 526 30
269 527 50
269 528 53
270 529 85
270 530 85
271 531 66
271 532 12
272 533 37
272 534 50
273 535 32
273 536 48
274 537 53
274 538 65
275 539 95
275 540 88
276 541 83
276 542 13
277 543 68
277 544 65
278 545 98
278 546 89
279 547 14
279 548 18
280 549 56
280 550 36
281 551 91
281 552 96
282 553 57
282 554 16
283 555 13
283 556 63
284 557 26
284 558 84
285 559 45
285 560 90
286 561 43
286 562 64
287 563 56
287 564 98
288 565 11
288 566 78
289 567 73
289 568 96
290 569 91
290 570 3
291 571 18
291 572 64
292 573 99
292 574 85
293 575 82
293 576 3
294 577 4
294 578 59
295 579 16
295 580 15
296 581 57
296 582 9
297 583 7
297 584 76
298 585 44
298 586 87
299 587 66
299 588 25
300 589 14
300 590 92
301 591 67
301 592 54
302 593 99
302 594 47
303 595 68
303 596 90
304 597 45
304 598 43
305 599 38
305 600 62
306 601 45
306 602 71
307 603 36
307 604 8
308 605 35
308 606 8
309 607 7
309 608 24
310 609 49
310 610 94
311 611 89
311 612 18
312 613 73
312 614 19
313 615 20
313 616 16
314 617 18
314 618 19
315 619 36
315 620 81
316 621 72
316 622 21
317 623 52
317 624 98
318 625 94
318 626 33
319 627 50
319 628 38
320 629 30
320 630 50
321 631 58
321 632 57
322 633 57
322 634 93
323 635 33
323 636 98
324 637 5
324 638 20
325 639 21
325 640 3
326 641 16
326 642 53
327 643 71
327 644 77
328 645 34
328 646 50
329 647 66
329 648 68
330 649 75
330 650 10
331 651 93
331 652 32
332 653 39
332 654 94
333 655 16
333 656 62
334 657 43
334 658 35
335 659 59
335 660 81
336 661 41
336 662 21
337 663 79
337 664 90
338 665 72
338 666 50
339 667 67
339 668 74
340 669 73
340 670 20
341 671 16
341 672 86
342 673 18
342 674 20
343 675 35
343 676 56
344 677 39
344 678 13
345 679 21
345 680 31
346 681 14
346 682 6
347 683 68
347 684 5
348 685 37
348 686 8
349 687 36
349 688 48
350 689 34
350 690 42
351 691 37
351 692 34
352 693 45
352 694 43
353 695 93
353 696 46
354 697 29
354 698 34
355 699 53
355 700 44
356 701 47
356 702 23
357 703 79
357 704 96
358 705 74
358 706 81
359 707 86
359 708 35
360 709 20
360 710 76
361 711 100
361 712 11
362 713 14
362 714 21
363 715 11
363 716 78
364 717 27
364 718 100
365 719 36
365 720 96
366 721 8
366 722 39
367 723 46
367 724 69
368 725 68
368 726 38
369 727 1
369 728 83
370 729 25
370 730 37
371 731 20
371 732 49
372 733 91
372 734 93
373 735 10
373 736 37
374 737 10
374 738 1
375 739 82
375 740 66
376 741 80
376 742 95
377 743 37
377 744 73
378 745 83
378 746 16
379 747 76
379 748 81
380 749 3
380 750 63
381 751 100
381 752 44
382 753 92
382 754 18
383 755 61
383 756 21
384 757 65
384 758 63
385 759 11
385 760 12
386 761 94
386 762 36
387 763 10
387 764 14
388 765 40
388 766 12
389 767 59
389 768 55
390 769 26
390 770 89
391 771 94
391 772 24
392 773 28
392 774 22
393 775 80
393 776 5
394 777 14
394 778 1
395 779 61
395 780 59
396 781 48
396 782 88
397 783 76
397 784 7
398 785 76
398 786 15
399 787 92
399 788 18
400 789 11
400 790 21
401 791 73
401 792 40
402 793 21
402 794 71
403 795 43
403 796 1
404 797 87
404 798 25
405 799 65
405 800 83
406 801 93
406 802 59
407 803 28
407 804 50
408 805 31
408 806 40
409 807 57
409 808 22
410 809 1
410 810 14
411 811 65
411 812 56
412 813 46
412 814 71
413 815 6
413 816 48
414 817 19
414 818 82
415 819 87
415 820 23
416 821 69
416 822 70
417 823 41
417 824 93
418 825 81
418 826 8
419 827 20
419 828 4
420 829 57
420 830 28
421 831 96
421 832 15
422 833 27
422 834 52
423 835 81
423 836 17
424 837 30
424 838 80
425 839 23
425 840 48
426 841 63
426 842 59
427 843 52
427 844 100
428 845 97
428 846 73
429 847 65
429 848 57
430 849 56
430 850 20
431 851 57
431 852 76
432 853 32
432 854 53
433 855 42
433 856 62
434 857 94
434 858 2
435 859 50
435 860 13
436 861 99
436 862 60
437 863 8
437 864 13
438 865 43
438 866 7
439 867 99
439 868 43
440 869 57
440 870 83
441 871 71
441 872 40
442 873 16
442 874 28
443 875 48
443 876 11
444 877 87
444 878 67
445 879 53
445 880 68
446 881 75
446 882 43
447 883 48
447 884 68
448 885 44
448 886 13
449 887 79
449 888 24
450 889 63
450 890 3
451 891 33
451 892 97
452 893 94
452 894 48
453 895 2
453 896 76
454 897 65
454 898 33
455 899 43
455 900 26
456 901 68
456 902 20
457 903 93
457 904 11
458 905 11
458 906 1
459 907 34
459 908 95
460 909 61
460 910 14
461 911 77
461 912 83
462 913 37
462 914 79
463 915 11
463 916 49
464 917 59
464 918 82
465 919 43
465 920 43
466 921 12
466 922 77
467 923 24
467 924 62
468 925 18
468 926 15
469 927 59
469 928 96
470 929 50
470 930 80
471 931 3
471 932 92
472 933 83
472 934 14
473 935 51
473 936 37
474 937 97
474 938 54
475 939 76
475 940 63
476 941 81
476 942 58
477 943 23
477 944 45
478 945 14
478 946 41
479 947 78
479 948 19
480 949 48
480 950 16
481 951 77
481 952 39
482 953 76
482 954 2
483 955 15
483 956 16
484 957 60
484 958 17
485 959 50
485 960 60
486 961 80
486 962 66
487 963 1
487 964 96
488 965 54
488 966 19
489 967 89
489 968 76
490 969 52
490 970 98
491 971 79
491 972 15
492 973 92
492 974 56
493 975 1
493 976 71
494 977 65
494 978 26
495 979 29
495 980 34
496 981 63
496 982 1
497 983 9
497 984 94
498 985 93
498 986 29
499 987 19
499 988 63
500 989 59
500 990 56
501 991 45
501 992 23
502 993 63
502 994 93
503 995 20
503 996 58
504 997 73
504 998 94
505 999 98
505 1000 20
