5000
# Edges (u,v,w)
1 2 75
2 3 85
2 4 33
3 5 94
3 6 73
4 7 35
4 8 24
5 9 70
5 10 55
6 11 96
1 12 47
12 13 48
12 14 36
13 15 98
13 16 26
14 17 85
14 18 94
15 19 85
15 20 57
16 21 71
16 22 22
17 23 36
17 24 29
18 25 29
18 26 82
19 27 8
19 28 91
20 29 89
20 30 85
21 31 68
21 32 39
22 33 26
22 34 45
23 35 74
23 36 96
24 37 18
24 38 61
25 39 55
25 40 90
26 41 15
26 42 23
27 43 96
27 44 81
28 45 61
28 46 14
29 47 18
29 48 36
30 49 62
30 50 69
31 51 62
31 52 19
32 53 39
32 54 57
33 55 26
33 56 19
34 57 48
34 58 89
35 59 33
35 60 44
36 61 16
36 62 62
37 63 15
37 64 61
38 65 98
38 66 18
39 67 10
39 68 97
40 69 23
40 70 98
41 71 32
41 72 36
42 73 60
42 74 92
43 75 71
43 76 73
44 77 39
44 78 17
45 79 28
45 80 19
46 81 27
46 82 100
47 83 13
47 84 8
48 85 93
48 86 48
49 87 60
49 88 99
50 89 66
50 90 12
51 91 55
51 92 42
52 93 15
52 94 19
53 95 88
53 96 16
54 97 97
54 98 15
55 99 68
55 100 70
