1000000
# Edges (u,v,w)
1 2 70
2 3 3
2 4 76
3 5 20
3 6 49
4 7 88
4 8 55
5 9 14
5 10 60
6 11 20
1 12 70
12 13 79
12 14 25
13 15 15
13 16 1
14 17 66
14 18 54
15 19 31
15 20 11
16 21 9
16 22 83
17 23 99
17 24 97
18 25 53
18 26 14
19 27 47
19 28 79
20 29 83
20 30 45
21 31 20
21 32 16
22 33 79
22 34 25
23 35 33
23 36 79
24 37 73
24 38 84
25 39 42
25 40 46
26 41 90
26 42 62
27 43 63
27 44 72
28 45 61
28 46 35
29 47 13
29 48 44
30 49 90
30 50 66
31 51 82
31 52 84
32 53 41
32 54 48
33 55 4
33 56 24
34 57 20
34 58 35
35 59 7
35 60 42
36 61 67
36 62 70
37 63 62
37 64 72
38 65 38
38 66 44
39 67 88
39 68 30
40 69 2
40 70 63
41 71 71
41 72 27
42 73 32
42 74 79
43 75 66
43 76 23
44 77 18
44 78 96
45 79 89
45 80 23
46 81 91
46 82 2
47 83 57
47 84 33
48 85 41
48 86 98
49 87 60
49 88 69
50 89 88
50 90 100
51 91 28
51 92 55
52 93 93
52 94 26
53 95 16
53 96 46
54 97 27
54 98 31
55 99 22
55 100 70
56 101 56
56 102 75
57 103 12
57 104 1
58 105 76
58 106 55
59 107 32
59 108 84
60 109 74
60 110 49
61 111 35
61 112 98
62 113 98
62 114 9
63 115 57
63 116 37
64 117 98
64 118 5
65 119 67
65 120 7
66 121 42
66 122 68
67 123 49
67 124 93
68 125 74
68 126 45
69 127 31
69 128 37
70 129 55
70 130 27
71 131 7
71 132 78
72 133 78
72 134 37
73 135 15
73 136 34
74 137 12
74 138 63
75 139 49
75 140 63
76 141 68
76 142 44
77 143 88
77 144 80
78 145 46
78 146 65
79 147 34
79 148 91
80 149 39
80 150 30
81 151 10
81 152 52
82 153 71
82 154 15
83 155 15
83 156 60
84 157 57
84 158 68
85 159 1
85 160 16
86 161 7
86 162 46
87 163 79
87 164 96
88 165 30
88 166 33
89 167 94
89 168 99
90 169 48
90 170 49
91 171 43
91 172 39
92 173 5
92 174 100
93 175 42
93 176 15
94 177 83
94 178 58
95 179 87
95 180 23
96 181 5
96 182 25
97 183 26
97 184 50
98 185 50
98 186 94
99 187 96
99 188 34
100 189 86
100 190 12
101 191 31
101 192 42
102 193 79
102 194 22
103 195 33
103 196 14
104 197 62
104 198 59
105 199 5
105 200 8
106 201 14
106 202 19
107 203 1
107 204 29
108 205 96
108 206 22
109 207 49
109 208 70
110 209 83
110 210 66
111 211 45
111 212 6
112 213 61
112 214 67
113 215 68
113 216 53
114 217 4
114 218 38
115 219 60
115 220 55
116 221 32
116 222 2
117 223 41
117 224 54
118 225 48
118 226 50
119 227 17
119 228 97
120 229 11
120 230 51
121 231 32
121 232 77
122 233 80
122 234 62
123 235 43
123 236 79
124 237 8
124 238 13
125 239 5
125 240 19
126 241 45
126 242 52
127 243 70
127 244 97
128 245 82
128 246 52
129 247 90
129 248 74
130 249 90
130 250 83
131 251 21
131 252 40
132 253 21
132 254 39
133 255 97
133 256 62
134 257 22
134 258 41
135 259 49
135 260 17
136 261 10
136 262 13
137 263 59
137 264 57
138 265 29
138 266 20
139 267 52
139 268 13
140 269 51
140 270 45
141 271 49
141 272 38
142 273 39
142 274 52
143 275 51
143 276 16
144 277 10
144 278 57
145 279 72
145 280 95
146 281 82
146 282 69
147 283 96
147 284 11
148 285 2
148 286 74
149 287 13
149 288 66
150 289 59
150 290 55
151 291 41
151 292 74
152 293 55
152 294 34
153 295 71
153 296 68
154 297 14
154 298 68
155 299 53
155 300 46
156 301 21
156 302 31
157 303 2
157 304 100
158 305 6
158 306 56
159 307 74
159 308 18
160 309 67
160 310 86
161 311 8
161 312 12
162 313 74
162 314 21
163 315 93
163 316 30
164 317 48
164 318 49
165 319 52
165 320 19
166 321 26
166 322 63
167 323 48
167 324 16
168 325 68
168 326 57
169 327 31
169 328 83
170 329 23
170 330 91
171 331 60
171 332 41
172 333 66
172 334 93
173 335 41
173 336 21
174 337 37
174 338 40
175 339 92
175 340 8
176 341 25
176 342 24
177 343 38
177 344 55
178 345 64
178 346 28
179 347 65
179 348 51
180 349 19
180 350 44
181 351 54
181 352 10
182 353 88
182 354 48
183 355 95
183 356 39
184 357 53
184 358 27
185 359 40
185 360 90
186 361 73
186 362 53
187 363 40
187 364 7
188 365 48
188 366 49
189 367 50
189 368 100
190 369 25
190 370 52
191 371 15
191 372 79
192 373 54
192 374 35
193 375 21
193 376 68
194 377 57
194 378 67
195 379 30
195 380 34
196 381 57
196 382 99
197 383 48
197 384 48
198 385 90
198 386 70
199 387 34
199 388 71
200 389 8
200 390 24
201 391 49
201 392 92
202 393 33
202 394 78
203 395 6
203 396 34
204 397 82
204 398 19
205 399 89
205 400 28
206 401 87
206 402 71
207 403 15
207 404 5
208 405 45
208 406 51
209 407 57
209 408 84
210 409 92
210 410 37
211 411 4
211 412 36
212 413 89
212 414 94
213 415 1
213 416 65
214 417 30
214 418 29
215 419 97
215 420 65
216 421 56
216 422 6
217 423 84
217 424 90
218 425 53
218 426 66
219 427 51
219 428 46
220 429 94
220 430 7
221 431 78
221 432 82
222 433 26
222 434 48
223 435 80
223 436 80
224 437 75
224 438 15
225 439 78
225 440 38
226 441 37
226 442 39
227 443 30
227 444 77
228 445 4
228 446 71
229 447 83
229 448 80
230 449 36
230 450 20
231 451 38
231 452 81
232 453 10
232 454 64
233 455 3
233 456 17
234 457 92
234 458 42
235 459 70
235 460 5
236 461 16
236 462 7
237 463 51
237 464 17
238 465 44
238 466 92
239 467 20
239 468 76
240 469 18
240 470 26
241 471 87
241 472 8
242 473 34
242 474 85
243 475 75
243 476 36
244 477 6
244 478 39
245 479 57
245 480 38
246 481 12
246 482 36
247 483 46
247 484 56
248 485 31
248 486 11
249 487 48
249 488 92
250 489 80
250 490 95
251 491 97
251 492 61
252 493 87
252 494 85
253 495 95
253 496 57
254 497 76
254 498 93
255 499 82
255 500 57
256 501 92
256 502 95
257 503 12
257 504 83
258 505 44
258 506 67
259 507 49
259 508 14
260 509 26
260 510 39
261 511 4
261 512 86
262 513 45
262 514 89
263 515 81
263 516 64
264 517 83
264 518 36
265 519 51
265 520 60
266 521 13
266 522 63
267 523 12
267 524 73
268 525 6
268 526 81
269 527 8
269 528 54
270 529 76
270 530 68
271 531 18
271 532 92
272 533 12
272 534 11
273 535 48
273 536 72
274 537 62
274 538 83
275 539 93
275 540 46
276 541 85
276 542 95
277 543 75
277 544 28
278 545 71
278 546 52
279 547 84
279 548 22
280 549 11
280 550 97
281 551 28
281 552 96
282 553 63
282 554 53
283 555 17
283 556 62
284 557 90
284 558 60
285 559 54
285 560 31
286 561 31
286 562 59
287 563 48
287 564 72
288 565 80
288 566 45
289 567 56
289 568 11
290 569 26
290 570 42
291 571 76
291 572 2
292 573 9
292 574 13
293 575 98
293 576 17
294 577 52
294 578 10
295 579 86
295 580 47
296 581 24
296 582 62
297 583 83
297 584 42
298 585 21
298 586 78
299 587 50
299 588 96
300 589 35
300 590 72
301 591 91
301 592 33
302 593 32
302 594 76
303 595 4
303 596 93
304 597 8
304 598 46
305 599 26
305 600 100
306 601 34
306 602 90
307 603 94
307 604 35
308 605 88
308 606 47
309 607 25
309 608 20
310 609 38
310 610 28
311 611 37
311 612 88
312 613 35
312 614 47
313 615 66
313 616 20
314 617 79
314 618 30
315 619 14
315 620 91
316 621 22
316 622 9
317 623 19
317 624 16
318 625 79
318 626 1
319 627 40
319 628 87
320 629 85
320 630 24
321 631 48
321 632 15
322 633 67
322 634 68
323 635 16
323 636 99
324 637 38
324 638 63
325 639 10
325 640 2
326 641 62
326 642 68
327 643 18
327 644 18
328 645 63
328 646 84
329 647 83
329 648 4
330 649 81
330 650 24
331 651 3
331 652 61
332 653 68
332 654 84
333 655 50
333 656 81
334 657 2
334 658 12
335 659 21
335 660 15
336 661 56
336 662 89
337 663 89
337 664 33
338 665 72
338 666 11
339 667 54
339 668 87
340 669 58
340 670 8
341 671 25
341 672 86
342 673 99
342 674 46
343 675 79
343 676 59
344 677 57
344 678 17
345 679 77
345 680 76
346 681 40
346 682 14
347 683 58
347 684 96
348 685 22
348 686 11
349 687 36
349 688 41
350 689 62
350 690 62
351 691 6
351 692 68
352 693 35
352 694 53
353 695 4
353 696 3
354 697 39
354 698 83
355 699 25
355 700 60
356 701 87
356 702 50
357 703 84
357 704 61
358 705 19
358 706 68
359 707 82
359 708 78
360 709 78
360 710 50
361 711 57
361 712 9
362 713 16
362 714 53
363 715 33
363 716 86
364 717 6
364 718 89
365 719 63
365 720 86
366 721 10
366 722 38
367 723 74
367 724 8
368 725 10
368 726 71
369 727 38
369 728 26
370 729 7
370 730 9
371 731 31
371 732 22
372 733 4
372 734 11
373 735 87
373 736 31
374 737 78
374 738 49
375 739 96
375 740 36
376 741 67
376 742 35
377 743 98
377 744 5
378 745 76
378 746 73
379 747 22
379 748 48
380 749 12
380 750 19
381 751 91
381 752 28
382 753 40
382 754 41
383 755 25
383 756 37
384 757 77
384 758 35
385 759 78
385 760 92
386 761 67
386 762 73
387 763 59
387 764 38
388 765 92
388 766 61
389 767 55
389 768 42
390 769 32
390 770 27
391 771 4
391 772 42
392 773 32
392 774 29
393 775 4
393 776 37
394 777 35
394 778 12
395 779 86
395 780 52
396 781 62
396 782 34
397 783 98
397 784 13
398 785 31
398 786 100
399 787 100
399 788 11
400 789 47
400 790 75
401 791 14
401 792 52
402 793 92
402 794 95
403 795 96
403 796 31
404 797 100
404 798 50
405 799 93
405 800 45
406 801 89
406 802 68
407 803 35
407 804 19
408 805 26
408 806 6
409 807 78
409 808 90
410 809 26
410 810 65
411 811 14
411 812 20
412 813 94
412 814 100
413 815 51
413 816 75
414 817 23
414 818 20
415 819 86
415 820 24
416 821 85
416 822 56
417 823 48
417 824 10
418 825 18
418 826 90
419 827 70
419 828 24
420 829 28
420 830 13
421 831 96
421 832 75
422 833 47
422 834 80
423 835 50
423 836 79
424 837 28
424 838 71
425 839 45
425 840 98
426 841 72
426 842 79
427 843 24
427 844 21
428 845 10
428 846 54
429 847 26
429 848 57
430 849 82
430 850 75
431 851 36
431 852 85
432 853 65
432 854 30
433 855 42
433 856 36
434 857 30
434 858 5
435 859 67
435 860 41
436 861 83
436 862 28
437 863 92
437 864 31
438 865 41
438 866 74
439 867 21
439 868 16
440 869 41
440 870 1
441 871 62
441 872 20
442 873 95
442 874 32
443 875 36
443 876 30
444 877 9
444 878 63
445 879 20
445 880 48
446 881 28
446 882 74
447 883 64
447 884 14
448 885 64
448 886 95
449 887 14
449 888 24
450 889 55
450 890 53
451 891 19
451 892 93
452 893 70
452 894 7
453 895 82
453 896 61
454 897 23
454 898 25
455 899 48
455 900 94
456 901 16
456 902 95
457 903 45
457 904 10
458 905 55
458 906 90
459 907 6
459 908 54
460 909 85
460 910 95
461 911 80
461 912 51
462 913 67
462 914 46
463 915 66
463 916 88
464 917 68
464 918 5
465 919 94
465 920 75
466 921 19
466 922 22
467 923 95
467 924 79
468 925 58
468 926 11
469 927 9
469 928 79
470 929 21
470 930 52
471 931 68
471 932 74
472 933 79
472 934 63
473 935 37
473 936 62
474 937 11
474 938 29
475 939 62
475 940 80
476 941 34
476 942 60
477 943 96
477 944 96
478 945 5
478 946 24
479 947 64
479 948 59
480 949 7
480 950 5
481 951 95
481 952 70
482 953 75
482 954 2
483 955 74
483 956 35
484 957 29
484 958 51
485 959 8
485 960 36
486 961 29
486 962 67
487 963 95
487 964 60
488 965 92
488 966 50
489 967 41
489 968 48
490 969 79
490 970 4
491 971 43
491 972 87
492 973 18
492 974 73
493 975 66
493 976 81
494 977 30
494 978 84
495 979 17
495 980 68
496 981 41
496 982 16
497 983 96
497 984 9
498 985 45
498 986 84
499 987 50
499 988 73
500 989 32
500 990 67
501 991 40
501 992 4
502 993 24
502 994 80
503 995 35
503 996 90
504 997 28
504 998 64
505 999 86
505 1000 3
506 1001 16
506 1002 37
507 1003 91
507 1004 89
508 1005 7
508 1006 26
509 1007 42
509 1008 22
510 1009 15
510 1010 96
511 1011 13
511 1012 89
512 1013 69
512 1014 86
513 1015 79
513 1016 84
514 1017 34
514 1018 40
515 1019 8
515 1020 65
516 1021 17
516 1022 61
517 1023 53
517 1024 96
518 1025 37
518 1026 3
519 1027 49
519 1028 64
520 1029 35
520 1030 57
521 1031 31
521 1032 2
522 1033 52
522 1034 72
523 1035 3
523 1036 39
524 1037 34
524 1038 73
525 1039 13
525 1040 70
526 1041 7
526 1042 4
527 1043 24
527 1044 71
528 1045 88
528 1046 42
529 1047 29
529 1048 61
530 1049 77
530 1050 92
531 1051 26
531 1052 1
532 1053 8
532 1054 86
533 1055 74
533 1056 37
534 1057 54
534 1058 90
535 1059 47
535 1060 95
536 1061 12
536 1062 19
537 1063 82
537 1064 47
538 1065 74
538 1066 72
539 1067 98
539 1068 76
540 1069 16
540 1070 91
541 1071 10
541 1072 65
542 1073 73
542 1074 94
543 1075 99
543 1076 65
544 1077 21
544 1078 37
545 1079 25
545 1080 1
546 1081 19
546 1082 42
547 1083 71
547 1084 30
548 1085 46
548 1086 26
549 1087 36
549 1088 35
550 1089 7
550 1090 44
551 1091 18
551 1092 85
552 1093 55
552 1094 82
553 1095 94
553 1096 87
554 1097 45
554 1098 41
555 1099 38
555 1100 5
556 1101 40
556 1102 66
557 1103 46
557 1104 28
558 1105 49
558 1106 45
559 1107 86
559 1108 40
560 1109 66
560 1110 19
561 1111 50
561 1112 58
562 1113 18
562 1114 25
563 1115 7
563 1116 10
564 1117 15
564 1118 52
565 1119 93
565 1120 45
566 1121 33
566 1122 48
567 1123 34
567 1124 57
568 1125 83
568 1126 26
569 1127 90
569 1128 86
570 1129 63
570 1130 42
571 1131 70
571 1132 40
572 1133 47
572 1134 22
573 1135 44
573 1136 67
574 1137 45
574 1138 14
575 1139 46
575 1140 36
576 1141 22
576 1142 5
577 1143 91
577 1144 65
578 1145 21
578 1146 77
579 1147 62
579 1148 75
580 1149 57
580 1150 75
581 1151 83
581 1152 2
582 1153 73
582 1154 70
583 1155 15
583 1156 39
584 1157 44
584 1158 64
585 1159 76
585 1160 40
586 1161 97
586 1162 87
587 1163 81
587 1164 54
588 1165 75
588 1166 17
589 1167 97
589 1168 29
590 1169 25
590 1170 89
591 1171 74
591 1172 2
592 1173 95
592 1174 38
593 1175 41
593 1176 17
594 1177 29
594 1178 83
595 1179 79
595 1180 71
596 1181 55
596 1182 92
597 1183 18
597 1184 19
598 1185 100
598 1186 20
599 1187 69
599 1188 51
600 1189 57
600 1190 88
601 1191 42
601 1192 58
602 1193 58
602 1194 95
603 1195 39
603 1196 65
604 1197 82
604 1198 77
605 1199 21
605 1200 24
606 1201 71
606 1202 68
607 1203 87
607 1204 59
608 1205 43
608 1206 41
609 1207 82
609 1208 68
610 1209 43
610 1210 12
611 1211 1
611 1212 30
612 1213 63
612 1214 31
613 1215 48
613 1216 53
614 1217 71
614 1218 43
615 1219 43
615 1220 41
616 1221 20
616 1222 41
617 1223 84
617 1224 85
618 1225 35
618 1226 21
619 1227 52
619 1228 80
620 1229 21
620 1230 2
621 1231 60
621 1232 77
622 1233 40
622 1234 55
623 1235 43
623 1236 83
624 1237 78
624 1238 50
625 1239 99
625 1240 71
626 1241 56
626 1242 40
627 1243 37
627 1244 80
628 1245 33
628 1246 46
629 1247 39
629 1248 15
630 1249 4
630 1250 96
631 1251 80
631 1252 61
632 1253 32
632 1254 43
633 1255 71
633 1256 93
634 1257 60
634 1258 57
635 1259 18
635 1260 100
636 1261 91
636 1262 4
637 1263 76
637 1264 79
638 1265 64
638 1266 63
639 1267 31
639 1268 65
640 1269 81
640 1270 73
641 1271 22
641 1272 98
642 1273 89
642 1274 57
643 1275 5
643 1276 53
644 1277 44
644 1278 39
645 1279 71
645 1280 18
646 1281 87
646 1282 21
647 1283 12
647 1284 40
648 1285 64
648 1286 100
649 1287 7
649 1288 40
650 1289 39
650 1290 31
651 1291 94
651 1292 55
652 1293 90
652 1294 38
653 1295 82
653 1296 96
654 1297 30
654 1298 61
655 1299 30
655 1300 48
656 1301 43
656 1302 92
657 1303 46
657 1304 56
658 1305 96
658 1306 13
659 1307 80
659 1308 41
660 1309 62
660 1310 71
661 1311 71
661 1312 24
662 1313 77
662 1314 34
663 1315 93
663 1316 11
664 1317 15
664 1318 92
665 1319 25
665 1320 80
666 1321 39
666 1322 63
667 1323 14
667 1324 23
668 1325 51
668 1326 88
669 1327 69
669 1328 85
670 1329 22
670 1330 49
671 1331 100
671 1332 24
672 1333 72
672 1334 97
673 1335 32
673 1336 59
674 1337 20
674 1338 25
675 1339 1
675 1340 63
676 1341 11
676 1342 91
677 1343 20
677 1344 79
678 1345 4
678 1346 58
679 1347 87
679 1348 79
680 1349 99
680 1350 76
681 1351 12
681 1352 34
682 1353 22
682 1354 71
683 1355 38
683 1356 100
684 1357 15
684 1358 74
685 1359 97
685 1360 94
686 1361 12
686 1362 82
687 1363 81
687 1364 88
688 1365 92
688 1366 51
689 1367 31
689 1368 19
690 1369 96
690 1370 58
691 1371 52
691 1372 86
692 1373 86
692 1374 26
693 1375 48
693 1376 15
694 1377 51
694 1378 69
695 1379 79
695 1380 24
696 1381 72
696 1382 90
697 1383 36
697 1384 82
698 1385 90
698 1386 22
699 1387 38
699 1388 95
700 1389 98
700 1390 16
701 1391 19
701 1392 9
702 1393 56
702 1394 79
703 1395 5
703 1396 52
704 1397 23
704 1398 62
705 1399 22
705 1400 79
706 1401 47
706 1402 95
707 1403 49
707 1404 43
708 1405 22
708 1406 62
709 1407 13
709 1408 11
710 1409 64
710 1410 44
711 1411 36
711 1412 92
712 1413 30
712 1414 4
713 1415 69
713 1416 5
714 1417 95
714 1418 81
715 1419 15
715 1420 83
716 1421 79
716 1422 34
717 1423 84
717 1424 100
718 1425 19
718 1426 70
719 1427 91
719 1428 98
720 1429 9
720 1430 40
721 1431 65
721 1432 23
722 1433 46
722 1434 20
723 1435 46
723 1436 66
724 1437 48
724 1438 85
725 1439 81
725 1440 31
726 1441 10
726 1442 59
727 1443 71
727 1444 36
728 1445 36
728 1446 61
729 1447 47
729 1448 51
730 1449 25
730 1450 50
731 1451 31
731 1452 73
732 1453 43
732 1454 67
733 1455 55
733 1456 44
734 1457 88
734 1458 44
735 1459 36
735 1460 29
736 1461 39
736 1462 40
737 1463 66
737 1464 22
738 1465 23
738 1466 20
739 1467 64
739 1468 42
740 1469 67
740 1470 73
741 1471 16
741 1472 33
742 1473 3
742 1474 12
743 1475 65
743 1476 97
744 1477 20
744 1478 79
745 1479 85
745 1480 20
746 1481 78
746 1482 62
747 1483 69
747 1484 23
748 1485 71
748 1486 85
749 1487 55
749 1488 22
750 1489 93
750 1490 35
751 1491 96
751 1492 85
752 1493 7
752 1494 17
753 1495 89
753 1496 14
754 1497 61
754 1498 8
755 1499 53
755 1500 21
756 1501 81
756 1502 50
757 1503 46
757 1504 62
758 1505 8
758 1506 3
759 1507 77
759 1508 91
760 1509 21
760 1510 63
761 1511 63
761 1512 11
762 1513 66
762 1514 4
763 1515 24
763 1516 20
764 1517 49
764 1518 60
765 1519 99
765 1520 8
766 1521 4
766 1522 43
767 1523 82
767 1524 20
768 1525 46
768 1526 99
769 1527 53
769 1528 21
770 1529 38
770 1530 68
771 1531 21
771 1532 57
772 1533 12
772 1534 74
773 1535 14
773 1536 6
774 1537 93
774 1538 91
775 1539 99
775 1540 23
776 1541 25
776 1542 92
777 1543 64
777 1544 41
778 1545 27
778 1546 83
779 1547 65
779 1548 80
780 1549 79
780 1550 34
781 1551 44
781 1552 88
782 1553 97
782 1554 11
783 1555 50
783 1556 16
784 1557 28
784 1558 81
785 1559 35
785 1560 41
786 1561 77
786 1562 65
787 1563 57
787 1564 58
788 1565 52
788 1566 35
789 1567 51
789 1568 78
790 1569 68
790 1570 11
791 1571 1
791 1572 66
792 1573 88
792 1574 9
793 1575 46
793 1576 98
794 1577 99
794 1578 69
795 1579 62
795 1580 70
796 1581 49
796 1582 5
797 1583 1
797 1584 38
798 1585 83
798 1586 45
799 1587 64
799 1588 34
800 1589 10
800 1590 32
801 1591 91
801 1592 22
802 1593 84
802 1594 3
803 1595 64
803 1596 50
804 1597 76
804 1598 15
805 1599 90
805 1600 44
806 1601 4
806 1602 6
807 1603 17
807 1604 45
808 1605 64
808 1606 15
809 1607 61
809 1608 100
810 1609 67
810 1610 63
811 1611 44
811 1612 80
812 1613 76
812 1614 80
813 1615 12
813 1616 40
814 1617 49
814 1618 96
815 1619 86
815 1620 47
816 1621 16
816 1622 39
817 1623 89
817 1624 69
818 1625 100
818 1626 62
819 1627 18
819 1628 57
820 1629 73
820 1630 12
821 1631 82
821 1632 89
822 1633 70
822 1634 1
823 1635 14
823 1636 70
824 1637 69
824 1638 78
825 1639 44
825 1640 96
826 1641 29
826 1642 88
827 1643 13
827 1644 58
828 1645 79
828 1646 94
829 1647 94
829 1648 80
830 1649 98
830 1650 83
831 1651 9
831 1652 71
832 1653 94
832 1654 54
833 1655 37
833 1656 5
834 1657 45
834 1658 6
835 1659 24
835 1660 32
836 1661 79
836 1662 49
837 1663 10
837 1664 60
838 1665 24
838 1666 15
839 1667 73
839 1668 98
840 1669 100
840 1670 11
841 1671 50
841 1672 21
842 1673 45
842 1674 28
843 1675 56
843 1676 70
844 1677 78
844 1678 73
845 1679 72
845 1680 79
846 1681 9
846 1682 29
847 1683 31
847 1684 68
848 1685 32
848 1686 75
849 1687 5
849 1688 15
850 1689 38
850 1690 23
851 1691 88
851 1692 45
852 1693 26
852 1694 99
853 1695 82
853 1696 48
854 1697 44
854 1698 65
855 1699 80
855 1700 99
856 1701 5
856 1702 7
857 1703 10
857 1704 16
858 1705 26
858 1706 39
859 1707 36
859 1708 51
860 1709 63
860 1710 84
861 1711 24
861 1712 43
862 1713 50
862 1714 100
863 1715 25
863 1716 61
864 1717 80
864 1718 48
865 1719 15
865 1720 39
866 1721 46
866 1722 4
867 1723 93
867 1724 68
868 1725 94
868 1726 7
869 1727 42
869 1728 73
870 1729 47
870 1730 51
871 1731 27
871 1732 93
872 1733 8
872 1734 54
873 1735 90
873 1736 43
874 1737 82
874 1738 41
875 1739 8
875 1740 33
876 1741 74
876 1742 45
877 1743 41
877 1744 38
878 1745 77
878 1746 96
879 1747 28
879 1748 22
880 1749 90
880 1750 12
881 1751 44
881 1752 59
882 1753 97
882 1754 92
883 1755 52
883 1756 90
884 1757 75
884 1758 55
885 1759 57
885 1760 19
886 1761 53
886 1762 22
887 1763 86
887 1764 88
888 1765 86
888 1766 92
889 1767 10
889 1768 56
890 1769 26
890 1770 26
891 1771 96
891 1772 79
892 1773 6
892 1774 43
893 1775 76
893 1776 41
894 1777 97
894 1778 81
895 1779 59
895 1780 52
896 1781 53
896 1782 61
897 1783 54
897 1784 73
898 1785 9
898 1786 36
899 1787 76
899 1788 70
900 1789 90
900 1790 72
901 1791 72
901 1792 31
902 1793 36
902 1794 32
903 1795 72
903 1796 100
904 1797 51
904 1798 84
905 1799 86
905 1800 65
906 1801 46
906 1802 43
907 1803 51
907 1804 32
908 1805 55
908 1806 43
909 1807 91
909 1808 35
910 1809 50
910 1810 84
911 1811 57
911 1812 71
912 1813 45
912 1814 40
913 1815 37
913 1816 96
914 1817 18
914 1818 28
915 1819 4
915 1820 70
916 1821 29
916 1822 98
917 1823 15
917 1824 80
918 1825 38
918 1826 13
919 1827 23
919 1828 11
920 1829 11
920 1830 59
921 1831 26
921 1832 47
922 1833 84
922 1834 84
923 1835 62
923 1836 83
924 1837 47
924 1838 89
925 1839 5
925 1840 55
926 1841 11
926 1842 51
927 1843 44
927 1844 67
928 1845 40
928 1846 25
929 1847 99
929 1848 23
930 1849 67
930 1850 74
931 1851 76
931 1852 41
932 1853 3
932 1854 61
933 1855 78
933 1856 87
934 1857 5
934 1858 11
935 1859 27
935 1860 66
936 1861 62
936 1862 60
937 1863 92
937 1864 80
938 1865 83
938 1866 52
939 1867 29
939 1868 55
940 1869 92
940 1870 49
941 1871 37
941 1872 8
942 1873 87
942 1874 31
943 1875 3
943 1876 90
944 1877 58
944 1878 35
945 1879 44
945 1880 95
946 1881 83
946 1882 52
947 1883 38
947 1884 17
948 1885 27
948 1886 10
949 1887 22
949 1888 65
950 1889 4
950 1890 51
951 1891 11
951 1892 39
952 1893 24
952 1894 75
953 1895 91
953 1896 39
954 1897 85
954 1898 85
955 1899 39
955 1900 83
956 1901 57
956 1902 11
957 1903 98
957 1904 60
958 1905 100
958 1906 97
959 1907 44
959 1908 65
960 1909 50
960 1910 25
961 1911 64
961 1912 48
962 1913 56
962 1914 61
963 1915 69
963 1916 88
964 1917 86
964 1918 92
965 1919 83
965 1920 38
966 1921 7
966 1922 59
967 1923 96
967 1924 10
968 1925 4
968 1926 74
969 1927 96
969 1928 30
970 1929 22
970 1930 40
971 1931 70
971 1932 31
972 1933 11
972 1934 67
973 1935 80
973 1936 95
974 1937 5
974 1938 4
975 1939 64
975 1940 40
976 1941 70
976 1942 2
977 1943 5
977 1944 39
978 1945 75
978 1946 79
979 1947 79
979 1948 10
980 1949 56
980 1950 3
981 1951 91
981 1952 55
982 1953 92
982 1954 53
983 1955 51
983 1956 51
984 1957 24
984 1958 43
985 1959 43
985 1960 21
986 1961 92
986 1962 71
987 1963 19
987 1964 19
988 1965 17
988 1966 98
989 1967 71
989 1968 13
990 1969 62
990 1970 58
991 1971 82
991 1972 62
992 1973 71
992 1974 46
993 1975 90
993 1976 82
994 1977 94
994 1978 26
995 1979 40
995 1980 89
996 1981 41
996 1982 37
997 1983 85
997 1984 31
998 1985 34
998 1986 83
999 1987 31
999 1988 94
1000 1989 48
1000 1990 29
1001 1991 41
1001 1992 47
1002 1993 80
1002 1994 57
1003 1995 75
1003 1996 49
1004 1997 57
1004 1998 33
1005 1999 86
1005 2000 11
1006 2001 87
1006 2002 91
1007 2003 68
1007 2004 71
1008 2005 71
1008 2006 89
1009 2007 91
1009 2008 68
1010 2009 61
1010 2010 93
1011 2011 36
1011 2012 89
1012 2013 60
1012 2014 49
1013 2015 32
1013 2016 23
1014 2017 74
1014 2018 64
1015 2019 35
1015 2020 7
1016 2021 27
1016 2022 37
1017 2023 61
1017 2024 48
1018 2025 93
1018 2026 91
1019 2027 67
1019 2028 99
1020 2029 21
1020 2030 67
1021 2031 55
1021 2032 23
1022 2033 36
1022 2034 35
1023 2035 91
1023 2036 52
1024 2037 40
1024 2038 98
1025 2039 97
1025 2040 86
1026 2041 4
1026 2042 32
1027 2043 34
1027 2044 33
1028 2045 7
1028 2046 96
1029 2047 13
1029 2048 61
1030 2049 71
1030 2050 37
1031 2051 45
1031 2052 22
1032 2053 37
1032 2054 71
1033 2055 44
1033 2056 95
1034 2057 33
1034 2058 90
1035 2059 28
1035 2060 86
1036 2061 73
1036 2062 66
1037 2063 39
1037 2064 89
1038 2065 63
1038 2066 80
1039 2067 80
1039 2068 37
1040 2069 70
1040 2070 67
1041 2071 69
1041 2072 18
1042 2073 96
1042 2074 80
1043 2075 99
1043 2076 70
1044 2077 70
1044 2078 34
1045 2079 45
1045 2080 44
1046 2081 28
1046 2082 99
1047 2083 80
1047 2084 21
1048 2085 87
1048 2086 1
1049 2087 73
1049 2088 7
1050 2089 83
1050 2090 99
1051 2091 80
1051 2092 72
1052 2093 2
1052 2094 28
1053 2095 18
1053 2096 34
1054 2097 72
1054 2098 3
1055 2099 45
1055 2100 24
1056 2101 5
1056 2102 86
1057 2103 25
1057 2104 85
1058 2105 18
1058 2106 79
1059 2107 65
1059 2108 11
1060 2109 54
1060 2110 29
1061 2111 24
1061 2112 51
1062 2113 1
1062 2114 96
1063 2115 53
1063 2116 44
1064 2117 33
1064 2118 98
1065 2119 100
1065 2120 71
1066 2121 23
1066 2122 8
1067 2123 76
1067 2124 84
1068 2125 10
1068 2126 27
1069 2127 99
1069 2128 50
1070 2129 26
1070 2130 26
1071 2131 19
1071 2132 46
1072 2133 17
1072 2134 41
1073 2135 19
1073 2136 76
1074 2137 20
1074 2138 67
1075 2139 58
1075 2140 10
1076 2141 37
1076 2142 22
1077 2143 62
1077 2144 21
1078 2145 63
1078 2146 91
1079 2147 100
1079 2148 35
1080 2149 84
1080 2150 92
1081 2151 91
1081 2152 97
1082 2153 83
1082 2154 37
1083 2155 35
1083 2156 80
1084 2157 26
1084 2158 75
1085 2159 83
1085 2160 45
1086 2161 48
1086 2162 34
1087 2163 62
1087 2164 21
1088 2165 51
1088 2166 63
1089 2167 99
1089 2168 93
1090 2169 52
1090 2170 62
1091 2171 74
1091 2172 20
1092 2173 39
1092 2174 32
1093 2175 21
1093 2176 88
1094 2177 62
1094 2178 50
1095 2179 84
1095 2180 99
1096 2181 53
1096 2182 84
1097 2183 97
1097 2184 66
1098 2185 30
1098 2186 84
1099 2187 73
1099 2188 48
1100 2189 24
1100 2190 100
1101 2191 14
1101 2192 28
1102 2193 79
1102 2194 8
1103 2195 77
1103 2196 23
1104 2197 21
1104 2198 5
1105 2199 2
1105 2200 40
1106 2201 41
1106 2202 3
1107 2203 60
1107 2204 26
1108 2205 63
1108 2206 77
1109 2207 62
1109 2208 7
1110 2209 74
1110 2210 20
1111 2211 73
1111 2212 48
1112 2213 5
1112 2214 20
1113 2215 73
1113 2216 49
1114 2217 4
1114 2218 16
1115 2219 80
1115 2220 56
1116 2221 13
1116 2222 74
1117 2223 17
1117 2224 7
1118 2225 91
1118 2226 81
1119 2227 27
1119 2228 76
1120 2229 74
1120 2230 88
1121 2231 54
1121 2232 96
1122 2233 37
1122 2234 79
1123 2235 28
1123 2236 100
1124 2237 58
1124 2238 64
1125 2239 50
1125 2240 80
1126 2241 39
1126 2242 86
1127 2243 85
1127 2244 90
1128 2245 89
1128 2246 48
1129 2247 48
1129 2248 81
1130 2249 2
1130 2250 40
1131 2251 49
1131 2252 1
1132 2253 14
1132 2254 93
1133 2255 55
1133 2256 79
1134 2257 50
1134 2258 73
1135 2259 18
1135 2260 71
1136 2261 54
1136 2262 34
1137 2263 64
1137 2264 49
1138 2265 19
1138 2266 45
1139 2267 66
1139 2268 91
1140 2269 46
1140 2270 13
1141 2271 17
1141 2272 92
1142 2273 51
1142 2274 23
1143 2275 32
1143 2276 49
1144 2277 89
1144 2278 70
1145 2279 23
1145 2280 83
1146 2281 18
1146 2282 70
1147 2283 35
1147 2284 60
1148 2285 96
1148 2286 50
1149 2287 43
1149 2288 80
1150 2289 46
1150 2290 7
1151 2291 90
1151 2292 57
1152 2293 87
1152 2294 35
1153 2295 17
1153 2296 96
1154 2297 91
1154 2298 75
1155 2299 96
1155 2300 76
1156 2301 41
1156 2302 7
1157 2303 68
1157 2304 22
1158 2305 71
1158 2306 60
1159 2307 68
1159 2308 46
1160 2309 93
1160 2310 95
1161 2311 5
1161 2312 69
1162 2313 48
1162 2314 47
1163 2315 45
1163 2316 100
1164 2317 67
1164 2318 64
1165 2319 25
1165 2320 14
1166 2321 47
1166 2322 36
1167 2323 5
1167 2324 40
1168 2325 36
1168 2326 32
1169 2327 60
1169 2328 11
1170 2329 72
1170 2330 54
1171 2331 10
1171 2332 18
1172 2333 94
1172 2334 39
1173 2335 84
1173 2336 61
1174 2337 43
1174 2338 80
1175 2339 62
1175 2340 3
1176 2341 17
1176 2342 35
1177 2343 52
1177 2344 67
1178 2345 54
1178 2346 47
1179 2347 26
1179 2348 81
1180 2349 65
1180 2350 81
1181 2351 90
1181 2352 19
1182 2353 36
1182 2354 2
1183 2355 23
1183 2356 73
1184 2357 5
1184 2358 98
1185 2359 97
1185 2360 40
1186 2361 64
1186 2362 8
1187 2363 99
1187 2364 46
1188 2365 9
1188 2366 59
1189 2367 49
1189 2368 98
1190 2369 85
1190 2370 25
1191 2371 4
1191 2372 6
1192 2373 49
1192 2374 41
1193 2375 55
1193 2376 83
1194 2377 3
1194 2378 43
1195 2379 36
1195 2380 19
1196 2381 37
1196 2382 67
1197 2383 34
1197 2384 85
1198 2385 27
1198 2386 44
1199 2387 63
1199 2388 77
1200 2389 60
1200 2390 80
1201 2391 74
1201 2392 34
1202 2393 31
1202 2394 90
1203 2395 48
1203 2396 98
1204 2397 8
1204 2398 27
1205 2399 11
1205 2400 26
1206 2401 55
1206 2402 76
1207 2403 64
1207 2404 86
1208 2405 14
1208 2406 46
1209 2407 86
1209 2408 77
1210 2409 67
1210 2410 63
1211 2411 31
1211 2412 78
1212 2413 26
1212 2414 51
1213 2415 52
1213 2416 15
1214 2417 44
1214 2418 15
1215 2419 94
1215 2420 69
1216 2421 58
1216 2422 79
1217 2423 90
1217 2424 57
1218 2425 43
1218 2426 59
1219 2427 87
1219 2428 98
1220 2429 70
1220 2430 49
1221 2431 41
1221 2432 87
1222 2433 24
1222 2434 80
1223 2435 35
1223 2436 28
1224 2437 15
1224 2438 3
1225 2439 54
1225 2440 32
1226 2441 67
1226 2442 54
1227 2443 55
1227 2444 4
1228 2445 23
1228 2446 64
1229 2447 60
1229 2448 48
1230 2449 36
1230 2450 6
1231 2451 82
1231 2452 85
1232 2453 18
1232 2454 9
1233 2455 2
1233 2456 46
1234 2457 94
1234 2458 9
1235 2459 97
1235 2460 8
1236 2461 95
1236 2462 33
1237 2463 65
1237 2464 55
1238 2465 85
1238 2466 77
1239 2467 79
1239 2468 3
1240 2469 62
1240 2470 24
1241 2471 87
1241 2472 73
1242 2473 85
1242 2474 9
1243 2475 14
1243 2476 82
1244 2477 89
1244 2478 86
1245 2479 63
1245 2480 47
1246 2481 73
1246 2482 88
1247 2483 59
1247 2484 61
1248 2485 99
1248 2486 38
1249 2487 89
1249 2488 1
1250 2489 20
1250 2490 68
1251 2491 22
1251 2492 94
1252 2493 9
1252 2494 94
1253 2495 27
1253 2496 84
1254 2497 52
1254 2498 17
1255 2499 26
1255 2500 18
1256 2501 56
1256 2502 42
1257 2503 30
1257 2504 21
1258 2505 25
1258 2506 42
1259 2507 16
1259 2508 67
1260 2509 41
1260 2510 14
1261 2511 2
1261 2512 22
1262 2513 49
1262 2514 47
1263 2515 55
1263 2516 79
1264 2517 12
1264 2518 93
1265 2519 43
1265 2520 50
1266 2521 57
1266 2522 34
1267 2523 80
1267 2524 70
1268 2525 27
1268 2526 51
1269 2527 89
1269 2528 21
1270 2529 3
1270 2530 8
1271 2531 33
1271 2532 95
1272 2533 74
1272 2534 82
1273 2535 98
1273 2536 43
1274 2537 46
1274 2538 92
1275 2539 21
1275 2540 24
1276 2541 10
1276 2542 81
1277 2543 25
1277 2544 59
1278 2545 62
1278 2546 30
1279 2547 1
1279 2548 5
1280 2549 35
1280 2550 32
1281 2551 24
1281 2552 55
1282 2553 74
1282 2554 93
1283 2555 80
1283 2556 30
1284 2557 14
1284 2558 19
1285 2559 98
1285 2560 98
1286 2561 53
1286 2562 14
1287 2563 86
1287 2564 74
1288 2565 96
1288 2566 89
1289 2567 27
1289 2568 55
1290 2569 64
1290 2570 14
1291 2571 98
1291 2572 61
1292 2573 30
1292 2574 96
1293 2575 22
1293 2576 2
1294 2577 83
1294 2578 73
1295 2579 7
1295 2580 23
1296 2581 53
1296 2582 53
1297 2583 51
1297 2584 70
1298 2585 93
1298 2586 69
1299 2587 83
1299 2588 26
1300 2589 19
1300 2590 14
1301 2591 40
1301 2592 46
1302 2593 65
1302 2594 80
1303 2595 44
1303 2596 69
1304 2597 38
1304 2598 51
1305 2599 49
1305 2600 3
1306 2601 70
1306 2602 62
1307 2603 27
1307 2604 77
1308 2605 26
1308 2606 7
1309 2607 15
1309 2608 13
1310 2609 12
1310 2610 72
1311 2611 3
1311 2612 3
1312 2613 71
1312 2614 91
1313 2615 81
1313 2616 70
1314 2617 100
1314 2618 23
1315 2619 63
1315 2620 75
1316 2621 33
1316 2622 42
1317 2623 15
1317 2624 71
1318 2625 44
1318 2626 31
1319 2627 10
1319 2628 85
1320 2629 71
1320 2630 16
1321 2631 35
1321 2632 58
1322 2633 27
1322 2634 36
1323 2635 1
1323 2636 92
1324 2637 29
1324 2638 59
1325 2639 63
1325 2640 68
1326 2641 10
1326 2642 1
1327 2643 34
1327 2644 26
1328 2645 34
1328 2646 13
1329 2647 59
1329 2648 8
1330 2649 99
1330 2650 6
1331 2651 2
1331 2652 35
1332 2653 53
1332 2654 57
1333 2655 6
1333 2656 5
1334 2657 98
1334 2658 30
1335 2659 72
1335 2660 20
1336 2661 50
1336 2662 63
1337 2663 52
1337 2664 22
1338 2665 90
1338 2666 22
1339 2667 88
1339 2668 16
1340 2669 82
1340 2670 36
1341 2671 84
1341 2672 75
1342 2673 40
1342 2674 60
1343 2675 16
1343 2676 74
1344 2677 60
1344 2678 67
1345 2679 13
1345 2680 98
1346 2681 10
1346 2682 71
1347 2683 33
1347 2684 65
1348 2685 62
1348 2686 87
1349 2687 76
1349 2688 97
1350 2689 18
1350 2690 74
1351 2691 89
1351 2692 79
1352 2693 89
1352 2694 38
1353 2695 87
1353 2696 28
1354 2697 62
1354 2698 74
1355 2699 87
1355 2700 82
1356 2701 61
1356 2702 56
1357 2703 32
1357 2704 49
1358 2705 43
1358 2706 42
1359 2707 53
1359 2708 18
1360 2709 13
1360 2710 1
1361 2711 36
1361 2712 1
1362 2713 98
1362 2714 9
1363 2715 54
1363 2716 20
1364 2717 84
1364 2718 73
1365 2719 42
1365 2720 46
1366 2721 42
1366 2722 62
1367 2723 33
1367 2724 9
1368 2725 38
1368 2726 97
1369 2727 87
1369 2728 49
1370 2729 100
1370 2730 33
1371 2731 88
1371 2732 70
1372 2733 33
1372 2734 14
1373 2735 98
1373 2736 53
1374 2737 35
1374 2738 69
1375 2739 13
1375 2740 64
1376 2741 60
1376 2742 36
1377 2743 47
1377 2744 78
1378 2745 11
1378 2746 21
1379 2747 60
1379 2748 27
1380 2749 72
1380 2750 89
1381 2751 72
1381 2752 53
1382 2753 6
1382 2754 49
1383 2755 78
1383 2756 18
1384 2757 42
1384 2758 74
1385 2759 5
1385 2760 83
1386 2761 81
1386 2762 70
1387 2763 68
1387 2764 24
1388 2765 74
1388 2766 95
1389 2767 46
1389 2768 23
1390 2769 65
1390 2770 58
1391 2771 79
1391 2772 70
1392 2773 4
1392 2774 9
1393 2775 52
1393 2776 42
1394 2777 73
1394 2778 91
1395 2779 10
1395 2780 70
1396 2781 38
1396 2782 35
1397 2783 2
1397 2784 51
1398 2785 32
1398 2786 32
1399 2787 11
1399 2788 69
1400 2789 2
1400 2790 38
1401 2791 13
1401 2792 7
1402 2793 68
1402 2794 82
1403 2795 40
1403 2796 25
1404 2797 43
1404 2798 3
1405 2799 69
1405 2800 42
1406 2801 10
1406 2802 73
1407 2803 91
1407 2804 86
1408 2805 62
1408 2806 47
1409 2807 30
1409 2808 29
1410 2809 3
1410 2810 28
1411 2811 86
1411 2812 44
1412 2813 6
1412 2814 72
1413 2815 82
1413 2816 27
1414 2817 6
1414 2818 33
1415 2819 57
1415 2820 48
1416 2821 50
1416 2822 49
1417 2823 37
1417 2824 74
1418 2825 57
1418 2826 32
1419 2827 35
1419 2828 53
1420 2829 15
1420 2830 88
1421 2831 62
1421 2832 72
1422 2833 85
1422 2834 2
1423 2835 98
1423 2836 17
1424 2837 87
1424 2838 76
1425 2839 43
1425 2840 59
1426 2841 55
1426 2842 97
1427 2843 88
1427 2844 12
1428 2845 52
1428 2846 95
1429 2847 70
1429 2848 64
1430 2849 51
1430 2850 88
1431 2851 41
1431 2852 39
1432 2853 50
1432 2854 1
1433 2855 89
1433 2856 88
1434 2857 13
1434 2858 1
1435 2859 60
1435 2860 67
1436 2861 42
1436 2862 27
1437 2863 93
1437 2864 1
1438 2865 47
1438 2866 61
1439 2867 18
1439 2868 74
1440 2869 31
1440 2870 45
1441 2871 46
1441 2872 93
1442 2873 41
1442 2874 49
1443 2875 35
1443 2876 100
1444 2877 79
1444 2878 50
1445 2879 60
1445 2880 62
1446 2881 67
1446 2882 7
1447 2883 84
1447 2884 69
1448 2885 2
1448 2886 57
1449 2887 66
1449 2888 86
1450 2889 49
1450 2890 29
1451 2891 16
1451 2892 38
1452 2893 79
1452 2894 11
1453 2895 81
1453 2896 27
1454 2897 30
1454 2898 32
1455 2899 91
1455 2900 66
1456 2901 52
1456 2902 20
1457 2903 73
1457 2904 42
1458 2905 23
1458 2906 32
1459 2907 38
1459 2908 18
1460 2909 34
1460 2910 8
1461 2911 55
1461 2912 48
1462 2913 99
1462 2914 59
1463 2915 42
1463 2916 12
1464 2917 6
1464 2918 96
1465 2919 87
1465 2920 24
1466 2921 72
1466 2922 3
1467 2923 53
1467 2924 22
1468 2925 18
1468 2926 77
1469 2927 16
1469 2928 89
1470 2929 63
1470 2930 61
1471 2931 6
1471 2932 79
1472 2933 78
1472 2934 14
1473 2935 90
1473 2936 76
1474 2937 96
1474 2938 27
1475 2939 67
1475 2940 50
1476 2941 59
1476 2942 61
1477 2943 88
1477 2944 29
1478 2945 37
1478 2946 99
1479 2947 41
1479 2948 8
1480 2949 76
1480 2950 63
1481 2951 43
1481 2952 29
1482 2953 68
1482 2954 31
1483 2955 11
1483 2956 69
1484 2957 2
1484 2958 97
1485 2959 97
1485 2960 31
1486 2961 97
1486 2962 89
1487 2963 40
1487 2964 1
1488 2965 70
1488 2966 17
1489 2967 81
1489 2968 17
1490 2969 19
1490 2970 89
1491 2971 98
1491 2972 74
1492 2973 13
1492 2974 69
1493 2975 79
1493 2976 39
1494 2977 37
1494 2978 78
1495 2979 6
1495 2980 42
1496 2981 33
1496 2982 44
1497 2983 95
1497 2984 65
1498 2985 95
1498 2986 63
1499 2987 33
1499 2988 100
1500 2989 100
1500 2990 6
1501 2991 89
1501 2992 66
1502 2993 29
1502 2994 63
1503 2995 47
1503 2996 15
1504 2997 91
1504 2998 84
1505 2999 33
1505 3000 79
1506 3001 27
1506 3002 27
1507 3003 21
1507 3004 100
1508 3005 1
1508 3006 84
1509 3007 45
1509 3008 42
1510 3009 48
1510 3010 79
1511 3011 45
1511 3012 32
1512 3013 24
1512 3014 83
1513 3015 61
1513 3016 40
1514 3017 51
1514 3018 21
1515 3019 62
1515 3020 87
1516 3021 88
1516 3022 55
1517 3023 97
1517 3024 42
1518 3025 66
1518 3026 67
1519 3027 72
1519 3028 76
1520 3029 1
1520 3030 87
1521 3031 1
1521 3032 2
1522 3033 52
1522 3034 95
1523 3035 53
1523 3036 65
1524 3037 23
1524 3038 69
1525 3039 1
1525 3040 66
1526 3041 89
1526 3042 19
1527 3043 40
1527 3044 16
1528 3045 54
1528 3046 90
1529 3047 22
1529 3048 4
1530 3049 27
1530 3050 53
1531 3051 37
1531 3052 3
1532 3053 78
1532 3054 38
1533 3055 55
1533 3056 20
1534 3057 61
1534 3058 27
1535 3059 41
1535 3060 15
1536 3061 2
1536 3062 15
1537 3063 37
1537 3064 55
1538 3065 6
1538 3066 67
1539 3067 78
1539 3068 33
1540 3069 89
1540 3070 62
1541 3071 8
1541 3072 81
1542 3073 77
1542 3074 78
1543 3075 96
1543 3076 17
1544 3077 11
1544 3078 4
1545 3079 66
1545 3080 74
1546 3081 31
1546 3082 10
1547 3083 19
1547 3084 8
1548 3085 73
1548 3086 56
1549 3087 78
1549 3088 83
1550 3089 31
1550 3090 54
1551 3091 35
1551 3092 12
1552 3093 45
1552 3094 38
1553 3095 86
1553 3096 95
1554 3097 54
1554 3098 17
1555 3099 84
1555 3100 82
1556 3101 83
1556 3102 46
1557 3103 72
1557 3104 87
1558 3105 51
1558 3106 20
1559 3107 21
1559 3108 23
1560 3109 34
1560 3110 2
1561 3111 58
1561 3112 25
1562 3113 29
1562 3114 13
1563 3115 24
1563 3116 77
1564 3117 68
1564 3118 29
1565 3119 97
1565 3120 63
1566 3121 3
1566 3122 3
1567 3123 51
1567 3124 46
1568 3125 49
1568 3126 94
1569 3127 23
1569 3128 71
1570 3129 92
1570 3130 76
1571 3131 77
1571 3132 98
1572 3133 61
1572 3134 37
1573 3135 96
1573 3136 74
1574 3137 81
1574 3138 64
1575 3139 69
1575 3140 78
1576 3141 85
1576 3142 80
1577 3143 40
1577 3144 71
1578 3145 41
1578 3146 62
1579 3147 38
1579 3148 76
1580 3149 51
1580 3150 57
1581 3151 86
1581 3152 13
1582 3153 16
1582 3154 30
1583 3155 4
1583 3156 42
1584 3157 68
1584 3158 68
1585 3159 94
1585 3160 33
1586 3161 72
1586 3162 19
1587 3163 3
1587 3164 66
1588 3165 64
1588 3166 97
1589 3167 70
1589 3168 37
1590 3169 33
1590 3170 58
1591 3171 7
1591 3172 40
1592 3173 1
1592 3174 70
1593 3175 51
1593 3176 100
1594 3177 30
1594 3178 54
1595 3179 82
1595 3180 3
1596 3181 99
1596 3182 56
1597 3183 38
1597 3184 63
1598 3185 14
1598 3186 38
1599 3187 75
1599 3188 71
1600 3189 46
1600 3190 4
1601 3191 6
1601 3192 54
1602 3193 99
1602 3194 91
1603 3195 47
1603 3196 19
1604 3197 80
1604 3198 58
1605 3199 88
1605 3200 48
1606 3201 80
1606 3202 3
1607 3203 4
1607 3204 3
1608 3205 98
1608 3206 41
1609 3207 37
1609 3208 12
1610 3209 25
1610 3210 60
1611 3211 14
1611 3212 10
1612 3213 46
1612 3214 11
1613 3215 13
1613 3216 53
1614 3217 64
1614 3218 71
1615 3219 74
1615 3220 53
1616 3221 5
1616 3222 86
1617 3223 99
1617 3224 45
1618 3225 42
1618 3226 25
1619 3227 24
1619 3228 56
1620 3229 17
1620 3230 45
1621 3231 97
1621 3232 21
1622 3233 3
1622 3234 9
1623 3235 91
1623 3236 65
1624 3237 94
1624 3238 83
1625 3239 58
1625 3240 13
1626 3241 46
1626 3242 58
1627 3243 71
1627 3244 81
1628 3245 64
1628 3246 42
1629 3247 92
1629 3248 52
1630 3249 80
1630 3250 64
1631 3251 30
1631 3252 90
1632 3253 35
1632 3254 88
1633 3255 7
1633 3256 84
1634 3257 99
1634 3258 4
1635 3259 37
1635 3260 18
1636 3261 79
1636 3262 33
1637 3263 74
1637 3264 100
1638 3265 28
1638 3266 8
1639 3267 40
1639 3268 38
1640 3269 41
1640 3270 38
1641 3271 7
1641 3272 13
1642 3273 4
1642 3274 39
1643 3275 70
1643 3276 26
1644 3277 29
1644 3278 63
1645 3279 57
1645 3280 58
1646 3281 48
1646 3282 26
1647 3283 28
1647 3284 65
1648 3285 30
1648 3286 43
1649 3287 17
1649 3288 90
1650 3289 23
1650 3290 52
1651 3291 26
1651 3292 2
1652 3293 17
1652 3294 75
1653 3295 18
1653 3296 65
1654 3297 82
1654 3298 15
1655 3299 23
1655 3300 97
1656 3301 94
1656 3302 99
1657 3303 25
1657 3304 67
1658 3305 94
1658 3306 88
1659 3307 44
1659 3308 78
1660 3309 49
1660 3310 88
1661 3311 68
1661 3312 91
1662 3313 90
1662 3314 26
1663 3315 39
1663 3316 12
1664 3317 77
1664 3318 88
1665 3319 43
1665 3320 46
1666 3321 49
1666 3322 64
1667 3323 60
1667 3324 51
1668 3325 38
1668 3326 83
1669 3327 64
1669 3328 74
1670 3329 13
1670 3330 85
1671 3331 90
1671 3332 6
1672 3333 36
1672 3334 28
1673 3335 26
1673 3336 15
1674 3337 57
1674 3338 8
1675 3339 80
1675 3340 50
1676 3341 90
1676 3342 84
1677 3343 15
1677 3344 46
1678 3345 2
1678 3346 13
1679 3347 97
1679 3348 99
1680 3349 95
1680 3350 47
1681 3351 63
1681 3352 2
1682 3353 47
1682 3354 21
1683 3355 84
1683 3356 9
1684 3357 68
1684 3358 78
1685 3359 96
1685 3360 93
1686 3361 25
1686 3362 68
1687 3363 32
1687 3364 93
1688 3365 93
1688 3366 91
1689 3367 58
1689 3368 10
1690 3369 80
1690 3370 65
1691 3371 58
1691 3372 75
1692 3373 41
1692 3374 41
1693 3375 14
1693 3376 85
1694 3377 20
1694 3378 47
1695 3379 48
1695 3380 30
1696 3381 4
1696 3382 25
1697 3383 98
1697 3384 41
1698 3385 98
1698 3386 80
1699 3387 49
1699 3388 75
1700 3389 66
1700 3390 60
1701 3391 33
1701 3392 43
1702 3393 18
1702 3394 30
1703 3395 42
1703 3396 9
1704 3397 24
1704 3398 33
1705 3399 64
1705 3400 24
1706 3401 2
1706 3402 43
1707 3403 4
1707 3404 32
1708 3405 99
1708 3406 79
1709 3407 19
1709 3408 69
1710 3409 22
1710 3410 7
1711 3411 100
1711 3412 39
1712 3413 18
1712 3414 42
1713 3415 5
1713 3416 79
1714 3417 71
1714 3418 28
1715 3419 27
1715 3420 13
1716 3421 40
1716 3422 50
1717 3423 3
1717 3424 11
1718 3425 74
1718 3426 84
1719 3427 71
1719 3428 91
1720 3429 30
1720 3430 56
1721 3431 31
1721 3432 69
1722 3433 8
1722 3434 84
1723 3435 90
1723 3436 44
1724 3437 96
1724 3438 27
1725 3439 73
1725 3440 69
1726 3441 28
1726 3442 24
1727 3443 31
1727 3444 27
1728 3445 19
1728 3446 94
1729 3447 81
1729 3448 80
1730 3449 40
1730 3450 93
1731 3451 9
1731 3452 58
1732 3453 25
1732 3454 75
1733 3455 21
1733 3456 9
1734 3457 10
1734 3458 31
1735 3459 92
1735 3460 49
1736 3461 18
1736 3462 43
1737 3463 74
1737 3464 6
1738 3465 10
1738 3466 50
1739 3467 76
1739 3468 38
1740 3469 49
1740 3470 100
1741 3471 21
1741 3472 33
1742 3473 38
1742 3474 56
1743 3475 86
1743 3476 79
1744 3477 58
1744 3478 21
1745 3479 48
1745 3480 40
1746 3481 50
1746 3482 62
1747 3483 63
1747 3484 82
1748 3485 42
1748 3486 72
1749 3487 17
1749 3488 23
1750 3489 60
1750 3490 45
1751 3491 13
1751 3492 39
1752 3493 16
1752 3494 50
1753 3495 93
1753 3496 23
1754 3497 92
1754 3498 86
1755 3499 95
1755 3500 69
1756 3501 31
1756 3502 52
1757 3503 79
1757 3504 75
1758 3505 13
1758 3506 95
1759 3507 35
1759 3508 39
1760 3509 39
1760 3510 80
1761 3511 17
1761 3512 78
1762 3513 95
1762 3514 66
1763 3515 70
1763 3516 47
1764 3517 11
1764 3518 52
1765 3519 51
1765 3520 22
1766 3521 47
1766 3522 67
1767 3523 78
1767 3524 89
1768 3525 11
1768 3526 91
1769 3527 9
1769 3528 76
1770 3529 80
1770 3530 57
1771 3531 22
1771 3532 97
1772 3533 50
1772 3534 58
1773 3535 18
1773 3536 86
1774 3537 41
1774 3538 33
1775 3539 63
1775 3540 57
1776 3541 79
1776 3542 40
1777 3543 26
1777 3544 28
1778 3545 36
1778 3546 90
1779 3547 53
1779 3548 89
1780 3549 55
1780 3550 90
1781 3551 89
1781 3552 90
1782 3553 68
1782 3554 69
1783 3555 18
1783 3556 94
1784 3557 68
1784 3558 20
1785 3559 28
1785 3560 82
1786 3561 62
1786 3562 5
1787 3563 84
1787 3564 3
1788 3565 1
1788 3566 39
1789 3567 37
1789 3568 64
1790 3569 16
1790 3570 97
1791 3571 18
1791 3572 5
1792 3573 94
1792 3574 78
1793 3575 46
1793 3576 90
1794 3577 24
1794 3578 89
1795 3579 14
1795 3580 10
1796 3581 7
1796 3582 5
1797 3583 81
1797 3584 38
1798 3585 65
1798 3586 13
1799 3587 86
1799 3588 68
1800 3589 94
1800 3590 21
1801 3591 55
1801 3592 2
1802 3593 49
1802 3594 53
1803 3595 55
1803 3596 18
1804 3597 83
1804 3598 47
1805 3599 54
1805 3600 30
1806 3601 67
1806 3602 74
1807 3603 15
1807 3604 74
1808 3605 75
1808 3606 8
1809 3607 39
1809 3608 39
1810 3609 97
1810 3610 49
1811 3611 94
1811 3612 18
1812 3613 34
1812 3614 40
1813 3615 33
1813 3616 95
1814 3617 43
1814 3618 89
1815 3619 25
1815 3620 99
1816 3621 7
1816 3622 77
1817 3623 34
1817 3624 20
1818 3625 98
1818 3626 98
1819 3627 57
1819 3628 99
1820 3629 44
1820 3630 65
1821 3631 7
1821 3632 12
1822 3633 55
1822 3634 9
1823 3635 13
1823 3636 3
1824 3637 42
1824 3638 22
1825 3639 92
1825 3640 69
1826 3641 9
1826 3642 28
1827 3643 79
1827 3644 84
1828 3645 28
1828 3646 1
1829 3647 61
1829 3648 23
1830 3649 67
1830 3650 22
1831 3651 63
1831 3652 48
1832 3653 47
1832 3654 60
1833 3655 99
1833 3656 16
1834 3657 23
1834 3658 93
1835 3659 90
1835 3660 100
1836 3661 65
1836 3662 13
1837 3663 14
1837 3664 71
1838 3665 97
1838 3666 7
1839 3667 21
1839 3668 39
1840 3669 26
1840 3670 45
1841 3671 24
1841 3672 98
1842 3673 86
1842 3674 68
1843 3675 37
1843 3676 38
1844 3677 39
1844 3678 37
1845 3679 46
1845 3680 30
1846 3681 87
1846 3682 26
1847 3683 51
1847 3684 74
1848 3685 4
1848 3686 31
1849 3687 90
1849 3688 66
1850 3689 30
1850 3690 77
1851 3691 73
1851 3692 3
1852 3693 64
1852 3694 31
1853 3695 46
1853 3696 29
1854 3697 97
1854 3698 23
1855 3699 47
1855 3700 11
1856 3701 72
1856 3702 34
1857 3703 16
1857 3704 49
1858 3705 95
1858 3706 35
1859 3707 65
1859 3708 22
1860 3709 47
1860 3710 43
1861 3711 87
1861 3712 84
1862 3713 34
1862 3714 24
1863 3715 98
1863 3716 96
1864 3717 7
1864 3718 28
1865 3719 50
1865 3720 44
1866 3721 38
1866 3722 67
1867 3723 6
1867 3724 87
1868 3725 83
1868 3726 56
1869 3727 68
1869 3728 33
1870 3729 29
1870 3730 67
1871 3731 96
1871 3732 32
1872 3733 63
1872 3734 17
1873 3735 19
1873 3736 1
1874 3737 68
1874 3738 17
1875 3739 52
1875 3740 84
1876 3741 58
1876 3742 34
1877 3743 30
1877 3744 68
1878 3745 94
1878 3746 56
1879 3747 6
1879 3748 79
1880 3749 86
1880 3750 19
1881 3751 11
1881 3752 87
1882 3753 28
1882 3754 96
1883 3755 78
1883 3756 18
1884 3757 82
1884 3758 37
1885 3759 7
1885 3760 75
1886 3761 75
1886 3762 35
1887 3763 57
1887 3764 80
1888 3765 71
1888 3766 27
1889 3767 99
1889 3768 13
1890 3769 90
1890 3770 97
1891 3771 64
1891 3772 17
1892 3773 71
1892 3774 96
1893 3775 89
1893 3776 38
1894 3777 94
1894 3778 50
1895 3779 67
1895 3780 4
1896 3781 13
1896 3782 30
1897 3783 25
1897 3784 46
1898 3785 36
1898 3786 81
1899 3787 62
1899 3788 7
1900 3789 36
1900 3790 49
1901 3791 82
1901 3792 17
1902 3793 2
1902 3794 99
1903 3795 57
1903 3796 79
1904 3797 9
1904 3798 10
1905 3799 81
1905 3800 79
1906 3801 10
1906 3802 18
1907 3803 90
1907 3804 57
1908 3805 29
1908 3806 45
1909 3807 95
1909 3808 3
1910 3809 82
1910 3810 82
1911 3811 66
1911 3812 73
1912 3813 29
1912 3814 63
1913 3815 84
1913 3816 43
1914 3817 76
1914 3818 99
1915 3819 38
1915 3820 91
1916 3821 33
1916 3822 24
1917 3823 34
1917 3824 27
1918 3825 15
1918 3826 18
1919 3827 45
1919 3828 4
1920 3829 77
1920 3830 96
1921 3831 69
1921 3832 1
1922 3833 17
1922 3834 5
1923 3835 46
1923 3836 72
1924 3837 36
1924 3838 78
1925 3839 82
1925 3840 30
1926 3841 40
1926 3842 9
1927 3843 40
1927 3844 55
1928 3845 52
1928 3846 67
1929 3847 77
1929 3848 91
1930 3849 71
1930 3850 19
1931 3851 32
1931 3852 73
1932 3853 81
1932 3854 79
1933 3855 70
1933 3856 66
1934 3857 100
1934 3858 73
1935 3859 63
1935 3860 100
1936 3861 50
1936 3862 64
1937 3863 84
1937 3864 70
1938 3865 29
1938 3866 69
1939 3867 19
1939 3868 43
1940 3869 27
1940 3870 28
1941 3871 13
1941 3872 85
1942 3873 92
1942 3874 48
1943 3875 5
1943 3876 55
1944 3877 98
1944 3878 83
1945 3879 18
1945 3880 17
1946 3881 85
1946 3882 71
1947 3883 39
1947 3884 24
1948 3885 41
1948 3886 67
1949 3887 30
1949 3888 69
1950 3889 30
1950 3890 81
1951 3891 7
1951 3892 27
1952 3893 19
1952 3894 67
1953 3895 15
1953 3896 27
1954 3897 20
1954 3898 65
1955 3899 93
1955 3900 48
1956 3901 16
1956 3902 100
1957 3903 62
1957 3904 8
1958 3905 12
1958 3906 94
1959 3907 40
1959 3908 82
1960 3909 80
1960 3910 32
1961 3911 100
1961 3912 60
1962 3913 46
1962 3914 10
1963 3915 33
1963 3916 8
1964 3917 41
1964 3918 64
1965 3919 4
1965 3920 49
1966 3921 40
1966 3922 74
1967 3923 7
1967 3924 18
1968 3925 10
1968 3926 13
1969 3927 91
1969 3928 40
1970 3929 68
1970 3930 92
1971 3931 7
1971 3932 73
1972 3933 23
1972 3934 17
1973 3935 80
1973 3936 82
1974 3937 84
1974 3938 25
1975 3939 58
1975 3940 6
1976 3941 87
1976 3942 86
1977 3943 65
1977 3944 16
1978 3945 61
1978 3946 20
1979 3947 6
1979 3948 75
1980 3949 43
1980 3950 49
1981 3951 99
1981 3952 97
1982 3953 85
1982 3954 28
1983 3955 84
1983 3956 14
1984 3957 68
1984 3958 92
1985 3959 13
1985 3960 95
1986 3961 96
1986 3962 19
1987 3963 31
1987 3964 57
1988 3965 3
1988 3966 38
1989 3967 9
1989 3968 65
1990 3969 4
1990 3970 97
1991 3971 28
1991 3972 82
1992 3973 73
1992 3974 8
1993 3975 20
1993 3976 51
1994 3977 30
1994 3978 67
1995 3979 68
1995 3980 62
1996 3981 7
1996 3982 86
1997 3983 79
1997 3984 17
1998 3985 86
1998 3986 14
1999 3987 53
1999 3988 41
2000 3989 13
2000 3990 38
2001 3991 57
2001 3992 52
2002 3993 50
2002 3994 84
2003 3995 9
2003 3996 15
2004 3997 3
2004 3998 16
2005 3999 3
2005 4000 13
2006 4001 87
2006 4002 69
2007 4003 13
2007 4004 47
2008 4005 99
2008 4006 60
2009 4007 100
2009 4008 12
2010 4009 82
2010 4010 5
2011 4011 65
2011 4012 96
2012 4013 81
2012 4014 89
2013 4015 70
2013 4016 10
2014 4017 26
2014 4018 71
2015 4019 3
2015 4020 96
2016 4021 86
2016 4022 62
2017 4023 75
2017 4024 61
2018 4025 87
2018 4026 60
2019 4027 31
2019 4028 36
2020 4029 29
2020 4030 58
2021 4031 57
2021 4032 36
2022 4033 40
2022 4034 53
2023 4035 74
2023 4036 44
2024 4037 68
2024 4038 8
2025 4039 70
2025 4040 52
2026 4041 82
2026 4042 76
2027 4043 68
2027 4044 74
2028 4045 87
2028 4046 90
2029 4047 10
2029 4048 20
2030 4049 46
2030 4050 43
2031 4051 3
2031 4052 35
2032 4053 71
2032 4054 23
2033 4055 97
2033 4056 77
2034 4057 97
2034 4058 87
2035 4059 81
2035 4060 6
2036 4061 48
2036 4062 68
2037 4063 84
2037 4064 75
2038 4065 27
2038 4066 8
2039 4067 99
2039 4068 90
2040 4069 14
2040 4070 49
2041 4071 90
2041 4072 84
2042 4073 47
2042 4074 95
2043 4075 43
2043 4076 54
2044 4077 27
2044 4078 92
2045 4079 30
2045 4080 38
2046 4081 35
2046 4082 57
2047 4083 38
2047 4084 76
2048 4085 41
2048 4086 22
2049 4087 15
2049 4088 50
2050 4089 58
2050 4090 28
2051 4091 20
2051 4092 32
2052 4093 33
2052 4094 60
2053 4095 84
2053 4096 1
2054 4097 71
2054 4098 74
2055 4099 6
2055 4100 24
2056 4101 50
2056 4102 17
2057 4103 48
2057 4104 74
2058 4105 100
2058 4106 16
2059 4107 17
2059 4108 42
2060 4109 15
2060 4110 78
2061 4111 63
2061 4112 83
2062 4113 10
2062 4114 48
2063 4115 53
2063 4116 55
2064 4117 2
2064 4118 18
2065 4119 98
2065 4120 53
2066 4121 43
2066 4122 68
2067 4123 46
2067 4124 61
2068 4125 72
2068 4126 97
2069 4127 31
2069 4128 2
2070 4129 91
2070 4130 97
2071 4131 88
2071 4132 51
2072 4133 23
2072 4134 85
2073 4135 91
2073 4136 56
2074 4137 9
2074 4138 82
2075 4139 10
2075 4140 46
2076 4141 47
2076 4142 72
2077 4143 88
2077 4144 34
2078 4145 24
2078 4146 11
2079 4147 28
2079 4148 14
2080 4149 69
2080 4150 38
2081 4151 74
2081 4152 43
2082 4153 87
2082 4154 58
2083 4155 49
2083 4156 18
2084 4157 36
2084 4158 30
2085 4159 53
2085 4160 100
2086 4161 91
2086 4162 50
2087 4163 5
2087 4164 7
2088 4165 39
2088 4166 92
2089 4167 86
2089 4168 62
2090 4169 49
2090 4170 61
2091 4171 47
2091 4172 44
2092 4173 53
2092 4174 28
2093 4175 94
2093 4176 50
2094 4177 96
2094 4178 1
2095 4179 15
2095 4180 46
2096 4181 72
2096 4182 51
2097 4183 51
2097 4184 67
2098 4185 54
2098 4186 68
2099 4187 88
2099 4188 34
2100 4189 82
2100 4190 78
2101 4191 27
2101 4192 55
2102 4193 90
2102 4194 9
2103 4195 71
2103 4196 26
2104 4197 53
2104 4198 30
2105 4199 28
2105 4200 46
2106 4201 8
2106 4202 97
2107 4203 75
2107 4204 7
2108 4205 34
2108 4206 84
2109 4207 90
2109 4208 79
2110 4209 24
2110 4210 21
2111 4211 60
2111 4212 15
2112 4213 24
2112 4214 64
2113 4215 87
2113 4216 75
2114 4217 56
2114 4218 39
2115 4219 22
2115 4220 27
2116 4221 47
2116 4222 37
2117 4223 74
2117 4224 49
2118 4225 32
2118 4226 32
2119 4227 53
2119 4228 76
2120 4229 90
2120 4230 99
2121 4231 2
2121 4232 24
2122 4233 78
2122 4234 64
2123 4235 87
2123 4236 5
2124 4237 7
2124 4238 20
2125 4239 85
2125 4240 2
2126 4241 25
2126 4242 44
2127 4243 43
2127 4244 57
2128 4245 23
2128 4246 6
2129 4247 65
2129 4248 63
2130 4249 16
2130 4250 32
2131 4251 48
2131 4252 83
2132 4253 79
2132 4254 15
2133 4255 24
2133 4256 29
2134 4257 14
2134 4258 29
2135 4259 13
2135 4260 90
2136 4261 40
2136 4262 67
2137 4263 96
2137 4264 92
2138 4265 91
2138 4266 97
2139 4267 11
2139 4268 79
2140 4269 16
2140 4270 37
2141 4271 71
2141 4272 23
2142 4273 97
2142 4274 100
2143 4275 82
2143 4276 93
2144 4277 10
2144 4278 59
2145 4279 29
2145 4280 88
2146 4281 64
2146 4282 4
2147 4283 94
2147 4284 67
2148 4285 28
2148 4286 50
2149 4287 83
2149 4288 50
2150 4289 38
2150 4290 28
2151 4291 33
2151 4292 26
2152 4293 63
2152 4294 55
2153 4295 71
2153 4296 98
2154 4297 47
2154 4298 23
2155 4299 36
2155 4300 66
2156 4301 5
2156 4302 61
2157 4303 48
2157 4304 90
2158 4305 36
2158 4306 71
2159 4307 13
2159 4308 44
2160 4309 65
2160 4310 28
2161 4311 97
2161 4312 60
2162 4313 20
2162 4314 11
2163 4315 72
2163 4316 2
2164 4317 76
2164 4318 80
2165 4319 53
2165 4320 87
2166 4321 82
2166 4322 34
2167 4323 57
2167 4324 68
2168 4325 66
2168 4326 46
2169 4327 70
2169 4328 21
2170 4329 54
2170 4330 38
2171 4331 47
2171 4332 24
2172 4333 8
2172 4334 62
2173 4335 99
2173 4336 31
2174 4337 99
2174 4338 82
2175 4339 60
2175 4340 45
2176 4341 8
2176 4342 81
2177 4343 84
2177 4344 95
2178 4345 76
2178 4346 57
2179 4347 62
2179 4348 46
2180 4349 61
2180 4350 62
2181 4351 51
2181 4352 50
2182 4353 67
2182 4354 86
2183 4355 57
2183 4356 43
2184 4357 95
2184 4358 83
2185 4359 96
2185 4360 34
2186 4361 34
2186 4362 20
2187 4363 18
2187 4364 2
2188 4365 62
2188 4366 88
2189 4367 96
2189 4368 28
2190 4369 78
2190 4370 80
2191 4371 36
2191 4372 62
2192 4373 61
2192 4374 71
2193 4375 85
2193 4376 40
2194 4377 25
2194 4378 96
2195 4379 90
2195 4380 70
2196 4381 52
2196 4382 32
2197 4383 56
2197 4384 4
2198 4385 67
2198 4386 63
2199 4387 48
2199 4388 14
2200 4389 75
2200 4390 97
2201 4391 47
2201 4392 96
2202 4393 72
2202 4394 20
2203 4395 17
2203 4396 38
2204 4397 77
2204 4398 10
2205 4399 44
2205 4400 73
2206 4401 3
2206 4402 63
2207 4403 5
2207 4404 3
2208 4405 91
2208 4406 68
2209 4407 10
2209 4408 77
2210 4409 25
2210 4410 51
2211 4411 37
2211 4412 30
2212 4413 24
2212 4414 52
2213 4415 93
2213 4416 90
2214 4417 100
2214 4418 79
2215 4419 8
2215 4420 91
2216 4421 15
2216 4422 23
2217 4423 92
2217 4424 92
2218 4425 69
2218 4426 85
2219 4427 86
2219 4428 22
2220 4429 59
2220 4430 63
2221 4431 26
2221 4432 41
2222 4433 16
2222 4434 7
2223 4435 16
2223 4436 13
2224 4437 3
2224 4438 89
2225 4439 87
2225 4440 80
2226 4441 69
2226 4442 62
2227 4443 62
2227 4444 3
2228 4445 96
2228 4446 37
2229 4447 8
2229 4448 19
2230 4449 87
2230 4450 67
2231 4451 51
2231 4452 30
2232 4453 72
2232 4454 24
2233 4455 4
2233 4456 28
2234 4457 99
2234 4458 36
2235 4459 38
2235 4460 14
2236 4461 63
2236 4462 9
2237 4463 84
2237 4464 70
2238 4465 83
2238 4466 43
2239 4467 64
2239 4468 66
2240 4469 18
2240 4470 28
2241 4471 54
2241 4472 80
2242 4473 75
2242 4474 69
2243 4475 27
2243 4476 88
2244 4477 92
2244 4478 29
2245 4479 18
2245 4480 30
2246 4481 81
2246 4482 80
2247 4483 17
2247 4484 72
2248 4485 84
2248 4486 74
2249 4487 66
2249 4488 65
2250 4489 99
2250 4490 28
2251 4491 91
2251 4492 8
2252 4493 45
2252 4494 25
2253 4495 43
2253 4496 96
2254 4497 58
2254 4498 43
2255 4499 3
2255 4500 57
2256 4501 100
2256 4502 72
2257 4503 57
2257 4504 73
2258 4505 99
2258 4506 89
2259 4507 20
2259 4508 82
2260 4509 68
2260 4510 99
2261 4511 5
2261 4512 66
2262 4513 87
2262 4514 55
2263 4515 66
2263 4516 37
2264 4517 76
2264 4518 23
2265 4519 43
2265 4520 4
2266 4521 19
2266 4522 78
2267 4523 99
2267 4524 63
2268 4525 39
2268 4526 71
2269 4527 51
2269 4528 24
2270 4529 10
2270 4530 73
2271 4531 27
2271 4532 15
2272 4533 8
2272 4534 89
2273 4535 57
2273 4536 85
2274 4537 52
2274 4538 97
2275 4539 55
2275 4540 62
2276 4541 76
2276 4542 51
2277 4543 32
2277 4544 70
2278 4545 90
2278 4546 55
2279 4547 66
2279 4548 23
2280 4549 29
2280 4550 34
2281 4551 22
2281 4552 99
2282 4553 76
2282 4554 79
2283 4555 39
2283 4556 19
2284 4557 97
2284 4558 8
2285 4559 39
2285 4560 18
2286 4561 65
2286 4562 66
2287 4563 18
2287 4564 96
2288 4565 64
2288 4566 52
2289 4567 14
2289 4568 79
2290 4569 38
2290 4570 3
2291 4571 72
2291 4572 77
2292 4573 41
2292 4574 45
2293 4575 46
2293 4576 80
2294 4577 51
2294 4578 90
2295 4579 67
2295 4580 49
2296 4581 16
2296 4582 51
2297 4583 3
2297 4584 72
2298 4585 77
2298 4586 70
2299 4587 3
2299 4588 61
2300 4589 36
2300 4590 76
2301 4591 23
2301 4592 27
2302 4593 98
2302 4594 91
2303 4595 41
2303 4596 86
2304 4597 91
2304 4598 68
2305 4599 86
2305 4600 65
2306 4601 3
2306 4602 55
2307 4603 52
2307 4604 91
2308 4605 6
2308 4606 28
2309 4607 72
2309 4608 45
2310 4609 13
2310 4610 3
2311 4611 23
2311 4612 62
2312 4613 3
2312 4614 60
2313 4615 21
2313 4616 4
2314 4617 42
2314 4618 10
2315 4619 68
2315 4620 65
2316 4621 94
2316 4622 16
2317 4623 47
2317 4624 88
2318 4625 72
2318 4626 86
2319 4627 100
2319 4628 93
2320 4629 45
2320 4630 67
2321 4631 90
2321 4632 10
2322 4633 47
2322 4634 49
2323 4635 38
2323 4636 32
2324 4637 34
2324 4638 44
2325 4639 47
2325 4640 36
2326 4641 55
2326 4642 92
2327 4643 59
2327 4644 69
2328 4645 26
2328 4646 64
2329 4647 42
2329 4648 3
2330 4649 39
2330 4650 95
2331 4651 4
2331 4652 72
2332 4653 83
2332 4654 79
2333 4655 69
2333 4656 5
2334 4657 13
2334 4658 3
2335 4659 17
2335 4660 48
2336 4661 51
2336 4662 51
2337 4663 34
2337 4664 21
2338 4665 22
2338 4666 88
2339 4667 10
2339 4668 28
2340 4669 90
2340 4670 33
2341 4671 69
2341 4672 68
2342 4673 26
2342 4674 51
2343 4675 7
2343 4676 44
2344 4677 60
2344 4678 46
2345 4679 50
2345 4680 79
2346 4681 26
2346 4682 64
2347 4683 90
2347 4684 56
2348 4685 24
2348 4686 41
2349 4687 63
2349 4688 98
2350 4689 20
2350 4690 69
2351 4691 87
2351 4692 8
2352 4693 43
2352 4694 27
2353 4695 38
2353 4696 31
2354 4697 73
2354 4698 70
2355 4699 100
2355 4700 76
2356 4701 11
2356 4702 72
2357 4703 27
2357 4704 49
2358 4705 14
2358 4706 40
2359 4707 14
2359 4708 55
2360 4709 96
2360 4710 24
2361 4711 85
2361 4712 13
2362 4713 31
2362 4714 34
2363 4715 26
2363 4716 89
2364 4717 40
2364 4718 75
2365 4719 15
2365 4720 93
2366 4721 5
2366 4722 25
2367 4723 20
2367 4724 8
2368 4725 39
2368 4726 20
2369 4727 2
2369 4728 63
2370 4729 73
2370 4730 95
2371 4731 57
2371 4732 33
2372 4733 22
2372 4734 24
2373 4735 34
2373 4736 26
2374 4737 43
2374 4738 36
2375 4739 62
2375 4740 52
2376 4741 98
2376 4742 97
2377 4743 69
2377 4744 2
2378 4745 72
2378 4746 61
2379 4747 60
2379 4748 60
2380 4749 31
2380 4750 13
2381 4751 88
2381 4752 5
2382 4753 28
2382 4754 48
2383 4755 33
2383 4756 52
2384 4757 83
2384 4758 90
2385 4759 84
2385 4760 33
2386 4761 2
2386 4762 25
2387 4763 94
2387 4764 68
2388 4765 47
2388 4766 71
2389 4767 97
2389 4768 59
2390 4769 67
2390 4770 86
2391 4771 27
2391 4772 95
2392 4773 84
2392 4774 12
2393 4775 10
2393 4776 70
2394 4777 53
2394 4778 66
2395 4779 60
2395 4780 35
2396 4781 28
2396 4782 34
2397 4783 33
2397 4784 60
2398 4785 11
2398 4786 37
2399 4787 96
2399 4788 51
2400 4789 42
2400 4790 29
2401 4791 36
2401 4792 91
2402 4793 15
2402 4794 6
2403 4795 69
2403 4796 97
2404 4797 12
2404 4798 68
2405 4799 37
2405 4800 99
2406 4801 43
2406 4802 45
2407 4803 27
2407 4804 8
2408 4805 54
2408 4806 61
2409 4807 33
2409 4808 59
2410 4809 70
2410 4810 35
2411 4811 99
2411 4812 15
2412 4813 15
2412 4814 33
2413 4815 63
2413 4816 19
2414 4817 90
2414 4818 9
2415 4819 40
2415 4820 17
2416 4821 59
2416 4822 27
2417 4823 57
2417 4824 47
2418 4825 50
2418 4826 21
2419 4827 96
2419 4828 89
2420 4829 46
2420 4830 100
2421 4831 5
2421 4832 77
2422 4833 100
2422 4834 70
2423 4835 53
2423 4836 98
2424 4837 34
2424 4838 44
2425 4839 93
2425 4840 18
2426 4841 89
2426 4842 22
2427 4843 82
2427 4844 38
2428 4845 65
2428 4846 19
2429 4847 2
2429 4848 85
2430 4849 77
2430 4850 89
2431 4851 70
2431 4852 47
2432 4853 56
2432 4854 1
2433 4855 55
2433 4856 3
2434 4857 52
2434 4858 80
2435 4859 69
2435 4860 44
2436 4861 71
2436 4862 72
2437 4863 11
2437 4864 85
2438 4865 71
2438 4866 13
2439 4867 32
2439 4868 58
2440 4869 6
2440 4870 27
2441 4871 16
2441 4872 73
2442 4873 44
2442 4874 84
2443 4875 19
2443 4876 19
2444 4877 5
2444 4878 26
2445 4879 99
2445 4880 44
2446 4881 95
2446 4882 21
2447 4883 1
2447 4884 17
2448 4885 64
2448 4886 82
2449 4887 76
2449 4888 77
2450 4889 32
2450 4890 71
2451 4891 94
2451 4892 9
2452 4893 69
2452 4894 94
2453 4895 53
2453 4896 10
2454 4897 10
2454 4898 78
2455 4899 1
2455 4900 87
2456 4901 43
2456 4902 20
2457 4903 4
2457 4904 78
2458 4905 51
2458 4906 65
2459 4907 65
2459 4908 8
2460 4909 65
2460 4910 67
2461 4911 24
2461 4912 97
2462 4913 99
2462 4914 2
2463 4915 49
2463 4916 96
2464 4917 65
2464 4918 46
2465 4919 53
2465 4920 88
2466 4921 57
2466 4922 82
2467 4923 20
2467 4924 11
2468 4925 49
2468 4926 64
2469 4927 39
2469 4928 83
2470 4929 84
2470 4930 66
2471 4931 27
2471 4932 62
2472 4933 94
2472 4934 72
2473 4935 12
2473 4936 8
2474 4937 88
2474 4938 10
2475 4939 73
2475 4940 6
2476 4941 90
2476 4942 34
2477 4943 92
2477 4944 81
2478 4945 64
2478 4946 40
2479 4947 9
2479 4948 12
2480 4949 50
2480 4950 86
2481 4951 88
2481 4952 22
2482 4953 91
2482 4954 3
2483 4955 56
2483 4956 36
2484 4957 45
2484 4958 24
2485 4959 74
2485 4960 41
2486 4961 48
2486 4962 38
2487 4963 11
2487 4964 7
2488 4965 8
2488 4966 81
2489 4967 74
2489 4968 19
2490 4969 6
2490 4970 15
2491 4971 64
2491 4972 89
2492 4973 73
2492 4974 10
2493 4975 84
2493 4976 34
2494 4977 86
2494 4978 32
2495 4979 46
2495 4980 9
2496 4981 95
2496 4982 42
2497 4983 62
2497 4984 58
2498 4985 60
2498 4986 51
2499 4987 49
2499 4988 27
2500 4989 84
2500 4990 49
2501 4991 52
2501 4992 45
2502 4993 35
2502 4994 9
2503 4995 28
2503 4996 76
2504 4997 44
2504 4998 70
2505 4999 37
2505 5000 4
